2 0.000000 100.000000 410.334720
323 265 
1 -72.961727 0.000000 -73.928940 92.770475 0.000000 37.301218 0.000226 
2 87.806532 0.000000 -73.928940 92.785008 0.000000 37.214296 0.000604 
3 87.806532 0.000000 73.494202 92.963868 0.000000 36.880771 -0.000247 
4 -72.961727 0.000000 73.494202 92.814155 0.000000 37.297003 -0.000553 
5 7.422402 0.000000 -0.217369 85.937229 0.000000 22.251793 0.211965 
6 -72.961727 0.000000 -0.217369 92.795156 0.000000 37.321773 -0.000386 
7 7.422402 0.000000 -73.928940 92.732654 0.000000 37.245963 0.001339 
8 87.806532 0.000000 -0.217369 93.096362 0.000000 36.455564 0.000406 
9 7.422402 0.000000 73.494202 92.894668 0.000000 37.200421 -0.001329 
10 -32.769663 0.000000 -37.073155 92.724048 0.000000 37.324770 0.000911 
11 -72.961727 0.000000 -37.073155 92.774513 0.000000 37.313539 0.000059 
12 -32.769663 0.000000 -73.928940 92.749525 0.000000 37.291033 0.000690 
13 7.422402 0.000000 -37.073155 92.574873 0.000000 37.115040 0.005237 
14 -32.769663 0.000000 -0.217369 92.817266 0.000000 37.407231 -0.001435 
15 47.614467 0.000000 -37.073155 92.775034 0.000000 36.976972 0.002550 
16 47.614467 0.000000 -73.928940 92.759291 0.000000 37.208051 0.001127 
17 87.806532 0.000000 -37.073155 92.825069 0.000000 37.095011 0.000747 
18 47.614467 0.000000 -0.217369 93.757592 0.000000 34.589845 0.001306 
19 -32.769663 0.000000 36.638417 92.893909 0.000000 37.311031 -0.002139 
20 -72.961727 0.000000 36.638417 92.813934 0.000000 37.310580 -0.000651 
21 7.422402 0.000000 36.638417 93.184010 0.000000 36.970530 -0.005008 
22 -32.769663 0.000000 73.494202 92.848361 0.000000 37.278120 -0.001048 
23 -12.673630 0.000000 -18.645262 92.544518 0.000000 37.405504 0.003634 
24 -32.769663 0.000000 -18.645262 92.738513 0.000000 37.372340 0.000288 
25 -12.673630 0.000000 -37.073155 92.641272 0.000000 37.286146 0.002734 
26 7.422402 0.000000 -18.645262 92.036743 0.000000 36.701566 0.018223 
27 -12.673630 0.000000 -0.217369 92.881390 0.000000 37.731800 -0.005064 
28 47.614467 0.000000 36.638417 93.341665 0.000000 36.032578 -0.001101 
29 87.806532 0.000000 36.638417 88.800409 0.000000 47.224033 -0.011562 
30 47.614467 0.000000 73.494202 92.912636 0.000000 37.072420 -0.000712 
31 27.518435 0.000000 -18.645262 92.707713 0.000000 36.119279 0.010068 
32 27.518435 0.000000 -37.073155 92.671640 0.000000 36.961910 0.004578 
33 47.614467 0.000000 -18.645262 92.921508 0.000000 36.512746 0.003241 
34 27.518435 0.000000 -0.217369 93.766631 0.000000 33.455237 0.008857 
35 -12.673630 0.000000 18.210524 93.178540 0.000000 37.364640 -0.007836 
36 -32.769663 0.000000 18.210524 92.891056 0.000000 37.363400 -0.002477 
37 7.422402 0.000000 18.210524 94.068912 0.000000 36.308297 -0.016725 
38 -12.673630 0.000000 36.638417 93.021413 0.000000 37.243729 -0.004008 
39 -2.625614 0.000000 -9.431316 91.861681 0.000000 37.596232 0.014795 
40 -12.673630 0.000000 -9.431316 92.582975 0.000000 37.583787 0.001585 
41 -2.625614 0.000000 -18.645262 92.262263 0.000000 37.253966 0.009982 
42 7.422402 0.000000 -9.431316 90.613411 0.000000 35.791688 0.050816 
43 -2.625614 0.000000 -0.217369 93.051540 0.000000 39.431248 -0.021341 
44 27.518435 0.000000 18.210524 93.990025 0.000000 34.686794 -0.003730 
45 47.614467 0.000000 18.210524 89.392674 0.000000 45.744631 -0.008362 
46 27.518435 0.000000 36.638417 93.229499 0.000000 36.551418 -0.002775 
47 17.470418 0.000000 -9.431316 92.104708 0.000000 34.079986 0.035528 
48 17.470418 0.000000 -18.645262 92.322648 0.000000 36.143382 0.017018 
49 27.518435 0.000000 -9.431316 93.081440 0.000000 34.726734 0.012990 
50 17.470418 0.000000 -0.217369 90.101893 0.000000 41.519025 0.015782 
51 -2.625614 0.000000 8.996577 94.166931 0.000000 37.494676 -0.027326 
52 -12.673630 0.000000 8.996577 93.170496 0.000000 37.562854 -0.009171 
53 7.422402 0.000000 8.996577 96.151974 0.000000 34.977601 -0.046863 
54 -2.625614 0.000000 18.210524 93.599831 0.000000 37.134351 -0.013989 
55 2.398394 0.000000 -4.824342 89.743379 0.000000 37.051883 0.057328 
56 -2.625614 0.000000 -4.824342 91.702025 0.000000 38.280073 0.012537 
57 2.398394 0.000000 -9.431316 91.124153 0.000000 37.023353 0.032566 
58 7.422402 0.000000 -4.824342 88.142217 0.000000 34.461259 0.104337 
59 2.398394 0.000000 -0.217369 95.622892 0.000000 37.128073 -0.052223 
60 17.470418 0.000000 8.996577 88.475571 0.000000 39.392479 0.062031 
61 27.518435 0.000000 8.996577 83.669724 0.000000 59.752060 -0.057093 
62 17.470418 0.000000 18.210524 94.058132 0.000000 35.307175 -0.009353 
63 2.398394 0.000000 4.389604 97.023257 0.000000 37.079535 -0.078840 
64 -2.625614 0.000000 4.389604 94.379217 0.000000 38.250612 -0.037055 
65 7.422402 0.000000 4.389604 98.926947 0.000000 34.358363 -0.096704 
66 2.398394 0.000000 8.996577 95.255639 0.000000 36.712232 -0.042142 
67 12.446410 0.000000 4.389604 83.105585 0.000000 50.410532 0.055224 
68 12.446410 0.000000 -0.217369 54.617854 0.000000 -17.408981 0.671382 
69 17.470418 0.000000 4.389604 87.989024 0.000000 42.145351 0.048170 
70 12.446410 0.000000 8.996577 95.597066 0.000000 33.322584 -0.024919 
71 4.910398 0.000000 2.086117 97.083179 0.000000 41.890594 -0.117997 
72 2.398394 0.000000 2.086117 98.543231 0.000000 37.548535 -0.112066 
73 4.910398 0.000000 -0.217369 84.346021 0.000000 47.126552 0.066484 
74 7.422402 0.000000 2.086117 92.224607 0.000000 52.668857 -0.127939 
75 4.910398 0.000000 4.389604 98.175785 0.000000 35.863482 -0.092467 
76 12.446410 0.000000 -4.824342 90.019816 0.000000 31.520813 0.090287 
77 12.446410 0.000000 -9.431316 91.085012 0.000000 34.459822 0.051604 
78 17.470418 0.000000 -4.824342 92.371452 0.000000 32.258449 0.042691 
79 4.910398 0.000000 -2.520856 88.286898 0.000000 35.215878 0.096527 
80 2.398394 0.000000 -2.520856 87.919347 0.000000 35.552310 0.100622 
81 4.910398 0.000000 -4.824342 89.001871 0.000000 36.048724 0.077916 
82 7.422402 0.000000 -2.520856 85.932687 0.000000 33.129596 0.151800 
83 9.934406 0.000000 2.086117 96.584416 0.000000 34.268203 -0.050286 
84 9.934406 0.000000 -0.217369 91.967637 0.000000 -2.210991 0.153707 
85 12.446410 0.000000 2.086117 89.350906 0.000000 30.524209 0.108469 
86 9.934406 0.000000 4.389604 94.750577 0.000000 38.589351 -0.046681 
87 6.166400 0.000000 0.934374 106.934322 0.000000 35.433487 -0.269048 
88 4.910398 0.000000 0.934374 84.450299 0.000000 68.813610 -0.186717 
89 6.166400 0.000000 -0.217369 78.814882 0.000000 26.149161 0.310444 
90 7.422402 0.000000 0.934374 94.358456 0.000000 -2.261134 0.109137 
91 6.166400 0.000000 2.086117 94.563328 0.000000 50.715149 -0.151425 
92 9.934406 0.000000 -2.520856 86.784954 0.000000 30.659205 0.152838 
93 9.934406 0.000000 -4.824342 88.401978 0.000000 32.514695 0.112788 
94 12.446410 0.000000 -2.520856 91.120599 0.000000 30.582804 0.076173 
95 6.166400 0.000000 -1.369112 85.086819 0.000000 33.858693 0.161382 
96 4.910398 0.000000 -1.369112 89.893477 0.000000 34.781982 0.070938 
97 6.166400 0.000000 -2.520856 86.705792 0.000000 34.549773 0.128842 
98 7.422402 0.000000 -1.369112 84.990596 0.000000 31.963855 0.175491 
99 8.678404 0.000000 0.934374 93.772864 0.000000 -2.472851 0.120053 
100 8.678404 0.000000 -0.217369 93.772864 0.000000 -2.472851 0.120053 
101 9.934406 0.000000 0.934374 97.630816 0.000000 13.853477 0.027630 
102 8.678404 0.000000 2.086117 86.359450 0.000000 68.945765 -0.221147 
103 6.794401 0.000000 0.358503 94.869819 0.000000 -1.883796 0.099617 
104 6.166400 0.000000 0.358503 97.202408 0.000000 10.046674 0.045076 
105 6.794401 0.000000 -0.217369 83.246616 0.000000 22.238217 0.257546 
106 7.422402 0.000000 0.358503 94.403981 0.000000 -2.268660 0.108274 
107 6.794401 0.000000 0.934374 103.477558 0.000000 20.582653 -0.113125 
108 -52.865695 0.000000 18.210524 92.827576 0.000000 37.334097 -0.001079 
109 -72.961727 0.000000 18.210524 92.806877 0.000000 37.318047 -0.000575 
110 -52.865695 0.000000 -0.217369 92.801432 0.000000 37.344539 -0.000672 
111 -52.865695 0.000000 36.638417 92.838071 0.000000 37.315319 -0.001134 
112 -22.721646 0.000000 8.996577 92.938673 0.000000 37.454594 -0.004044 
113 -32.769663 0.000000 8.996577 92.863366 0.000000 37.392983 -0.002184 
114 -22.721646 0.000000 -0.217369 92.836456 0.000000 37.493689 -0.002438 
115 -22.721646 0.000000 18.210524 92.979515 0.000000 37.384498 -0.004279 
116 -7.649622 0.000000 4.389604 93.359867 0.000000 37.905731 -0.015291 
117 -12.673630 0.000000 4.389604 93.064635 0.000000 37.677303 -0.008061 
118 -7.649622 0.000000 -0.217369 92.932383 0.000000 38.086024 -0.008697 
119 -7.649622 0.000000 8.996577 93.492411 0.000000 37.615446 -0.015575 
120 -0.113610 0.000000 2.086117 96.107298 0.000000 39.569275 -0.080234 
121 -2.625614 0.000000 2.086117 94.092306 0.000000 38.984315 -0.037314 
122 -0.113610 0.000000 -0.217369 95.027802 0.000000 42.338724 -0.082285 
123 -0.113610 0.000000 4.389604 95.619564 0.000000 38.057362 -0.059146 
124 3.654396 0.000000 0.934374 89.261947 0.000000 47.781371 -0.025075 
125 2.398394 0.000000 0.934374 99.709429 0.000000 39.221095 -0.148026 
126 3.654396 0.000000 -0.217369 91.281276 0.000000 8.447818 0.159636 
127 3.654396 0.000000 2.086117 97.449493 0.000000 37.934645 -0.093544 
128 5.538399 0.000000 0.358503 90.019277 0.000000 42.013106 0.013143 
129 4.910398 0.000000 0.358503 86.954442 0.000000 54.107364 -0.048868 
130 5.538399 0.000000 -0.217369 85.210331 0.000000 50.065135 0.023268 
131 5.538399 0.000000 0.934374 96.672462 0.000000 59.820528 -0.292406 
132 -12.673630 0.000000 55.066309 92.923838 0.000000 37.238875 -0.002157 
133 -32.769663 0.000000 55.066309 92.870701 0.000000 37.286304 -0.001524 
134 7.422402 0.000000 55.066309 92.974517 0.000000 37.135348 -0.002329 
135 -12.673630 0.000000 73.494202 92.872940 0.000000 37.248892 -0.001286 
136 -2.625614 0.000000 27.424470 93.279759 0.000000 37.111819 -0.007840 
137 -12.673630 0.000000 27.424470 93.097629 0.000000 37.274821 -0.005658 
138 7.422402 0.000000 27.424470 93.438804 0.000000 36.774315 -0.008316 
139 -2.625614 0.000000 36.638417 93.112182 0.000000 37.142075 -0.004941 
140 2.398394 0.000000 13.603551 94.365122 0.000000 36.710387 -0.025243 
141 -2.625614 0.000000 13.603551 93.851313 0.000000 37.228694 -0.019404 
142 7.422402 0.000000 13.603551 94.740259 0.000000 35.854601 -0.026127 
143 2.398394 0.000000 18.210524 93.861656 0.000000 36.807734 -0.016482 
144 4.910398 0.000000 6.693091 96.817526 0.000000 35.777882 -0.065369 
145 2.398394 0.000000 6.693091 95.943930 0.000000 36.809430 -0.056017 
146 7.422402 0.000000 6.693091 97.400391 0.000000 34.366306 -0.066788 
147 4.910398 0.000000 8.996577 95.785371 0.000000 35.955581 -0.046764 
148 6.166400 0.000000 3.237861 99.261479 0.000000 36.704297 -0.120005 
149 4.910398 0.000000 3.237861 98.689116 0.000000 36.657885 -0.108334 
150 7.422402 0.000000 3.237861 97.724206 0.000000 38.801523 -0.105558 
151 6.166400 0.000000 4.389604 98.760474 0.000000 35.095394 -0.098532 
152 6.794401 0.000000 1.510246 92.828444 0.000000 57.934886 -0.197357 
153 6.166400 0.000000 1.510246 93.258173 0.000000 60.593269 -0.236863 
154 7.422402 0.000000 1.510246 94.026459 0.000000 46.754993 -0.102700 
155 6.794401 0.000000 2.086117 91.814218 0.000000 55.100760 -0.146594 
156 6.480401 0.000000 0.646438 96.075832 0.000000 -0.136969 0.076942 
157 6.166400 0.000000 0.646438 97.475011 0.000000 8.282025 0.043003 
158 6.480401 0.000000 0.358503 96.132600 0.000000 -0.392225 0.075837 
159 6.794401 0.000000 0.646438 94.988912 0.000000 -1.815147 0.097381 
160 6.480401 0.000000 0.934374 105.718016 0.000000 25.904891 -0.184736 
161 8.678404 0.000000 -1.369112 85.765276 0.000000 31.987483 0.162112 
162 8.678404 0.000000 -2.520856 86.136556 0.000000 31.757209 0.157197 
163 9.934406 0.000000 -1.369112 86.421226 0.000000 32.338803 0.148557 
164 8.050403 0.000000 0.358503 94.075682 0.000000 -2.427508 0.114387 
165 8.050403 0.000000 -0.217369 94.048144 0.000000 -2.427769 0.114905 
166 8.678404 0.000000 0.358503 93.744896 0.000000 -2.465925 0.120581 
167 8.050403 0.000000 0.934374 94.048144 0.000000 -2.427769 0.114905 
168 67.710499 0.000000 18.210524 92.278471 0.000000 38.521836 0.000075 
169 67.710499 0.000000 -0.217369 93.306582 0.000000 35.874684 0.000689 
170 87.806532 0.000000 18.210524 94.033773 0.000000 34.161224 -0.000934 
171 67.710499 0.000000 36.638417 93.680216 0.000000 35.100291 -0.000801 
172 37.566451 0.000000 8.996577 92.159562 0.000000 38.663570 0.001174 
173 37.566451 0.000000 -0.217369 94.072530 0.000000 33.528861 0.002617 
174 47.614467 0.000000 8.996577 93.532688 0.000000 35.300911 0.000548 
175 37.566451 0.000000 18.210524 92.516754 0.000000 38.056630 -0.000766 
176 22.494427 0.000000 4.389604 92.131330 0.000000 35.884438 0.022413 
177 22.494427 0.000000 -0.217369 92.983070 0.000000 35.400682 0.010094 
178 27.518435 0.000000 4.389604 90.368897 0.000000 42.554278 0.002260 
179 22.494427 0.000000 8.996577 91.098410 0.000000 41.009110 0.001933 
180 14.958414 0.000000 2.086117 78.411384 0.000000 71.992306 -0.133124 
181 14.958414 0.000000 -0.217369 85.664114 0.000000 51.661556 -0.000726 
182 17.470418 0.000000 2.086117 80.106467 0.000000 52.126999 0.086573 
183 14.958414 0.000000 4.389604 92.118842 0.000000 37.641111 0.009727 
184 11.190408 0.000000 0.934374 91.369284 0.000000 15.863813 0.139999 
185 11.190408 0.000000 -0.217369 77.983353 0.000000 20.646313 0.349233 
186 12.446410 0.000000 0.934374 68.274350 0.000000 39.594510 0.377089 
187 11.190408 0.000000 2.086117 94.834439 0.000000 30.296650 0.008854 
188 9.306405 0.000000 0.358503 93.086996 0.000000 -2.405483 0.132902 
189 9.306405 0.000000 -0.217369 93.071371 0.000000 -2.406089 0.133193 
190 9.934406 0.000000 0.358503 91.995047 0.000000 -2.211333 0.153202 
191 9.306405 0.000000 0.934374 93.071371 0.000000 -2.406089 0.133193 
192 67.710499 0.000000 -18.645262 92.920639 0.000000 36.776550 0.001324 
193 67.710499 0.000000 -37.073155 92.815707 0.000000 37.040910 0.001322 
194 87.806532 0.000000 -18.645262 92.894301 0.000000 36.930985 0.000675 
195 37.566451 0.000000 -9.431316 93.223509 0.000000 35.436597 0.005362 
196 37.566451 0.000000 -18.645262 92.882331 0.000000 36.328464 0.005312 
197 47.614467 0.000000 -9.431316 93.173838 0.000000 35.934827 0.002732 
198 22.494427 0.000000 -4.824342 93.263250 0.000000 32.867206 0.022171 
199 22.494427 0.000000 -9.431316 92.773003 0.000000 34.330649 0.021458 
200 27.518435 0.000000 -4.824342 93.569207 0.000000 33.505897 0.012216 
201 14.958414 0.000000 -2.520856 91.930633 0.000000 33.330429 0.043784 
202 14.958414 0.000000 -4.824342 91.523715 0.000000 31.854943 0.060867 
203 17.470418 0.000000 -2.520856 92.429125 0.000000 33.069428 0.036327 
204 11.190408 0.000000 -1.369112 87.522989 0.000000 30.320443 0.142040 
205 11.190408 0.000000 -2.520856 88.528948 0.000000 29.929328 0.126686 
206 12.446410 0.000000 -1.369112 94.653108 0.000000 29.951746 0.014368 
207 10.562407 0.000000 0.358503 89.115820 0.000000 -1.580312 0.205587 
208 10.562407 0.000000 -0.217369 84.393559 0.000000 26.432915 0.217903 
209 11.190408 0.000000 0.358503 80.453160 0.000000 -6.366107 0.348676 
210 10.562407 0.000000 0.934374 95.807746 0.000000 14.919010 0.059830 
211 10.562407 0.000000 -0.793241 85.764832 0.000000 33.204503 0.154185 
212 9.934406 0.000000 -0.793241 86.553414 0.000000 33.896486 0.135953 
213 10.562407 0.000000 -1.369112 86.708018 0.000000 31.841256 0.146785 
214 11.190408 0.000000 -0.793241 84.887441 0.000000 30.208386 0.188158 
215 13.702412 0.000000 0.934374 61.696552 0.000000 76.818661 0.029243 
216 13.702412 0.000000 -0.217369 79.265368 0.000000 74.476497 -0.182975 
217 14.958414 0.000000 0.934374 74.790869 0.000000 71.951364 -0.077067 
218 13.702412 0.000000 2.086117 84.850710 0.000000 45.398991 0.073929 
219 11.818409 0.000000 0.358503 59.884641 0.000000 -20.146273 0.600796 
220 11.818409 0.000000 -0.217369 53.286795 0.000000 -21.113045 0.671476 
221 12.446410 0.000000 0.358503 42.157024 0.000000 28.480973 0.741162 
222 11.818409 0.000000 0.934374 80.296029 0.000000 22.514215 0.304566 
223 10.876408 0.000000 0.070567 86.875853 0.000000 -1.720868 0.244962 
224 10.562407 0.000000 0.070567 89.205093 0.000000 -1.611107 0.203986 
225 10.876408 0.000000 -0.217369 81.519045 0.000000 24.926904 0.273329 
226 11.190408 0.000000 0.070567 78.335628 0.000000 -8.355388 0.379372 
227 10.876408 0.000000 0.358503 86.644016 0.000000 -1.280260 0.249118 
228 -52.865695 0.000000 -18.645262 92.773943 0.000000 37.337475 -0.000109 
229 -72.961727 0.000000 -18.645262 92.782931 0.000000 37.319680 -0.000143 
230 -52.865695 0.000000 -37.073155 92.760185 0.000000 37.321223 0.000267 
231 -52.865695 0.000000 55.066309 92.835207 0.000000 37.300233 -0.000968 
232 -72.961727 0.000000 55.066309 92.815741 0.000000 37.302904 -0.000627 
233 -52.865695 0.000000 73.494202 92.828106 0.000000 37.291792 -0.000773 
234 -22.721646 0.000000 -9.431316 92.731943 0.000000 37.461827 -0.000260 
235 -32.769663 0.000000 -9.431316 92.770052 0.000000 37.397713 -0.000487 
236 -22.721646 0.000000 -18.645262 92.680936 0.000000 37.400931 0.001141 
237 27.518435 0.000000 55.066309 92.996443 0.000000 36.995881 -0.001703 
238 47.614467 0.000000 55.066309 93.016806 0.000000 36.838754 -0.000922 
239 27.518435 0.000000 73.494202 92.905121 0.000000 37.139262 -0.001069 
240 -22.721646 0.000000 27.424470 92.972464 0.000000 37.327214 -0.003720 
241 -32.769663 0.000000 27.424470 92.899069 0.000000 37.333454 -0.002402 
242 -22.721646 0.000000 36.638417 92.945914 0.000000 37.292356 -0.002966 
243 -7.649622 0.000000 -4.824342 92.504029 0.000000 37.922257 0.000491 
244 -12.673630 0.000000 -4.824342 92.696480 0.000000 37.686401 -0.001290 
245 -7.649622 0.000000 -9.431316 92.355571 0.000000 37.654871 0.005256 
246 17.470418 0.000000 27.424470 93.486626 0.000000 36.342801 -0.006055 
247 27.518435 0.000000 27.424470 93.504925 0.000000 35.927716 -0.003397 
248 17.470418 0.000000 36.638417 93.212582 0.000000 36.763363 -0.004013 
249 -7.649622 0.000000 13.603551 93.450869 0.000000 37.415857 -0.013301 
250 -12.673630 0.000000 13.603551 93.197774 0.000000 37.449337 -0.008828 
251 -7.649622 0.000000 18.210524 93.354240 0.000000 37.294500 -0.010589 
252 -0.113610 0.000000 -2.520856 89.807513 0.000000 39.288931 0.039099 
253 -2.625614 0.000000 -2.520856 91.968537 0.000000 39.000635 0.002074 
254 -0.113610 0.000000 -4.824342 90.681947 0.000000 38.065666 0.032779 
255 12.446410 0.000000 13.603551 94.730386 0.000000 34.881342 -0.019055 
256 17.470418 0.000000 13.603551 94.373268 0.000000 34.390677 -0.008903 
257 12.446410 0.000000 18.210524 94.112046 0.000000 35.779050 -0.013722 
258 -0.113610 0.000000 6.693091 95.085948 0.000000 37.493657 -0.044711 
259 -2.625614 0.000000 6.693091 94.327615 0.000000 37.777650 -0.032485 
260 -0.113610 0.000000 8.996577 94.692517 0.000000 37.210081 -0.035126 
261 9.934406 0.000000 6.693091 97.095217 0.000000 33.072671 -0.052128 
262 12.446410 0.000000 6.693091 95.027648 0.000000 33.909422 -0.018010 
263 9.934406 0.000000 8.996577 96.121984 0.000000 33.960098 -0.039272 
264 3.654396 0.000000 3.237861 98.069883 0.000000 36.801188 -0.097203 
265 2.398394 0.000000 3.237861 97.672936 0.000000 37.295477 -0.093096 
266 3.654396 0.000000 4.389604 97.552997 0.000000 36.444861 -0.084482 
267 3.654396 0.000000 -1.369112 90.046848 0.000000 28.468967 0.108108 
268 2.398394 0.000000 -1.369112 85.818775 0.000000 28.456936 0.182534 
269 3.654396 0.000000 -2.520856 88.700220 0.000000 34.804632 0.092091 
270 8.678404 0.000000 3.237861 90.917524 0.000000 49.497836 -0.071603 
271 9.934406 0.000000 3.237861 89.241485 0.000000 48.634993 -0.032941 
272 8.678404 0.000000 4.389604 98.040108 0.000000 34.647513 -0.081231 
273 5.538399 0.000000 1.510246 91.288688 0.000000 61.566467 -0.212405 
274 4.910398 0.000000 1.510246 91.613563 0.000000 53.902350 -0.129851 
275 5.538399 0.000000 2.086117 96.630522 0.000000 45.567443 -0.141385 
276 8.050403 0.000000 1.510246 97.273330 0.000000 33.188644 -0.056359 
277 8.678404 0.000000 1.510246 98.841293 0.000000 27.574528 -0.052996 
278 8.050403 0.000000 2.086117 93.383024 0.000000 50.833196 -0.130440 
279 9.306405 0.000000 -0.793241 86.701257 0.000000 33.185395 0.138162 
280 8.678404 0.000000 -0.793241 86.441971 0.000000 32.180834 0.149218 
281 9.306405 0.000000 -1.369112 86.128429 0.000000 32.245023 0.154215 
282 8.050403 0.000000 -0.793241 85.921438 0.000000 31.066666 0.165237 
283 7.422402 0.000000 -0.793241 85.081848 0.000000 30.346744 0.184015 
284 8.050403 0.000000 -1.369112 85.394883 0.000000 31.784125 0.169748 
285 13.702412 0.000000 -1.369112 94.558610 0.000000 40.193558 -0.055685 
286 13.702412 0.000000 -2.520856 92.164109 0.000000 32.604400 0.044273 
287 14.958414 0.000000 -1.369112 91.071309 0.000000 38.815860 0.019935 
288 11.818409 0.000000 -0.793241 87.447592 0.000000 24.203338 0.176712 
289 11.818409 0.000000 -1.369112 90.081957 0.000000 28.921610 0.104878 
290 12.446410 0.000000 -0.793241 99.036300 0.000000 22.085913 -0.029598 
291 67.710499 0.000000 55.066309 93.078655 0.000000 36.618773 -0.000457 
292 87.806532 0.000000 55.066309 93.224526 0.000000 36.224818 -0.000305 
293 67.710499 0.000000 73.494202 92.928738 0.000000 36.993080 -0.000424 
294 37.566451 0.000000 27.424470 93.600471 0.000000 35.464671 -0.001879 
295 47.614467 0.000000 27.424470 93.780399 0.000000 34.911356 -0.001357 
296 37.566451 0.000000 36.638417 93.267638 0.000000 36.319410 -0.001795 
297 22.494427 0.000000 13.603551 93.917010 0.000000 34.965655 -0.004300 
298 27.518435 0.000000 13.603551 91.300399 0.000000 41.193466 -0.003266 
299 22.494427 0.000000 18.210524 94.010984 0.000000 34.943580 -0.005912 
300 14.958414 0.000000 6.693091 86.563335 0.000000 47.098497 0.028852 
301 17.470418 0.000000 6.693091 89.302298 0.000000 43.605367 0.012367 
302 14.958414 0.000000 8.996577 94.408075 0.000000 33.635277 -0.004422 
303 11.190408 0.000000 3.237861 90.026759 0.000000 42.257098 0.010952 
304 12.446410 0.000000 3.237861 90.714857 0.000000 37.943013 0.033114 
305 11.190408 0.000000 4.389604 85.360816 0.000000 52.881333 -0.008290 
306 6.794401 0.000000 -0.793241 83.926901 0.000000 30.531663 0.202409 
307 6.166400 0.000000 -0.793241 83.237824 0.000000 32.687195 0.200301 
308 6.794401 0.000000 -1.369112 84.697287 0.000000 32.545524 0.176716 
309 5.538399 0.000000 -0.793241 85.320308 0.000000 36.386312 0.139648 
310 4.910398 0.000000 -0.793241 93.041547 0.000000 36.918003 -0.001967 
311 5.538399 0.000000 -1.369112 86.811094 0.000000 35.311524 0.121693 
312 9.306405 0.000000 1.510246 96.037130 0.000000 36.318335 -0.054215 
313 9.934406 0.000000 1.510246 97.729527 0.000000 25.289681 -0.019063 
314 9.306405 0.000000 2.086117 92.857048 0.000000 48.327331 -0.095796 
315 13.702412 0.000000 3.237861 92.169676 0.000000 35.546250 0.024122 
316 14.958414 0.000000 3.237861 90.819516 0.000000 38.619582 0.026034 
317 13.702412 0.000000 4.389604 89.898765 0.000000 41.073301 0.023120 
318 10.562407 0.000000 1.510246 96.709191 0.000000 23.513473 0.009445 
319 11.190408 0.000000 1.510246 93.648132 0.000000 24.325625 0.063829 
320 10.562407 0.000000 2.086117 96.629928 0.000000 30.108474 -0.024386 
321 11.818409 0.000000 1.510246 88.315332 0.000000 28.294913 0.139980 
322 12.446410 0.000000 1.510246 82.433157 0.000000 36.473230 0.187448 
323 11.818409 0.000000 2.086117 87.347279 0.000000 35.484440 0.111131 
1 1 12 10 11 
2 12 7 13 10 
3 7 16 15 13 
4 16 2 17 15 
5 10 25 23 24 
6 25 13 26 23 
7 13 32 31 26 
8 32 15 33 31 
9 23 41 39 40 
10 41 26 42 39 
11 26 48 47 42 
12 48 31 49 47 
13 39 57 55 56 
14 57 42 58 55 
15 42 77 76 58 
16 77 47 78 76 
17 55 81 79 80 
18 81 58 82 79 
19 58 93 92 82 
20 93 76 94 92 
21 79 97 95 96 
22 97 82 98 95 
23 89 105 103 104 
24 105 5 106 103 
25 103 106 90 107 
26 6 110 108 109 
27 110 14 36 108 
28 108 36 19 111 
29 109 108 111 20 
30 14 114 112 113 
31 114 27 52 112 
32 112 52 35 115 
33 113 112 115 36 
34 27 118 116 117 
35 118 43 64 116 
36 116 64 51 119 
37 117 116 119 52 
38 43 122 120 121 
39 122 59 72 120 
40 120 72 63 123 
41 121 120 123 64 
42 59 126 124 125 
43 126 73 88 124 
44 124 88 71 127 
45 125 124 127 72 
46 73 130 128 129 
47 130 89 104 128 
48 128 104 87 131 
49 129 128 131 88 
50 19 38 132 133 
51 38 21 134 132 
52 132 134 9 135 
53 133 132 135 22 
54 35 54 136 137 
55 54 37 138 136 
56 136 138 21 139 
57 137 136 139 38 
58 51 66 140 141 
59 66 53 142 140 
60 140 142 37 143 
61 141 140 143 54 
62 63 75 144 145 
63 75 65 146 144 
64 144 146 53 147 
65 145 144 147 66 
66 71 91 148 149 
67 91 74 150 148 
68 148 150 65 151 
69 149 148 151 75 
70 87 107 152 153 
71 107 90 154 152 
72 152 154 74 155 
73 153 152 155 91 
74 104 158 156 157 
75 158 103 159 156 
76 156 159 107 160 
77 157 156 160 87 
78 82 162 161 98 
79 162 92 163 161 
80 5 165 164 106 
81 165 100 166 164 
82 164 166 99 167 
83 106 164 167 90 
84 18 169 168 45 
85 169 8 170 168 
86 168 170 29 171 
87 45 168 171 28 
88 34 173 172 61 
89 173 18 174 172 
90 172 174 45 175 
91 61 172 175 44 
92 50 177 176 69 
93 177 34 178 176 
94 176 178 61 179 
95 69 176 179 60 
96 181 50 182 180 
97 180 182 69 183 
98 100 189 188 166 
99 189 84 190 188 
100 188 190 101 191 
101 166 188 191 99 
102 15 193 192 33 
103 193 17 194 192 
104 192 194 8 169 
105 33 192 169 18 
106 31 196 195 49 
107 196 33 197 195 
108 195 197 18 173 
109 49 195 173 34 
110 47 199 198 78 
111 199 49 200 198 
112 198 200 34 177 
113 78 198 177 50 
114 76 202 201 94 
115 202 78 203 201 
116 201 203 50 181 
117 92 205 204 163 
118 205 94 206 204 
119 84 208 207 190 
120 207 209 184 210 
121 190 207 210 101 
122 163 213 211 212 
123 213 204 214 211 
124 211 214 185 208 
125 212 211 208 84 
126 68 216 215 186 
127 216 181 217 215 
128 215 217 180 218 
129 186 215 218 85 
130 185 220 219 209 
131 220 68 221 219 
132 219 221 186 222 
133 209 219 222 184 
134 208 225 223 224 
135 225 185 226 223 
136 223 226 209 227 
137 224 223 227 207 
138 11 230 228 229 
139 230 10 24 228 
140 228 24 14 110 
141 229 228 110 6 
142 20 111 231 232 
143 111 19 133 231 
144 231 133 22 233 
145 232 231 233 4 
146 24 236 234 235 
147 236 23 40 234 
148 234 40 27 114 
149 235 234 114 14 
150 21 46 237 134 
151 46 28 238 237 
152 237 238 30 239 
153 134 237 239 9 
154 36 115 240 241 
155 115 35 137 240 
156 240 137 38 242 
157 241 240 242 19 
158 40 245 243 244 
159 245 39 56 243 
160 243 56 43 118 
161 244 243 118 27 
162 37 62 246 138 
163 62 44 247 246 
164 246 247 46 248 
165 138 246 248 21 
166 52 119 249 250 
167 119 51 141 249 
168 249 141 54 251 
169 250 249 251 35 
170 56 254 252 253 
171 254 55 80 252 
172 252 80 59 122 
173 253 252 122 43 
174 53 70 255 142 
175 70 60 256 255 
176 255 256 62 257 
177 142 255 257 37 
178 64 123 258 259 
179 123 63 145 258 
180 258 145 66 260 
181 259 258 260 51 
182 65 86 261 146 
183 86 67 262 261 
184 261 262 70 263 
185 146 261 263 53 
186 72 127 264 265 
187 127 71 149 264 
188 264 149 75 266 
189 265 264 266 63 
190 80 269 267 268 
191 269 79 96 267 
192 267 96 73 126 
193 268 267 126 59 
194 74 102 270 150 
195 102 83 271 270 
196 270 271 86 272 
197 150 270 272 65 
198 88 131 273 274 
199 131 87 153 273 
200 273 153 91 275 
201 274 273 275 71 
202 90 167 276 154 
203 167 99 277 276 
204 276 277 102 278 
205 154 276 278 74 
206 161 281 279 280 
207 281 163 212 279 
208 279 212 84 189 
209 280 279 189 100 
210 98 284 282 283 
211 284 161 280 282 
212 282 280 100 165 
213 283 282 165 5 
214 94 286 285 206 
215 286 201 287 285 
216 285 287 181 216 
217 206 285 216 68 
218 204 289 288 214 
219 289 206 290 288 
220 288 290 68 220 
221 214 288 220 185 
222 28 171 291 238 
223 171 29 292 291 
224 291 292 3 293 
225 238 291 293 30 
226 44 175 294 247 
227 175 45 295 294 
228 294 295 28 296 
229 247 294 296 46 
230 60 179 297 256 
231 179 61 298 297 
232 297 298 44 299 
233 256 297 299 62 
234 67 183 300 262 
235 183 69 301 300 
236 300 301 60 302 
237 262 300 302 70 
238 83 187 303 271 
239 187 85 304 303 
240 303 304 67 305 
241 271 303 305 86 
242 95 308 306 307 
243 308 98 283 306 
244 306 283 5 105 
245 307 306 105 89 
246 96 311 309 310 
247 311 95 307 309 
248 309 307 89 130 
249 310 309 130 73 
250 99 191 312 277 
251 191 101 313 312 
252 312 313 83 314 
253 277 312 314 102 
254 85 218 315 304 
255 218 180 316 315 
256 315 316 183 317 
257 304 315 317 67 
258 101 210 318 313 
259 210 184 319 318 
260 318 319 187 320 
261 313 318 320 83 
262 184 222 321 319 
263 222 186 322 321 
264 321 322 85 323 
265 319 321 323 187 
