2 0.000000 100.000000 410.334720
323 265 
1 -72.961727 0.000000 -73.928940 99.944485 0.000000 -3.309232 0.000015 
2 87.806532 0.000000 -73.928940 99.943827 0.000000 -3.316050 0.000024 
3 87.806532 0.000000 73.494202 99.946265 0.000000 -3.315391 -0.000025 
4 -72.961727 0.000000 73.494202 99.945900 0.000000 -3.309185 -0.000013 
5 7.422402 0.000000 -0.217369 95.755590 0.000000 -3.196332 0.082065 
6 -72.961727 0.000000 -0.217369 99.945138 0.000000 -3.308628 0.000002 
7 7.422402 0.000000 -73.928940 99.942057 0.000000 -3.311492 0.000062 
8 87.806532 0.000000 -0.217369 99.963054 0.000000 -2.771142 -0.000029 
9 7.422402 0.000000 73.494202 99.948309 0.000000 -3.311371 -0.000063 
10 -32.769663 0.000000 -37.073155 99.943219 0.000000 -3.308191 0.000041 
11 -72.961727 0.000000 -37.073155 99.944625 0.000000 -3.308858 0.000012 
12 -32.769663 0.000000 -73.928940 99.943546 0.000000 -3.309524 0.000033 
13 7.422402 0.000000 -37.073155 99.933546 0.000000 -3.312252 0.000232 
14 -32.769663 0.000000 -0.217369 99.944729 0.000000 -3.307471 0.000011 
15 47.614467 0.000000 -37.073155 99.938748 0.000000 -3.331656 0.000115 
16 47.614467 0.000000 -73.928940 99.942508 0.000000 -3.314753 0.000051 
17 87.806532 0.000000 -37.073155 99.943240 0.000000 -3.333427 0.000024 
18 47.614467 0.000000 -0.217369 99.959472 0.000000 -2.876640 -0.000017 
19 -32.769663 0.000000 36.638417 99.946972 0.000000 -3.307903 -0.000034 
20 -72.961727 0.000000 36.638417 99.945702 0.000000 -3.308803 -0.000009 
21 7.422402 0.000000 36.638417 99.957074 0.000000 -3.311971 -0.000239 
22 -32.769663 0.000000 73.494202 99.946832 0.000000 -3.309422 -0.000032 
23 -12.673630 0.000000 -18.645262 99.944991 0.000000 -3.303096 0.000009 
24 -32.769663 0.000000 -18.645262 99.944068 0.000000 -3.307480 0.000024 
25 -12.673630 0.000000 -37.073155 99.940487 0.000000 -3.307733 0.000096 
26 7.422402 0.000000 -18.645262 99.911382 0.000000 -3.288849 0.000690 
27 -12.673630 0.000000 -0.217369 99.941721 0.000000 -3.314730 0.000066 
28 47.614467 0.000000 36.638417 99.950473 0.000000 -3.330373 -0.000119 
29 87.806532 0.000000 36.638417 99.945836 0.000000 -3.329527 -0.000026 
30 47.614467 0.000000 73.494202 99.947689 0.000000 -3.314481 -0.000053 
31 27.518435 0.000000 -18.645262 99.916482 0.000000 -3.359206 0.000541 
32 27.518435 0.000000 -37.073155 99.933112 0.000000 -3.325373 0.000232 
33 47.614467 0.000000 -18.645262 99.937232 0.000000 -3.363682 0.000124 
34 27.518435 0.000000 -0.217369 99.945192 0.000000 -3.204693 0.000069 
35 -12.673630 0.000000 18.210524 99.944233 0.000000 -3.301103 0.000025 
36 -32.769663 0.000000 18.210524 99.945748 0.000000 -3.307119 -0.000009 
37 7.422402 0.000000 18.210524 99.982567 0.000000 -3.287841 -0.000732 
38 -12.673630 0.000000 36.638417 99.949814 0.000000 -3.307156 -0.000090 
39 -2.625614 0.000000 -9.431316 99.996022 0.000000 -3.267468 -0.000988 
40 -12.673630 0.000000 -9.431316 99.951176 0.000000 -3.306645 -0.000117 
41 -2.625614 0.000000 -18.645262 99.941469 0.000000 -3.290761 0.000087 
42 7.422402 0.000000 -9.431316 99.849509 0.000000 -3.127111 0.002030 
43 -2.625614 0.000000 -0.217369 99.878192 0.000000 -3.517305 0.001198 
44 27.518435 0.000000 18.210524 99.971344 0.000000 -3.361695 -0.000557 
45 47.614467 0.000000 18.210524 99.949770 0.000000 -3.362243 -0.000126 
46 27.518435 0.000000 36.638417 99.956712 0.000000 -3.325271 -0.000240 
47 17.470418 0.000000 -9.431316 99.832065 0.000000 -3.315647 0.002257 
48 17.470418 0.000000 -18.645262 99.897412 0.000000 -3.332196 0.000940 
49 27.518435 0.000000 -9.431316 99.912156 0.000000 -3.328689 0.000648 
50 17.470418 0.000000 -0.217369 99.879397 0.000000 -3.547197 0.001152 
51 -2.625614 0.000000 8.996577 99.888512 0.000000 -3.253516 0.001170 
52 -12.673630 0.000000 8.996577 99.935346 0.000000 -3.303918 0.000201 
53 7.422402 0.000000 8.996577 100.066793 0.000000 -3.115617 -0.002307 
54 -2.625614 0.000000 18.210524 99.949082 0.000000 -3.287016 -0.000062 
55 2.398394 0.000000 -4.824342 100.392651 0.000000 -2.814622 -0.008661 
56 -2.625614 0.000000 -4.824342 100.083802 0.000000 -3.322541 -0.002781 
57 2.398394 0.000000 -9.431316 99.979386 0.000000 -3.160412 -0.000587 
58 7.422402 0.000000 -4.824342 99.605962 0.000000 -2.591714 0.007194 
59 2.398394 0.000000 -0.217369 95.247646 0.000000 5.567663 0.089689 
60 17.470418 0.000000 8.996577 100.060817 0.000000 -3.335887 -0.002330 
61 27.518435 0.000000 8.996577 99.974917 0.000000 -3.348033 -0.000619 
62 17.470418 0.000000 18.210524 99.994059 0.000000 -3.336825 -0.000995 
63 2.398394 0.000000 4.389604 99.523661 0.000000 -2.696531 0.008777 
64 -2.625614 0.000000 4.389604 99.787050 0.000000 -3.288052 0.003173 
65 7.422402 0.000000 4.389604 100.369549 0.000000 -2.554587 -0.008057 
66 2.398394 0.000000 8.996577 99.916067 0.000000 -3.136363 0.000694 
67 12.446410 0.000000 4.389604 100.355592 0.000000 -3.359886 -0.008253 
68 12.446410 0.000000 -0.217369 92.183320 0.000000 -29.562936 0.062827 
69 17.470418 0.000000 4.389604 100.075358 0.000000 -3.211228 -0.002539 
70 12.446410 0.000000 8.996577 100.126438 0.000000 -3.255415 -0.003590 
71 4.910398 0.000000 2.086117 99.473318 0.000000 0.919247 0.010421 
72 2.398394 0.000000 2.086117 98.482645 0.000000 -2.019879 0.029709 
73 4.910398 0.000000 -0.217369 77.021424 0.000000 42.770345 0.223840 
74 7.422402 0.000000 2.086117 101.365713 0.000000 -1.889292 -0.027858 
75 4.910398 0.000000 4.389604 99.869469 0.000000 -2.284899 0.002087 
76 12.446410 0.000000 -4.824342 99.582654 0.000000 -3.244178 0.007277 
77 12.446410 0.000000 -9.431316 99.784834 0.000000 -3.240019 0.003249 
78 17.470418 0.000000 -4.824342 99.821212 0.000000 -3.177210 0.002563 
79 4.910398 0.000000 -2.520856 100.157625 0.000000 -0.240179 -0.003161 
80 2.398394 0.000000 -2.520856 101.187011 0.000000 -1.646615 -0.024152 
81 4.910398 0.000000 -4.824342 100.019355 0.000000 -2.441364 -0.000983 
82 7.422402 0.000000 -2.520856 98.879984 0.000000 -1.963863 0.021889 
83 9.934406 0.000000 2.086117 101.193107 0.000000 -2.993726 -0.024901 
84 9.934406 0.000000 -0.217369 99.754760 0.000000 -2.398201 0.004324 
85 12.446410 0.000000 2.086117 100.206123 0.000000 -4.631481 -0.006272 
86 9.934406 0.000000 4.389604 100.534116 0.000000 -2.999085 -0.011610 
87 6.166400 0.000000 0.934374 108.834495 0.000000 5.932498 -0.188014 
88 4.910398 0.000000 0.934374 95.557739 0.000000 10.714210 0.075392 
89 6.166400 0.000000 -0.217369 84.575731 0.000000 6.142972 0.280921 
90 7.422402 0.000000 0.934374 99.040754 0.000000 -2.373337 0.018530 
91 6.166400 0.000000 2.086117 101.500215 0.000000 0.032402 -0.030229 
92 9.934406 0.000000 -2.520856 98.872620 0.000000 -3.192775 0.021401 
93 9.934406 0.000000 -4.824342 99.464761 0.000000 -2.987153 0.009784 
94 12.446410 0.000000 -2.520856 99.649501 0.000000 -4.006558 0.005392 
95 6.166400 0.000000 -1.369112 96.658713 0.000000 1.553495 0.065468 
96 4.910398 0.000000 -1.369112 100.127919 0.000000 6.027687 -0.006193 
97 6.166400 0.000000 -2.520856 99.117682 0.000000 -0.914506 0.017485 
98 7.422402 0.000000 -1.369112 97.714642 0.000000 -2.040410 0.044769 
99 8.678404 0.000000 0.934374 99.713829 0.000000 -2.629518 0.005024 
100 8.678404 0.000000 -0.217369 99.713829 0.000000 -2.629518 0.005024 
101 9.934406 0.000000 0.934374 101.817970 0.000000 -2.836214 -0.037494 
102 8.678404 0.000000 2.086117 100.973207 0.000000 -2.543807 -0.020206 
103 6.794401 0.000000 0.358503 98.264556 0.000000 -1.953218 0.034026 
104 6.166400 0.000000 0.358503 95.022385 0.000000 9.502252 0.088045 
105 6.794401 0.000000 -0.217369 91.853191 0.000000 -1.187295 0.156158 
106 7.422402 0.000000 0.358503 99.073472 0.000000 -2.381370 0.017878 
107 6.794401 0.000000 0.934374 105.214863 0.000000 -0.630058 -0.107056 
108 -52.865695 0.000000 18.210524 99.945618 0.000000 -3.308157 -0.000007 
109 -72.961727 0.000000 18.210524 99.945446 0.000000 -3.308664 -0.000004 
110 -52.865695 0.000000 -0.217369 99.945049 0.000000 -3.308107 0.000004 
111 -52.865695 0.000000 36.638417 99.946100 0.000000 -3.308450 -0.000017 
112 -22.721646 0.000000 8.996577 99.943735 0.000000 -3.306412 0.000032 
113 -32.769663 0.000000 8.996577 99.945060 0.000000 -3.307219 0.000005 
114 -22.721646 0.000000 -0.217369 99.944146 0.000000 -3.307666 0.000023 
115 -22.721646 0.000000 18.210524 99.945432 0.000000 -3.305615 -0.000002 
116 -7.649622 0.000000 4.389604 99.910354 0.000000 -3.315330 0.000693 
117 -12.673630 0.000000 4.389604 99.934985 0.000000 -3.310198 0.000204 
118 -7.649622 0.000000 -0.217369 99.936127 0.000000 -3.337355 0.000163 
119 -7.649622 0.000000 8.996577 99.919533 0.000000 -3.295256 0.000523 
120 -0.113610 0.000000 2.086117 99.264657 0.000000 -3.277468 0.013579 
121 -2.625614 0.000000 2.086117 99.762517 0.000000 -3.356793 0.003617 
122 -0.113610 0.000000 -0.217369 98.759703 0.000000 -4.160935 0.022921 
123 -0.113610 0.000000 4.389604 99.605483 0.000000 -3.141747 0.006888 
124 3.654396 0.000000 0.934374 95.657291 0.000000 1.385580 0.084776 
125 2.398394 0.000000 0.934374 97.251919 0.000000 -1.274280 0.054044 
126 3.654396 0.000000 -0.217369 96.741835 0.000000 8.959002 0.056075 
127 3.654396 0.000000 2.086117 98.397172 0.000000 -0.697532 0.031751 
128 5.538399 0.000000 0.358503 81.283300 0.000000 37.667292 0.197420 
129 4.910398 0.000000 0.358503 85.127671 0.000000 23.534556 0.219940 
130 5.538399 0.000000 -0.217369 75.201593 0.000000 44.097511 0.240013 
131 5.538399 0.000000 0.934374 102.627162 0.000000 13.930092 -0.072638 
132 -12.673630 0.000000 55.066309 99.948775 0.000000 -3.309494 -0.000071 
133 -32.769663 0.000000 55.066309 99.947155 0.000000 -3.308851 -0.000038 
134 7.422402 0.000000 55.066309 99.950735 0.000000 -3.312140 -0.000112 
135 -12.673630 0.000000 73.494202 99.947620 0.000000 -3.310052 -0.000048 
136 -2.625614 0.000000 27.424470 99.954444 0.000000 -3.302688 -0.000180 
137 -12.673630 0.000000 27.424470 99.948979 0.000000 -3.304354 -0.000072 
138 7.422402 0.000000 27.424470 99.964650 0.000000 -3.308578 -0.000388 
139 -2.625614 0.000000 36.638417 99.953140 0.000000 -3.308013 -0.000157 
140 2.398394 0.000000 13.603551 99.954429 0.000000 -3.243478 -0.000141 
141 -2.625614 0.000000 13.603551 99.933521 0.000000 -3.270997 0.000259 
142 7.422402 0.000000 13.603551 100.002133 0.000000 -3.246553 -0.001097 
143 2.398394 0.000000 18.210524 99.962611 0.000000 -3.280663 -0.000329 
144 4.910398 0.000000 6.693091 99.963880 0.000000 -2.890384 -0.000113 
145 2.398394 0.000000 6.693091 99.817399 0.000000 -3.006301 0.002745 
146 7.422402 0.000000 6.693091 100.153666 0.000000 -2.933403 -0.003936 
147 4.910398 0.000000 8.996577 99.984408 0.000000 -3.096804 -0.000647 
148 6.166400 0.000000 3.237861 100.462629 0.000000 -1.644053 -0.009544 
149 4.910398 0.000000 3.237861 99.842889 0.000000 -1.444363 0.002931 
150 7.422402 0.000000 3.237861 100.666844 0.000000 -2.221247 -0.013875 
151 6.166400 0.000000 4.389604 100.171276 0.000000 -2.327350 -0.003970 
152 6.794401 0.000000 1.510246 102.938883 0.000000 -0.534916 -0.059670 
153 6.166400 0.000000 1.510246 103.293470 0.000000 2.151443 -0.067417 
154 7.422402 0.000000 1.510246 101.989069 0.000000 -1.858369 -0.040522 
155 6.794401 0.000000 2.086117 101.639542 0.000000 -1.107468 -0.033182 
156 6.480401 0.000000 0.646438 97.370565 0.000000 -0.194984 0.051893 
157 6.166400 0.000000 0.646438 95.603638 0.000000 7.910214 0.079737 
158 6.480401 0.000000 0.358503 97.332984 0.000000 -0.437379 0.052610 
159 6.794401 0.000000 0.646438 98.185950 0.000000 -1.880159 0.035598 
160 6.480401 0.000000 0.934374 107.387276 0.000000 1.577909 -0.153452 
161 8.678404 0.000000 -1.369112 98.445379 0.000000 -3.068818 0.029909 
162 8.678404 0.000000 -2.520856 98.963353 0.000000 -2.613372 0.019943 
163 9.934406 0.000000 -1.369112 98.236473 0.000000 -3.706722 0.033586 
164 8.050403 0.000000 0.358503 99.504201 0.000000 -2.567697 0.009232 
165 8.050403 0.000000 -0.217369 99.491538 0.000000 -2.568285 0.009484 
166 8.678404 0.000000 0.358503 99.713818 0.000000 -2.622908 0.005027 
167 8.050403 0.000000 0.934374 99.491538 0.000000 -2.568285 0.009484 
168 67.710499 0.000000 18.210524 99.945596 0.000000 -3.358882 -0.000040 
169 67.710499 0.000000 -0.217369 99.963447 0.000000 -2.759020 -0.000030 
170 87.806532 0.000000 18.210524 99.944500 0.000000 -3.356348 -0.000017 
171 67.710499 0.000000 36.638417 99.947181 0.000000 -3.330371 -0.000053 
172 37.566451 0.000000 8.996577 99.953963 0.000000 -3.343289 -0.000197 
173 37.566451 0.000000 -0.217369 99.954621 0.000000 -3.011786 0.000000 
174 47.614467 0.000000 8.996577 99.948132 0.000000 -3.343236 -0.000081 
175 37.566451 0.000000 18.210524 99.956248 0.000000 -3.363625 -0.000257 
176 22.494427 0.000000 4.389604 99.995368 0.000000 -3.131832 -0.000888 
177 22.494427 0.000000 -0.217369 99.951107 0.000000 -3.440198 -0.000206 
178 27.518435 0.000000 4.389604 99.971105 0.000000 -3.122424 -0.000397 
179 22.494427 0.000000 8.996577 100.003721 0.000000 -3.349334 -0.001196 
180 14.958414 0.000000 2.086117 99.868684 0.000000 -3.211419 0.001593 
181 14.958414 0.000000 -0.217369 99.788994 0.000000 -3.424761 0.003043 
182 17.470418 0.000000 2.086117 99.988989 0.000000 -2.954905 -0.000653 
183 14.958414 0.000000 4.389604 100.146620 0.000000 -3.291188 -0.004018 
184 11.190408 0.000000 0.934374 105.176063 0.000000 -7.349650 -0.111602 
185 11.190408 0.000000 -0.217369 90.536263 0.000000 -9.503034 0.171288 
186 12.446410 0.000000 0.934374 97.774923 0.000000 -9.766021 0.034469 
187 11.190408 0.000000 2.086117 101.297293 0.000000 -4.116966 -0.027809 
188 9.306405 0.000000 0.358503 99.785390 0.000000 -2.578529 0.003623 
189 9.306405 0.000000 -0.217369 99.787677 0.000000 -2.579719 0.003576 
190 9.934406 0.000000 0.358503 99.754045 0.000000 -2.397416 0.004338 
191 9.306405 0.000000 0.934374 99.787677 0.000000 -2.579719 0.003576 
192 67.710499 0.000000 -18.645262 99.941577 0.000000 -3.362468 0.000038 
193 67.710499 0.000000 -37.073155 99.941919 0.000000 -3.332991 0.000050 
194 87.806532 0.000000 -18.645262 99.942754 0.000000 -3.361812 0.000014 
195 37.566451 0.000000 -9.431316 99.934995 0.000000 -3.312875 0.000202 
196 37.566451 0.000000 -18.645262 99.930867 0.000000 -3.363927 0.000251 
197 47.614467 0.000000 -9.431316 99.941577 0.000000 -3.298451 0.000080 
198 22.494427 0.000000 -4.824342 99.896900 0.000000 -3.122600 0.001086 
199 22.494427 0.000000 -9.431316 99.883312 0.000000 -3.331672 0.001222 
200 27.518435 0.000000 -4.824342 99.927996 0.000000 -3.092237 0.000483 
201 14.958414 0.000000 -2.520856 99.881606 0.000000 -3.228215 0.001324 
202 14.958414 0.000000 -4.824342 99.743950 0.000000 -3.230942 0.004071 
203 17.470418 0.000000 -2.520856 99.864734 0.000000 -3.084992 0.001752 
204 11.190408 0.000000 -1.369112 97.914953 0.000000 -5.580782 0.038152 
205 11.190408 0.000000 -2.520856 99.053172 0.000000 -3.783710 0.017415 
206 12.446410 0.000000 -1.369112 100.480400 0.000000 -6.712087 -0.014136 
207 10.562407 0.000000 0.358503 99.521214 0.000000 -1.756856 0.009244 
208 10.562407 0.000000 -0.217369 95.239418 0.000000 -4.620063 0.090811 
209 11.190408 0.000000 0.358503 98.577048 0.000000 -8.104999 0.021687 
210 10.562407 0.000000 0.934374 103.361062 0.000000 -3.601975 -0.069648 
211 10.562407 0.000000 -0.793241 96.818874 0.000000 -5.039452 0.060071 
212 9.934406 0.000000 -0.793241 97.794997 0.000000 -4.086364 0.041944 
213 10.562407 0.000000 -1.369112 97.930163 0.000000 -4.430871 0.039005 
214 11.190408 0.000000 -0.793241 95.887019 0.000000 -7.546993 0.074872 
215 13.702412 0.000000 0.934374 98.351735 0.000000 -3.933904 0.031146 
216 13.702412 0.000000 -0.217369 99.423140 0.000000 -1.346364 0.011323 
217 14.958414 0.000000 0.934374 99.654745 0.000000 -3.223083 0.005854 
218 13.702412 0.000000 2.086117 99.719265 0.000000 -3.737534 0.004210 
219 11.818409 0.000000 0.358503 91.587954 0.000000 -31.138854 0.064202 
220 11.818409 0.000000 -0.217369 89.171383 0.000000 -35.351093 0.079876 
221 12.446410 0.000000 0.358503 90.957724 0.000000 -17.807293 0.140959 
222 11.818409 0.000000 0.934374 101.887127 0.000000 -11.520634 -0.051371 
223 10.876408 0.000000 0.070567 99.360273 0.000000 -2.002137 0.012353 
224 10.562407 0.000000 0.070567 99.526231 0.000000 -1.791809 0.009132 
225 10.876408 0.000000 -0.217369 92.995684 0.000000 -6.102602 0.131456 
226 11.190408 0.000000 0.070567 97.992006 0.000000 -10.964804 0.027734 
227 10.876408 0.000000 0.358503 99.339802 0.000000 -1.482905 0.012940 
228 -52.865695 0.000000 -18.645262 99.944540 0.000000 -3.308255 0.000014 
229 -72.961727 0.000000 -18.645262 99.944846 0.000000 -3.308700 0.000008 
230 -52.865695 0.000000 -37.073155 99.944163 0.000000 -3.308571 0.000022 
231 -52.865695 0.000000 55.066309 99.946275 0.000000 -3.308899 -0.000021 
232 -72.961727 0.000000 55.066309 99.945854 0.000000 -3.308997 -0.000012 
233 -52.865695 0.000000 73.494202 99.946260 0.000000 -3.309219 -0.000021 
234 -22.721646 0.000000 -9.431316 99.944999 0.000000 -3.307102 0.000006 
235 -32.769663 0.000000 -9.431316 99.944515 0.000000 -3.307466 0.000015 
236 -22.721646 0.000000 -18.645262 99.944059 0.000000 -3.306463 0.000025 
237 27.518435 0.000000 55.066309 99.950750 0.000000 -3.316213 -0.000115 
238 47.614467 0.000000 55.066309 99.948927 0.000000 -3.318874 -0.000080 
239 27.518435 0.000000 73.494202 99.948335 0.000000 -3.313114 -0.000065 
240 -22.721646 0.000000 27.424470 99.947148 0.000000 -3.306416 -0.000036 
241 -32.769663 0.000000 27.424470 99.946484 0.000000 -3.307436 -0.000024 
242 -22.721646 0.000000 36.638417 99.947946 0.000000 -3.307494 -0.000053 
243 -7.649622 0.000000 -4.824342 99.967516 0.000000 -3.321812 -0.000454 
244 -12.673630 0.000000 -4.824342 99.949507 0.000000 -3.312203 -0.000087 
245 -7.649622 0.000000 -9.431316 99.965050 0.000000 -3.301527 -0.000391 
246 17.470418 0.000000 27.424470 99.968567 0.000000 -3.324375 -0.000477 
247 27.518435 0.000000 27.424470 99.962615 0.000000 -3.337126 -0.000366 
248 17.470418 0.000000 36.638417 99.958398 0.000000 -3.318940 -0.000270 
249 -7.649622 0.000000 13.603551 99.934917 0.000000 -3.292027 0.000217 
250 -12.673630 0.000000 13.603551 99.939808 0.000000 -3.301082 0.000114 
251 -7.649622 0.000000 18.210524 99.944554 0.000000 -3.295473 0.000023 
252 -0.113610 0.000000 -2.520856 100.685986 0.000000 -3.390221 -0.014916 
253 -2.625614 0.000000 -2.520856 100.071246 0.000000 -3.434734 -0.002605 
254 -0.113610 0.000000 -4.824342 100.259212 0.000000 -3.191427 -0.006209 
255 12.446410 0.000000 13.603551 100.031707 0.000000 -3.293564 -0.001719 
256 17.470418 0.000000 13.603551 100.020630 0.000000 -3.341447 -0.001529 
257 12.446410 0.000000 18.210524 99.995837 0.000000 -3.310744 -0.001013 
258 -0.113610 0.000000 6.693091 99.808926 0.000000 -3.160255 0.002819 
259 -2.625614 0.000000 6.693091 99.852126 0.000000 -3.245522 0.001902 
260 -0.113610 0.000000 8.996577 99.888892 0.000000 -3.197295 0.001199 
261 9.934406 0.000000 6.693091 100.302310 0.000000 -3.105245 -0.007020 
262 12.446410 0.000000 6.693091 100.256315 0.000000 -3.239842 -0.006183 
263 9.934406 0.000000 8.996577 100.119881 0.000000 -3.180143 -0.003410 
264 3.654396 0.000000 3.237861 99.309619 0.000000 -1.865084 0.013412 
265 2.398394 0.000000 3.237861 99.162430 0.000000 -2.434164 0.016089 
266 3.654396 0.000000 4.389604 99.610308 0.000000 -2.445592 0.007181 
267 3.654396 0.000000 -1.369112 102.152069 0.000000 2.877614 -0.044333 
268 2.398394 0.000000 -1.369112 101.953242 0.000000 2.540124 -0.040092 
269 3.654396 0.000000 -2.520856 100.972538 0.000000 -0.884849 -0.019624 
270 8.678404 0.000000 3.237861 100.687101 0.000000 -2.641548 -0.014487 
271 9.934406 0.000000 3.237861 100.755696 0.000000 -3.011342 -0.016078 
272 8.678404 0.000000 4.389604 100.496964 0.000000 -2.783701 -0.010739 
273 5.538399 0.000000 1.510246 101.300984 0.000000 4.531173 -0.028242 
274 4.910398 0.000000 1.510246 98.627645 0.000000 4.019628 0.025643 
275 5.538399 0.000000 2.086117 100.635862 0.000000 0.969291 -0.012852 
276 8.050403 0.000000 1.510246 101.373580 0.000000 -2.354739 -0.028215 
277 8.678404 0.000000 1.510246 101.124534 0.000000 -2.586001 -0.023286 
278 8.050403 0.000000 2.086117 101.105177 0.000000 -2.330429 -0.022769 
279 9.306405 0.000000 -0.793241 98.238790 0.000000 -3.768060 0.033494 
280 8.678404 0.000000 -0.793241 98.239218 0.000000 -3.634318 0.033585 
281 9.306405 0.000000 -1.369112 98.438507 0.000000 -3.316642 0.029886 
282 8.050403 0.000000 -0.793241 97.798033 0.000000 -3.368469 0.042420 
283 7.422402 0.000000 -0.793241 96.776011 0.000000 -2.577006 0.062776 
284 8.050403 0.000000 -1.369112 98.220012 0.000000 -2.743183 0.034530 
285 13.702412 0.000000 -1.369112 100.754120 0.000000 -3.721581 -0.016524 
286 13.702412 0.000000 -2.520856 99.955631 0.000000 -3.501411 -0.000339 
287 14.958414 0.000000 -1.369112 99.972195 0.000000 -3.336878 -0.000557 
288 11.818409 0.000000 -0.793241 97.266312 0.000000 -11.290115 0.041180 
289 11.818409 0.000000 -1.369112 98.809813 0.000000 -6.748864 0.019107 
290 12.446410 0.000000 -0.793241 102.262004 0.000000 -11.884481 -0.059876 
291 67.710499 0.000000 55.066309 99.947224 0.000000 -3.319634 -0.000047 
292 87.806532 0.000000 55.066309 99.946244 0.000000 -3.319635 -0.000027 
293 67.710499 0.000000 73.494202 99.946890 0.000000 -3.315170 -0.000037 
294 37.566451 0.000000 27.424470 99.955347 0.000000 -3.341971 -0.000224 
295 47.614467 0.000000 27.424470 99.950811 0.000000 -3.342865 -0.000134 
296 37.566451 0.000000 36.638417 99.953366 0.000000 -3.328963 -0.000176 
297 22.494427 0.000000 13.603551 99.995189 0.000000 -3.365052 -0.001036 
298 27.518435 0.000000 13.603551 99.975045 0.000000 -3.371979 -0.000638 
299 22.494427 0.000000 18.210524 99.983207 0.000000 -3.352674 -0.000788 
300 14.958414 0.000000 6.693091 100.164412 0.000000 -3.307710 -0.004385 
301 17.470418 0.000000 6.693091 100.074783 0.000000 -3.303697 -0.002588 
302 14.958414 0.000000 8.996577 100.099141 0.000000 -3.310506 -0.003080 
303 11.190408 0.000000 3.237861 100.704015 0.000000 -3.394336 -0.015282 
304 12.446410 0.000000 3.237861 100.410822 0.000000 -3.625981 -0.009548 
305 11.190408 0.000000 4.389604 100.509066 0.000000 -3.249389 -0.011263 
306 6.794401 0.000000 -0.793241 94.947263 0.000000 -0.633886 0.098462 
307 6.166400 0.000000 -0.793241 92.774813 0.000000 3.756064 0.137873 
308 6.794401 0.000000 -1.369112 97.054746 0.000000 -0.692979 0.057990 
309 5.538399 0.000000 -0.793241 92.870707 0.000000 11.293684 0.124748 
310 4.910398 0.000000 -0.793241 99.546089 0.000000 17.700401 -0.022273 
311 5.538399 0.000000 -1.369112 97.489578 0.000000 4.421846 0.047623 
312 9.306405 0.000000 1.510246 101.180356 0.000000 -2.691015 -0.024471 
313 9.934406 0.000000 1.510246 101.521213 0.000000 -2.961080 -0.031532 
314 9.306405 0.000000 2.086117 101.033901 0.000000 -2.744195 -0.021538 
315 13.702412 0.000000 3.237861 100.140934 0.000000 -3.453779 -0.004014 
316 14.958414 0.000000 3.237861 100.064534 0.000000 -3.270560 -0.002361 
317 13.702412 0.000000 4.389604 100.256835 0.000000 -3.352973 -0.006268 
318 10.562407 0.000000 1.510246 102.078431 0.000000 -3.701689 -0.043371 
319 11.190408 0.000000 1.510246 102.256772 0.000000 -5.165297 -0.048313 
320 10.562407 0.000000 2.086117 101.375287 0.000000 -3.476588 -0.028904 
321 11.818409 0.000000 1.510246 101.154407 0.000000 -6.413187 -0.027334 
322 12.446410 0.000000 1.510246 99.679295 0.000000 -6.166280 0.002602 
323 11.818409 0.000000 2.086117 100.822510 0.000000 -4.610227 -0.018643 
1 1 12 10 11 
2 12 7 13 10 
3 7 16 15 13 
4 16 2 17 15 
5 10 25 23 24 
6 25 13 26 23 
7 13 32 31 26 
8 32 15 33 31 
9 23 41 39 40 
10 41 26 42 39 
11 26 48 47 42 
12 48 31 49 47 
13 39 57 55 56 
14 57 42 58 55 
15 42 77 76 58 
16 77 47 78 76 
17 55 81 79 80 
18 81 58 82 79 
19 58 93 92 82 
20 93 76 94 92 
21 79 97 95 96 
22 97 82 98 95 
23 89 105 103 104 
24 105 5 106 103 
25 103 106 90 107 
26 6 110 108 109 
27 110 14 36 108 
28 108 36 19 111 
29 109 108 111 20 
30 14 114 112 113 
31 114 27 52 112 
32 112 52 35 115 
33 113 112 115 36 
34 27 118 116 117 
35 118 43 64 116 
36 116 64 51 119 
37 117 116 119 52 
38 43 122 120 121 
39 122 59 72 120 
40 120 72 63 123 
41 121 120 123 64 
42 59 126 124 125 
43 126 73 88 124 
44 124 88 71 127 
45 125 124 127 72 
46 73 130 128 129 
47 130 89 104 128 
48 128 104 87 131 
49 129 128 131 88 
50 19 38 132 133 
51 38 21 134 132 
52 132 134 9 135 
53 133 132 135 22 
54 35 54 136 137 
55 54 37 138 136 
56 136 138 21 139 
57 137 136 139 38 
58 51 66 140 141 
59 66 53 142 140 
60 140 142 37 143 
61 141 140 143 54 
62 63 75 144 145 
63 75 65 146 144 
64 144 146 53 147 
65 145 144 147 66 
66 71 91 148 149 
67 91 74 150 148 
68 148 150 65 151 
69 149 148 151 75 
70 87 107 152 153 
71 107 90 154 152 
72 152 154 74 155 
73 153 152 155 91 
74 104 158 156 157 
75 158 103 159 156 
76 156 159 107 160 
77 157 156 160 87 
78 82 162 161 98 
79 162 92 163 161 
80 5 165 164 106 
81 165 100 166 164 
82 164 166 99 167 
83 106 164 167 90 
84 18 169 168 45 
85 169 8 170 168 
86 168 170 29 171 
87 45 168 171 28 
88 34 173 172 61 
89 173 18 174 172 
90 172 174 45 175 
91 61 172 175 44 
92 50 177 176 69 
93 177 34 178 176 
94 176 178 61 179 
95 69 176 179 60 
96 181 50 182 180 
97 180 182 69 183 
98 100 189 188 166 
99 189 84 190 188 
100 188 190 101 191 
101 166 188 191 99 
102 15 193 192 33 
103 193 17 194 192 
104 192 194 8 169 
105 33 192 169 18 
106 31 196 195 49 
107 196 33 197 195 
108 195 197 18 173 
109 49 195 173 34 
110 47 199 198 78 
111 199 49 200 198 
112 198 200 34 177 
113 78 198 177 50 
114 76 202 201 94 
115 202 78 203 201 
116 201 203 50 181 
117 92 205 204 163 
118 205 94 206 204 
119 84 208 207 190 
120 207 209 184 210 
121 190 207 210 101 
122 163 213 211 212 
123 213 204 214 211 
124 211 214 185 208 
125 212 211 208 84 
126 68 216 215 186 
127 216 181 217 215 
128 215 217 180 218 
129 186 215 218 85 
130 185 220 219 209 
131 220 68 221 219 
132 219 221 186 222 
133 209 219 222 184 
134 208 225 223 224 
135 225 185 226 223 
136 223 226 209 227 
137 224 223 227 207 
138 11 230 228 229 
139 230 10 24 228 
140 228 24 14 110 
141 229 228 110 6 
142 20 111 231 232 
143 111 19 133 231 
144 231 133 22 233 
145 232 231 233 4 
146 24 236 234 235 
147 236 23 40 234 
148 234 40 27 114 
149 235 234 114 14 
150 21 46 237 134 
151 46 28 238 237 
152 237 238 30 239 
153 134 237 239 9 
154 36 115 240 241 
155 115 35 137 240 
156 240 137 38 242 
157 241 240 242 19 
158 40 245 243 244 
159 245 39 56 243 
160 243 56 43 118 
161 244 243 118 27 
162 37 62 246 138 
163 62 44 247 246 
164 246 247 46 248 
165 138 246 248 21 
166 52 119 249 250 
167 119 51 141 249 
168 249 141 54 251 
169 250 249 251 35 
170 56 254 252 253 
171 254 55 80 252 
172 252 80 59 122 
173 253 252 122 43 
174 53 70 255 142 
175 70 60 256 255 
176 255 256 62 257 
177 142 255 257 37 
178 64 123 258 259 
179 123 63 145 258 
180 258 145 66 260 
181 259 258 260 51 
182 65 86 261 146 
183 86 67 262 261 
184 261 262 70 263 
185 146 261 263 53 
186 72 127 264 265 
187 127 71 149 264 
188 264 149 75 266 
189 265 264 266 63 
190 80 269 267 268 
191 269 79 96 267 
192 267 96 73 126 
193 268 267 126 59 
194 74 102 270 150 
195 102 83 271 270 
196 270 271 86 272 
197 150 270 272 65 
198 88 131 273 274 
199 131 87 153 273 
200 273 153 91 275 
201 274 273 275 71 
202 90 167 276 154 
203 167 99 277 276 
204 276 277 102 278 
205 154 276 278 74 
206 161 281 279 280 
207 281 163 212 279 
208 279 212 84 189 
209 280 279 189 100 
210 98 284 282 283 
211 284 161 280 282 
212 282 280 100 165 
213 283 282 165 5 
214 94 286 285 206 
215 286 201 287 285 
216 285 287 181 216 
217 206 285 216 68 
218 204 289 288 214 
219 289 206 290 288 
220 288 290 68 220 
221 214 288 220 185 
222 28 171 291 238 
223 171 29 292 291 
224 291 292 3 293 
225 238 291 293 30 
226 44 175 294 247 
227 175 45 295 294 
228 294 295 28 296 
229 247 294 296 46 
230 60 179 297 256 
231 179 61 298 297 
232 297 298 44 299 
233 256 297 299 62 
234 67 183 300 262 
235 183 69 301 300 
236 300 301 60 302 
237 262 300 302 70 
238 83 187 303 271 
239 187 85 304 303 
240 303 304 67 305 
241 271 303 305 86 
242 95 308 306 307 
243 308 98 283 306 
244 306 283 5 105 
245 307 306 105 89 
246 96 311 309 310 
247 311 95 307 309 
248 309 307 89 130 
249 310 309 130 73 
250 99 191 312 277 
251 191 101 313 312 
252 312 313 83 314 
253 277 312 314 102 
254 85 218 315 304 
255 218 180 316 315 
256 315 316 183 317 
257 304 315 317 67 
258 101 210 318 313 
259 210 184 319 318 
260 318 319 187 320 
261 313 318 320 83 
262 184 222 321 319 
263 222 186 322 321 
264 321 322 85 323 
265 319 321 323 187 
