2 0.000000 100.000000 410.334720
323 265 
1 -72.961727 0.000000 -73.928940 95.751930 0.000000 28.784604 0.000301 
2 87.806532 0.000000 -73.928940 95.766156 0.000000 28.677702 0.000643 
3 87.806532 0.000000 73.494202 95.886151 0.000000 28.445979 -0.000333 
4 -72.961727 0.000000 73.494202 95.799116 0.000000 28.781096 -0.000582 
5 7.422402 0.000000 -0.217369 88.804309 0.000000 15.421376 0.187598 
6 -72.961727 0.000000 -0.217369 95.777836 0.000000 28.807357 -0.000326 
7 7.422402 0.000000 -73.928940 95.707588 0.000000 28.720688 0.001518 
8 87.806532 0.000000 -0.217369 96.161403 0.000000 27.400642 0.000219 
9 7.422402 0.000000 73.494202 95.879160 0.000000 28.682581 -0.001550 
10 -32.769663 0.000000 -37.073155 95.697571 0.000000 28.809805 0.001197 
11 -72.961727 0.000000 -37.073155 95.755830 0.000000 28.798088 0.000149 
12 -32.769663 0.000000 -73.928940 95.727947 0.000000 28.772620 0.000830 
13 7.422402 0.000000 -37.073155 95.521258 0.000000 28.574521 0.005919 
14 -32.769663 0.000000 -0.217369 95.795933 0.000000 28.899716 -0.001205 
15 47.614467 0.000000 -37.073155 95.742726 0.000000 28.388275 0.002744 
16 47.614467 0.000000 -73.928940 95.736289 0.000000 28.674069 0.001236 
17 87.806532 0.000000 -37.073155 95.809291 0.000000 28.512519 0.000762 
18 47.614467 0.000000 -0.217369 96.619995 0.000000 25.622788 0.000805 
19 -32.769663 0.000000 36.638417 95.881259 0.000000 28.798728 -0.002258 
20 -72.961727 0.000000 36.638417 95.798354 0.000000 28.795670 -0.000652 
21 7.422402 0.000000 36.638417 96.170724 0.000000 28.452737 -0.005837 
22 -32.769663 0.000000 73.494202 95.834138 0.000000 28.761832 -0.001143 
23 -12.673630 0.000000 -18.645262 95.497130 0.000000 28.891276 0.004559 
24 -32.769663 0.000000 -18.645262 95.711713 0.000000 28.862019 0.000625 
25 -12.673630 0.000000 -37.073155 95.603732 0.000000 28.765910 0.003245 
26 7.422402 0.000000 -18.645262 94.934048 0.000000 28.139893 0.019567 
27 -12.673630 0.000000 -0.217369 95.846198 0.000000 29.243187 -0.004166 
28 47.614467 0.000000 36.638417 96.166267 0.000000 27.694179 -0.001492 
29 87.806532 0.000000 36.638417 96.517007 0.000000 26.316236 -0.000808 
30 47.614467 0.000000 73.494202 95.879394 0.000000 28.566551 -0.000891 
31 27.518435 0.000000 -18.645262 95.617918 0.000000 27.414521 0.010566 
32 27.518435 0.000000 -37.073155 95.621060 0.000000 28.387757 0.005075 
33 47.614467 0.000000 -18.645262 95.890757 0.000000 27.790875 0.003263 
34 27.518435 0.000000 -0.217369 95.906157 0.000000 27.329414 0.005511 
35 -12.673630 0.000000 18.210524 96.169117 0.000000 28.860232 -0.008141 
36 -32.769663 0.000000 18.210524 95.876378 0.000000 28.855142 -0.002490 
37 7.422402 0.000000 18.210524 97.055074 0.000000 27.808566 -0.019300 
38 -12.673630 0.000000 36.638417 96.013542 0.000000 28.732295 -0.004414 
39 -2.625614 0.000000 -9.431316 94.753780 0.000000 29.074951 0.017637 
40 -12.673630 0.000000 -9.431316 95.532996 0.000000 29.082549 0.002765 
41 -2.625614 0.000000 -18.645262 95.188834 0.000000 28.726403 0.011388 
42 7.422402 0.000000 -9.431316 93.532109 0.000000 27.247683 0.050931 
43 -2.625614 0.000000 -0.217369 95.949841 0.000000 31.024064 -0.016886 
44 27.518435 0.000000 18.210524 96.814763 0.000000 26.115804 -0.005513 
45 47.614467 0.000000 18.210524 96.668338 0.000000 25.879601 -0.001452 
46 27.518435 0.000000 36.638417 96.171457 0.000000 28.056675 -0.003613 
47 17.470418 0.000000 -9.431316 94.854345 0.000000 25.533334 0.035070 
48 17.470418 0.000000 -18.645262 95.201242 0.000000 27.506653 0.018011 
49 27.518435 0.000000 -9.431316 95.916690 0.000000 25.978771 0.012509 
50 17.470418 0.000000 -0.217369 93.346031 0.000000 35.271810 0.004242 
51 -2.625614 0.000000 8.996577 97.170373 0.000000 29.005400 -0.028339 
52 -12.673630 0.000000 8.996577 96.155825 0.000000 29.067377 -0.009085 
53 7.422402 0.000000 8.996577 99.015686 0.000000 26.532338 -0.050807 
54 -2.625614 0.000000 18.210524 96.594863 0.000000 28.631728 -0.015034 
55 2.398394 0.000000 -4.824342 92.494195 0.000000 28.443761 0.063578 
56 -2.625614 0.000000 -4.824342 94.569250 0.000000 29.797322 0.016878 
57 2.398394 0.000000 -9.431316 94.001477 0.000000 28.452646 0.035417 
58 7.422402 0.000000 -4.824342 91.407720 0.000000 25.925908 0.097248 
59 2.398394 0.000000 -0.217369 97.246411 0.000000 33.863770 -0.060362 
60 17.470418 0.000000 8.996577 97.623356 0.000000 25.002980 -0.015547 
61 27.518435 0.000000 8.996577 93.607942 0.000000 36.066673 -0.006325 
62 17.470418 0.000000 18.210524 96.999847 0.000000 26.803586 -0.012740 
63 2.398394 0.000000 4.389604 100.118688 0.000000 28.529231 -0.083767 
64 -2.625614 0.000000 4.389604 97.385815 0.000000 29.807857 -0.037251 
65 7.422402 0.000000 4.389604 101.782949 0.000000 25.376824 -0.100375 
66 2.398394 0.000000 8.996577 98.229130 0.000000 28.189635 -0.044362 
67 12.446410 0.000000 4.389604 94.618622 0.000000 32.276129 0.000557 
68 12.446410 0.000000 -0.217369 64.720724 0.000000 -20.675187 0.538376 
69 17.470418 0.000000 4.389604 92.443976 0.000000 36.320746 0.013491 
70 12.446410 0.000000 8.996577 98.660731 0.000000 24.882528 -0.035308 
71 4.910398 0.000000 2.086117 101.049412 0.000000 32.578301 -0.127233 
72 2.398394 0.000000 2.086117 101.767938 0.000000 29.681544 -0.123771 
73 4.910398 0.000000 -0.217369 84.337309 0.000000 47.154598 0.066366 
74 7.422402 0.000000 2.086117 98.195091 0.000000 42.746588 -0.146955 
75 4.910398 0.000000 4.389604 101.048663 0.000000 27.135540 -0.094717 
76 12.446410 0.000000 -4.824342 92.933093 0.000000 23.628405 0.080514 
77 12.446410 0.000000 -9.431316 93.909569 0.000000 25.994971 0.050525 
78 17.470418 0.000000 -4.824342 95.008039 0.000000 24.274192 0.038424 
79 4.910398 0.000000 -2.520856 91.080895 0.000000 26.690741 0.099187 
80 2.398394 0.000000 -2.520856 90.477345 0.000000 27.659309 0.104881 
81 4.910398 0.000000 -4.824342 91.952285 0.000000 27.300396 0.079947 
82 7.422402 0.000000 -2.520856 89.611619 0.000000 24.640229 0.136262 
83 9.934406 0.000000 2.086117 95.136752 0.000000 38.770384 -0.055414 
84 9.934406 0.000000 -0.217369 94.456026 0.000000 -2.270814 0.107290 
85 12.446410 0.000000 2.086117 95.734058 0.000000 29.973905 -0.006344 
86 9.934406 0.000000 4.389604 100.593012 0.000000 24.737289 -0.073089 
87 6.166400 0.000000 0.934374 106.106416 0.000000 45.138133 -0.329602 
88 4.910398 0.000000 0.934374 89.835056 0.000000 62.892221 -0.202577 
89 6.166400 0.000000 -0.217369 80.244590 0.000000 21.286388 0.310770 
90 7.422402 0.000000 0.934374 93.938128 0.000000 -2.251061 0.117056 
91 6.166400 0.000000 2.086117 101.853928 0.000000 35.558393 -0.163862 
92 9.934406 0.000000 -2.520856 90.412197 0.000000 22.743117 0.130839 
93 9.934406 0.000000 -4.824342 91.630686 0.000000 24.383609 0.100926 
94 12.446410 0.000000 -2.520856 94.053265 0.000000 22.953531 0.062712 
95 6.166400 0.000000 -1.369112 88.160234 0.000000 25.880361 0.155798 
96 4.910398 0.000000 -1.369112 92.093942 0.000000 27.805690 0.074555 
97 6.166400 0.000000 -2.520856 90.004024 0.000000 25.904959 0.122821 
98 7.422402 0.000000 -1.369112 88.701534 0.000000 23.584809 0.157579 
99 8.678404 0.000000 0.934374 94.626556 0.000000 -2.495364 0.103959 
100 8.678404 0.000000 -0.217369 94.626556 0.000000 -2.495364 0.103959 
101 9.934406 0.000000 0.934374 97.926564 0.000000 15.255158 0.017767 
102 8.678404 0.000000 2.086117 95.659044 0.000000 43.449161 -0.103848 
103 6.794401 0.000000 0.358503 94.277319 0.000000 -1.872146 0.110828 
104 6.166400 0.000000 0.358503 96.746271 0.000000 10.026113 0.053964 
105 6.794401 0.000000 -0.217369 85.571142 0.000000 16.206729 0.241492 
106 7.422402 0.000000 0.358503 94.069986 0.000000 -2.260805 0.114573 
107 6.794401 0.000000 0.934374 100.653403 0.000000 32.864567 -0.121119 
108 -52.865695 0.000000 18.210524 95.811534 0.000000 28.821966 -0.001056 
109 -72.961727 0.000000 18.210524 95.790541 0.000000 28.803561 -0.000547 
110 -52.865695 0.000000 -0.217369 95.782975 0.000000 28.832799 -0.000571 
111 -52.865695 0.000000 36.638417 95.823346 0.000000 28.801949 -0.001167 
112 -22.721646 0.000000 8.996577 95.919966 0.000000 28.949322 -0.003870 
113 -32.769663 0.000000 8.996577 95.845613 0.000000 28.885877 -0.002078 
114 -22.721646 0.000000 -0.217369 95.811341 0.000000 28.989310 -0.002019 
115 -22.721646 0.000000 18.210524 95.966900 0.000000 28.879029 -0.004364 
116 -7.649622 0.000000 4.389604 96.338726 0.000000 29.433635 -0.014749 
117 -12.673630 0.000000 4.389604 96.041266 0.000000 29.187583 -0.007584 
118 -7.649622 0.000000 -0.217369 95.883232 0.000000 29.618755 -0.007086 
119 -7.649622 0.000000 8.996577 96.483013 0.000000 29.129569 -0.015750 
120 -0.113610 0.000000 2.086117 99.080164 0.000000 31.327673 -0.079830 
121 -2.625614 0.000000 2.086117 97.058520 0.000000 30.590738 -0.035615 
122 -0.113610 0.000000 -0.217369 97.320634 0.000000 33.978927 -0.062587 
123 -0.113610 0.000000 4.389604 98.690353 0.000000 29.621863 -0.061724 
124 3.654396 0.000000 0.934374 94.175676 0.000000 40.188126 -0.048414 
125 2.398394 0.000000 0.934374 102.621190 0.000000 32.751441 -0.160377 
126 3.654396 0.000000 -0.217369 92.733723 0.000000 8.583680 0.132678 
127 3.654396 0.000000 2.086117 100.799497 0.000000 29.894185 -0.105420 
128 5.538399 0.000000 0.358503 90.069068 0.000000 42.079355 0.011689 
129 4.910398 0.000000 0.358503 87.660514 0.000000 57.623333 -0.100481 
130 5.538399 0.000000 -0.217369 85.245891 0.000000 50.131631 0.021996 
131 5.538399 0.000000 0.934374 99.179197 0.000000 61.783772 -0.365375 
132 -12.673630 0.000000 55.066309 95.911994 0.000000 28.722776 -0.002411 
133 -32.769663 0.000000 55.066309 95.857787 0.000000 28.771481 -0.001651 
134 7.422402 0.000000 55.066309 95.959689 0.000000 28.617397 -0.002722 
135 -12.673630 0.000000 73.494202 95.858591 0.000000 28.731804 -0.001439 
136 -2.625614 0.000000 27.424470 96.272930 0.000000 28.597750 -0.008631 
137 -12.673630 0.000000 27.424470 96.089646 0.000000 28.765350 -0.006067 
138 7.422402 0.000000 27.424470 96.426990 0.000000 28.258064 -0.009668 
139 -2.625614 0.000000 36.638417 96.100601 0.000000 28.624476 -0.005469 
140 2.398394 0.000000 13.603551 97.351697 0.000000 28.210214 -0.027317 
141 -2.625614 0.000000 13.603551 96.848023 0.000000 28.729676 -0.020493 
142 7.422402 0.000000 13.603551 97.708858 0.000000 27.377367 -0.029654 
143 2.398394 0.000000 18.210524 96.855432 0.000000 28.307740 -0.018230 
144 4.910398 0.000000 6.693091 99.686002 0.000000 27.184875 -0.067632 
145 2.398394 0.000000 6.693091 98.943620 0.000000 28.256016 -0.058824 
146 7.422402 0.000000 6.693091 100.155590 0.000000 25.866651 -0.070023 
147 4.910398 0.000000 8.996577 98.699245 0.000000 27.446971 -0.049488 
148 6.166400 0.000000 3.237861 102.436906 0.000000 27.332221 -0.124037 
149 4.910398 0.000000 3.237861 101.692982 0.000000 27.899603 -0.111985 
150 7.422402 0.000000 3.237861 102.274874 0.000000 26.851257 -0.118114 
151 6.166400 0.000000 4.389604 101.527581 0.000000 26.311385 -0.100014 
152 6.794401 0.000000 1.510246 98.328107 0.000000 49.964190 -0.216484 
153 6.166400 0.000000 1.510246 99.518024 0.000000 50.767332 -0.248116 
154 7.422402 0.000000 1.510246 97.579356 0.000000 49.390869 -0.196119 
155 6.794401 0.000000 2.086117 100.547468 0.000000 38.263972 -0.157392 
156 6.480401 0.000000 0.646438 95.449487 0.000000 -0.133731 0.088938 
157 6.166400 0.000000 0.646438 96.985185 0.000000 8.258755 0.052567 
158 6.480401 0.000000 0.358503 95.496376 0.000000 -0.387879 0.088029 
159 6.794401 0.000000 0.646438 94.393590 0.000000 -1.803938 0.108660 
160 6.480401 0.000000 0.934374 103.697755 0.000000 37.569643 -0.216470 
161 8.678404 0.000000 -1.369112 89.641216 0.000000 23.455251 0.141430 
162 8.678404 0.000000 -2.520856 89.904180 0.000000 23.570345 0.136168 
163 9.934406 0.000000 -1.369112 90.167413 0.000000 23.776493 0.130452 
164 8.050403 0.000000 0.358503 94.265881 0.000000 -2.432526 0.110803 
165 8.050403 0.000000 -0.217369 94.120822 0.000000 -2.429645 0.113537 
166 8.678404 0.000000 0.358503 94.675320 0.000000 -2.490373 0.103038 
167 8.050403 0.000000 0.934374 94.120822 0.000000 -2.429645 0.113537 
168 67.710499 0.000000 18.210524 94.079193 0.000000 34.405502 -0.003463 
169 67.710499 0.000000 -0.217369 96.360341 0.000000 26.671057 0.000334 
170 87.806532 0.000000 18.210524 95.847429 0.000000 28.499139 0.000107 
171 67.710499 0.000000 36.638417 96.271415 0.000000 27.186397 -0.000729 
172 37.566451 0.000000 8.996577 94.942237 0.000000 31.461904 -0.000388 
173 37.566451 0.000000 -0.217369 96.594868 0.000000 25.426345 0.002293 
174 47.614467 0.000000 8.996577 93.481597 0.000000 36.291677 -0.005589 
175 37.566451 0.000000 18.210524 96.812067 0.000000 25.577506 -0.002679 
176 22.494427 0.000000 4.389604 91.816655 0.000000 33.024916 0.047906 
177 22.494427 0.000000 -0.217369 95.436368 0.000000 29.957887 -0.000558 
178 27.518435 0.000000 4.389604 95.188946 0.000000 30.281081 0.002212 
179 22.494427 0.000000 8.996577 94.258132 0.000000 33.751054 -0.002373 
180 14.958414 0.000000 2.086117 88.753389 0.000000 45.625841 0.004112 
181 14.958414 0.000000 -0.217369 89.934148 0.000000 43.352597 0.003240 
182 17.470418 0.000000 2.086117 87.988358 0.000000 11.124027 0.213430 
183 14.958414 0.000000 4.389604 87.619906 0.000000 49.949641 -0.017221 
184 11.190408 0.000000 0.934374 95.001802 0.000000 13.278359 0.079834 
185 11.190408 0.000000 -0.217369 82.016035 0.000000 12.631337 0.311382 
186 12.446410 0.000000 0.934374 76.397876 0.000000 29.477526 0.329444 
187 11.190408 0.000000 2.086117 87.153401 0.000000 66.930839 -0.207545 
188 9.306405 0.000000 0.358503 94.895522 0.000000 -2.452179 0.098883 
189 9.306405 0.000000 -0.217369 94.900324 0.000000 -2.453371 0.098791 
190 9.934406 0.000000 0.358503 94.460442 0.000000 -2.270416 0.107207 
191 9.306405 0.000000 0.934374 94.900324 0.000000 -2.453371 0.098791 
192 67.710499 0.000000 -18.645262 95.910348 0.000000 28.073366 0.001309 
193 67.710499 0.000000 -37.073155 95.794262 0.000000 28.452541 0.001391 
194 87.806532 0.000000 -18.645262 95.891158 0.000000 28.256633 0.000645 
195 37.566451 0.000000 -9.431316 96.143284 0.000000 26.561399 0.005096 
196 37.566451 0.000000 -18.645262 95.828405 0.000000 27.610065 0.005460 
197 47.614467 0.000000 -9.431316 96.146220 0.000000 27.028731 0.002535 
198 22.494427 0.000000 -4.824342 95.914530 0.000000 24.733728 0.018865 
199 22.494427 0.000000 -9.431316 95.556630 0.000000 25.672215 0.020987 
200 27.518435 0.000000 -4.824342 96.259575 0.000000 25.120938 0.010303 
201 14.958414 0.000000 -2.520856 94.691448 0.000000 25.748848 0.037053 
202 14.958414 0.000000 -4.824342 94.214060 0.000000 23.926073 0.055125 
203 17.470418 0.000000 -2.520856 95.108298 0.000000 25.747763 0.029146 
204 11.190408 0.000000 -1.369112 91.045263 0.000000 22.036129 0.122517 
205 11.190408 0.000000 -2.520856 91.843746 0.000000 22.236537 0.107026 
206 12.446410 0.000000 -1.369112 97.527989 0.000000 22.043206 0.000239 
207 10.562407 0.000000 0.358503 92.381025 0.000000 -1.636238 0.146307 
208 10.562407 0.000000 -0.217369 88.126537 0.000000 18.258930 0.190032 
209 11.190408 0.000000 0.358503 85.543132 0.000000 -6.846683 0.263550 
210 10.562407 0.000000 0.934374 97.585345 0.000000 14.278468 0.027323 
211 10.562407 0.000000 -0.793241 89.466821 0.000000 24.043810 0.141758 
212 9.934406 0.000000 -0.793241 90.277777 0.000000 24.668905 0.124137 
213 10.562407 0.000000 -1.369112 90.349813 0.000000 23.356817 0.129137 
214 11.190408 0.000000 -0.793241 88.640404 0.000000 21.232192 0.169207 
215 13.702412 0.000000 0.934374 73.321756 0.000000 60.303076 0.098746 
216 13.702412 0.000000 -0.217369 85.041315 0.000000 62.321768 -0.111603 
217 14.958414 0.000000 0.934374 80.993861 0.000000 60.579370 -0.022987 
218 13.702412 0.000000 2.086117 91.708174 0.000000 33.728620 0.045199 
219 11.818409 0.000000 0.358503 68.393807 0.000000 -23.093710 0.478897 
220 11.818409 0.000000 -0.217369 62.881979 0.000000 -24.919746 0.542486 
221 12.446410 0.000000 0.358503 54.286955 0.000000 17.980701 0.672962 
222 11.818409 0.000000 0.934374 85.930023 0.000000 16.919112 0.232977 
223 10.876408 0.000000 0.070567 90.631540 0.000000 -1.803522 0.178267 
224 10.562407 0.000000 0.070567 92.463588 0.000000 -1.668601 0.144770 
225 10.876408 0.000000 -0.217369 85.352496 0.000000 16.777116 0.243348 
226 11.190408 0.000000 0.070567 83.807268 0.000000 -9.070789 0.289406 
227 10.876408 0.000000 0.358503 90.445997 0.000000 -1.340111 0.181773 
228 -52.865695 0.000000 -18.645262 95.753390 0.000000 28.824633 0.000043 
229 -72.961727 0.000000 -18.645262 95.764732 0.000000 28.804882 -0.000061 
230 -52.865695 0.000000 -37.073155 95.738871 0.000000 28.806652 0.000425 
231 -52.865695 0.000000 55.066309 95.820595 0.000000 28.785025 -0.001016 
232 -72.961727 0.000000 55.066309 95.800569 0.000000 28.787463 -0.000647 
233 -52.865695 0.000000 73.494202 95.813467 0.000000 28.775846 -0.000827 
234 -22.721646 0.000000 -9.431316 95.699270 0.000000 28.959751 0.000298 
235 -32.769663 0.000000 -9.431316 95.745288 0.000000 28.889421 -0.000176 
236 -22.721646 0.000000 -18.645262 95.646605 0.000000 28.891912 0.001698 
237 27.518435 0.000000 55.066309 95.967056 0.000000 28.483246 -0.002097 
238 47.614467 0.000000 55.066309 95.957563 0.000000 28.357848 -0.001202 
239 27.518435 0.000000 73.494202 95.882721 0.000000 28.623708 -0.001281 
240 -22.721646 0.000000 27.424470 95.961357 0.000000 28.818097 -0.003906 
241 -32.769663 0.000000 27.424470 95.885818 0.000000 28.823739 -0.002490 
242 -22.721646 0.000000 36.638417 95.935320 0.000000 28.780273 -0.003189 
243 -7.649622 0.000000 -4.824342 95.433673 0.000000 29.439074 0.002576 
244 -12.673630 0.000000 -4.824342 95.651047 0.000000 29.192837 -0.000134 
245 -7.649622 0.000000 -9.431316 95.281723 0.000000 29.159328 0.007113 
246 17.470418 0.000000 27.424470 96.444730 0.000000 27.827128 -0.007593 
247 27.518435 0.000000 27.424470 96.389078 0.000000 27.464713 -0.004516 
248 17.470418 0.000000 36.638417 96.188908 0.000000 28.249038 -0.005031 
249 -7.649622 0.000000 13.603551 96.440928 0.000000 28.913191 -0.013683 
250 -12.673630 0.000000 13.603551 96.186855 0.000000 28.949359 -0.008998 
251 -7.649622 0.000000 18.210524 96.350674 0.000000 28.796298 -0.011268 
252 -0.113610 0.000000 -2.520856 92.715024 0.000000 30.944769 0.044635 
253 -2.625614 0.000000 -2.520856 94.843638 0.000000 30.556625 0.007098 
254 -0.113610 0.000000 -4.824342 93.488049 0.000000 29.563963 0.038596 
255 12.446410 0.000000 13.603551 97.711446 0.000000 26.441340 -0.024667 
256 17.470418 0.000000 13.603551 97.451984 0.000000 25.747200 -0.015981 
257 12.446410 0.000000 18.210524 97.087691 0.000000 27.280101 -0.017022 
258 -0.113610 0.000000 6.693091 98.111127 0.000000 28.991529 -0.046630 
259 -2.625614 0.000000 6.693091 97.335312 0.000000 29.304217 -0.033290 
260 -0.113610 0.000000 8.996577 97.691692 0.000000 28.708939 -0.036787 
261 9.934406 0.000000 6.693091 100.037876 0.000000 24.547442 -0.061015 
262 12.446410 0.000000 6.693091 99.002069 0.000000 24.088023 -0.038164 
263 9.934406 0.000000 8.996577 99.014739 0.000000 25.590854 -0.045881 
264 3.654396 0.000000 3.237861 101.185298 0.000000 28.239743 -0.103595 
265 2.398394 0.000000 3.237861 100.846582 0.000000 28.888631 -0.100459 
266 3.654396 0.000000 4.389604 100.573905 0.000000 27.789883 -0.088739 
267 3.654396 0.000000 -1.369112 91.969187 0.000000 22.582899 0.103168 
268 2.398394 0.000000 -1.369112 88.293562 0.000000 23.211720 0.166546 
269 3.654396 0.000000 -2.520856 91.171554 0.000000 26.624716 0.097887 
270 8.678404 0.000000 3.237861 100.757612 0.000000 28.191178 -0.094684 
271 9.934406 0.000000 3.237861 96.860381 0.000000 34.844665 -0.059608 
272 8.678404 0.000000 4.389604 101.548670 0.000000 24.684044 -0.092143 
273 5.538399 0.000000 1.510246 98.782789 0.000000 48.251996 -0.208629 
274 4.910398 0.000000 1.510246 97.845628 0.000000 42.322509 -0.136496 
275 5.538399 0.000000 2.086117 101.781840 0.000000 34.112000 -0.152317 
276 8.050403 0.000000 1.510246 96.534059 0.000000 56.546299 -0.251631 
277 8.678404 0.000000 1.510246 81.309812 0.000000 107.043510 -0.806960 
278 8.050403 0.000000 2.086117 96.204217 0.000000 45.953468 -0.136697 
279 9.306405 0.000000 -0.793241 90.455276 0.000000 24.081095 0.123794 
280 8.678404 0.000000 -0.793241 90.178259 0.000000 23.240047 0.132778 
281 9.306405 0.000000 -1.369112 89.962940 0.000000 23.690706 0.134542 
282 8.050403 0.000000 -0.793241 89.568105 0.000000 22.428483 0.147452 
283 7.422402 0.000000 -0.793241 88.534981 0.000000 22.098981 0.167319 
284 8.050403 0.000000 -1.369112 89.232697 0.000000 23.299085 0.149468 
285 13.702412 0.000000 -1.369112 97.350620 0.000000 31.741857 -0.048469 
286 13.702412 0.000000 -2.520856 94.926678 0.000000 24.941398 0.036685 
287 14.958414 0.000000 -1.369112 94.197026 0.000000 31.016200 0.016492 
288 11.818409 0.000000 -0.793241 91.210333 0.000000 15.787503 0.143143 
289 11.818409 0.000000 -1.369112 93.385750 0.000000 20.862920 0.084384 
290 12.446410 0.000000 -0.793241 102.000428 0.000000 14.473003 -0.061356 
291 67.710499 0.000000 55.066309 95.966120 0.000000 28.224054 -0.000609 
292 87.806532 0.000000 55.066309 96.007104 0.000000 28.036198 -0.000339 
293 67.710499 0.000000 73.494202 95.878504 0.000000 28.510513 -0.000554 
294 37.566451 0.000000 27.424470 96.381122 0.000000 27.136853 -0.002573 
295 47.614467 0.000000 27.424470 96.440434 0.000000 26.746566 -0.001614 
296 37.566451 0.000000 36.638417 96.156069 0.000000 27.881202 -0.002335 
297 22.494427 0.000000 13.603551 97.181242 0.000000 25.366716 -0.008766 
298 27.518435 0.000000 13.603551 97.009679 0.000000 25.273163 -0.004961 
299 22.494427 0.000000 18.210524 96.884216 0.000000 26.427879 -0.008498 
300 14.958414 0.000000 6.693091 97.158817 0.000000 25.671740 -0.009887 
301 17.470418 0.000000 6.693091 91.870593 0.000000 35.088165 0.032861 
302 14.958414 0.000000 8.996577 98.117335 0.000000 24.658831 -0.023507 
303 11.190408 0.000000 3.237861 90.529849 0.000000 46.499082 -0.035782 
304 12.446410 0.000000 3.237861 86.479492 0.000000 43.365599 0.064072 
305 11.190408 0.000000 4.389604 98.708703 0.000000 26.296594 -0.043492 
306 6.794401 0.000000 -0.793241 87.024204 0.000000 22.775414 0.190807 
307 6.166400 0.000000 -0.793241 85.758602 0.000000 25.578000 0.199123 
308 6.794401 0.000000 -1.369112 88.157432 0.000000 24.309197 0.163733 
309 5.538399 0.000000 -0.793241 87.116842 0.000000 30.292126 0.149304 
310 4.910398 0.000000 -0.793241 94.287718 0.000000 32.268788 0.006855 
311 5.538399 0.000000 -1.369112 89.414557 0.000000 27.738946 0.123559 
312 9.306405 0.000000 1.510246 95.188450 0.000000 44.464071 -0.103789 
313 9.934406 0.000000 1.510246 97.003726 0.000000 35.973755 -0.070383 
314 9.306405 0.000000 2.086117 95.742540 0.000000 38.513675 -0.064994 
315 13.702412 0.000000 3.237861 91.595928 0.000000 37.288014 0.021979 
316 14.958414 0.000000 3.237861 93.766126 0.000000 33.531139 0.008358 
317 13.702412 0.000000 4.389604 86.364634 0.000000 48.798305 0.015988 
318 10.562407 0.000000 1.510246 94.358934 0.000000 46.662021 -0.108095 
319 11.190408 0.000000 1.510246 88.378344 0.000000 62.749093 -0.174818 
320 10.562407 0.000000 2.086117 88.982102 0.000000 59.722952 -0.148465 
321 11.818409 0.000000 1.510246 88.188487 0.000000 35.164175 0.098627 
322 12.446410 0.000000 1.510246 84.288521 0.000000 24.066945 0.231623 
323 11.818409 0.000000 2.086117 91.368163 0.000000 43.008082 -0.019784 
1 1 12 10 11 
2 12 7 13 10 
3 7 16 15 13 
4 16 2 17 15 
5 10 25 23 24 
6 25 13 26 23 
7 13 32 31 26 
8 32 15 33 31 
9 23 41 39 40 
10 41 26 42 39 
11 26 48 47 42 
12 48 31 49 47 
13 39 57 55 56 
14 57 42 58 55 
15 42 77 76 58 
16 77 47 78 76 
17 55 81 79 80 
18 81 58 82 79 
19 58 93 92 82 
20 93 76 94 92 
21 79 97 95 96 
22 97 82 98 95 
23 89 105 103 104 
24 105 5 106 103 
25 103 106 90 107 
26 6 110 108 109 
27 110 14 36 108 
28 108 36 19 111 
29 109 108 111 20 
30 14 114 112 113 
31 114 27 52 112 
32 112 52 35 115 
33 113 112 115 36 
34 27 118 116 117 
35 118 43 64 116 
36 116 64 51 119 
37 117 116 119 52 
38 43 122 120 121 
39 122 59 72 120 
40 120 72 63 123 
41 121 120 123 64 
42 59 126 124 125 
43 126 73 88 124 
44 124 88 71 127 
45 125 124 127 72 
46 73 130 128 129 
47 130 89 104 128 
48 128 104 87 131 
49 129 128 131 88 
50 19 38 132 133 
51 38 21 134 132 
52 132 134 9 135 
53 133 132 135 22 
54 35 54 136 137 
55 54 37 138 136 
56 136 138 21 139 
57 137 136 139 38 
58 51 66 140 141 
59 66 53 142 140 
60 140 142 37 143 
61 141 140 143 54 
62 63 75 144 145 
63 75 65 146 144 
64 144 146 53 147 
65 145 144 147 66 
66 71 91 148 149 
67 91 74 150 148 
68 148 150 65 151 
69 149 148 151 75 
70 87 107 152 153 
71 107 90 154 152 
72 152 154 74 155 
73 153 152 155 91 
74 104 158 156 157 
75 158 103 159 156 
76 156 159 107 160 
77 157 156 160 87 
78 82 162 161 98 
79 162 92 163 161 
80 5 165 164 106 
81 165 100 166 164 
82 164 166 99 167 
83 106 164 167 90 
84 18 169 168 45 
85 169 8 170 168 
86 168 170 29 171 
87 45 168 171 28 
88 34 173 172 61 
89 173 18 174 172 
90 172 174 45 175 
91 61 172 175 44 
92 50 177 176 69 
93 177 34 178 176 
94 176 178 61 179 
95 69 176 179 60 
96 181 50 182 180 
97 180 182 69 183 
98 100 189 188 166 
99 189 84 190 188 
100 188 190 101 191 
101 166 188 191 99 
102 15 193 192 33 
103 193 17 194 192 
104 192 194 8 169 
105 33 192 169 18 
106 31 196 195 49 
107 196 33 197 195 
108 195 197 18 173 
109 49 195 173 34 
110 47 199 198 78 
111 199 49 200 198 
112 198 200 34 177 
113 78 198 177 50 
114 76 202 201 94 
115 202 78 203 201 
116 201 203 50 181 
117 92 205 204 163 
118 205 94 206 204 
119 84 208 207 190 
120 207 209 184 210 
121 190 207 210 101 
122 163 213 211 212 
123 213 204 214 211 
124 211 214 185 208 
125 212 211 208 84 
126 68 216 215 186 
127 216 181 217 215 
128 215 217 180 218 
129 186 215 218 85 
130 185 220 219 209 
131 220 68 221 219 
132 219 221 186 222 
133 209 219 222 184 
134 208 225 223 224 
135 225 185 226 223 
136 223 226 209 227 
137 224 223 227 207 
138 11 230 228 229 
139 230 10 24 228 
140 228 24 14 110 
141 229 228 110 6 
142 20 111 231 232 
143 111 19 133 231 
144 231 133 22 233 
145 232 231 233 4 
146 24 236 234 235 
147 236 23 40 234 
148 234 40 27 114 
149 235 234 114 14 
150 21 46 237 134 
151 46 28 238 237 
152 237 238 30 239 
153 134 237 239 9 
154 36 115 240 241 
155 115 35 137 240 
156 240 137 38 242 
157 241 240 242 19 
158 40 245 243 244 
159 245 39 56 243 
160 243 56 43 118 
161 244 243 118 27 
162 37 62 246 138 
163 62 44 247 246 
164 246 247 46 248 
165 138 246 248 21 
166 52 119 249 250 
167 119 51 141 249 
168 249 141 54 251 
169 250 249 251 35 
170 56 254 252 253 
171 254 55 80 252 
172 252 80 59 122 
173 253 252 122 43 
174 53 70 255 142 
175 70 60 256 255 
176 255 256 62 257 
177 142 255 257 37 
178 64 123 258 259 
179 123 63 145 258 
180 258 145 66 260 
181 259 258 260 51 
182 65 86 261 146 
183 86 67 262 261 
184 261 262 70 263 
185 146 261 263 53 
186 72 127 264 265 
187 127 71 149 264 
188 264 149 75 266 
189 265 264 266 63 
190 80 269 267 268 
191 269 79 96 267 
192 267 96 73 126 
193 268 267 126 59 
194 74 102 270 150 
195 102 83 271 270 
196 270 271 86 272 
197 150 270 272 65 
198 88 131 273 274 
199 131 87 153 273 
200 273 153 91 275 
201 274 273 275 71 
202 90 167 276 154 
203 167 99 277 276 
204 276 277 102 278 
205 154 276 278 74 
206 161 281 279 280 
207 281 163 212 279 
208 279 212 84 189 
209 280 279 189 100 
210 98 284 282 283 
211 284 161 280 282 
212 282 280 100 165 
213 283 282 165 5 
214 94 286 285 206 
215 286 201 287 285 
216 285 287 181 216 
217 206 285 216 68 
218 204 289 288 214 
219 289 206 290 288 
220 288 290 68 220 
221 214 288 220 185 
222 28 171 291 238 
223 171 29 292 291 
224 291 292 3 293 
225 238 291 293 30 
226 44 175 294 247 
227 175 45 295 294 
228 294 295 28 296 
229 247 294 296 46 
230 60 179 297 256 
231 179 61 298 297 
232 297 298 44 299 
233 256 297 299 62 
234 67 183 300 262 
235 183 69 301 300 
236 300 301 60 302 
237 262 300 302 70 
238 83 187 303 271 
239 187 85 304 303 
240 303 304 67 305 
241 271 303 305 86 
242 95 308 306 307 
243 308 98 283 306 
244 306 283 5 105 
245 307 306 105 89 
246 96 311 309 310 
247 311 95 307 309 
248 309 307 89 130 
249 310 309 130 73 
250 99 191 312 277 
251 191 101 313 312 
252 312 313 83 314 
253 277 312 314 102 
254 85 218 315 304 
255 218 180 316 315 
256 315 316 183 317 
257 304 315 317 67 
258 101 210 318 313 
259 210 184 319 318 
260 318 319 187 320 
261 313 318 320 83 
262 184 222 321 319 
263 222 186 322 321 
264 321 322 85 323 
265 319 321 323 187 
