2 0.000000 100.000000 410.334720
323 265 
1 -72.961727 0.000000 -73.928940 97.170901 0.000000 23.556175 0.000292 
2 87.806532 0.000000 -73.928940 97.182087 0.000000 23.455381 0.000549 
3 87.806532 0.000000 73.494202 97.263589 0.000000 23.302786 -0.000323 
4 -72.961727 0.000000 73.494202 97.211975 0.000000 23.553691 -0.000494 
5 7.422402 0.000000 -0.217369 90.329144 0.000000 12.603586 0.168180 
6 -72.961727 0.000000 -0.217369 97.193048 0.000000 23.576289 -0.000233 
7 7.422402 0.000000 -73.928940 97.130374 0.000000 23.498072 0.001353 
8 87.806532 0.000000 -0.217369 97.556157 0.000000 21.963038 0.000042 
9 7.422402 0.000000 73.494202 97.277744 0.000000 23.470919 -0.001384 
10 -32.769663 0.000000 -37.073155 97.121753 0.000000 23.577364 0.001147 
11 -72.961727 0.000000 -37.073155 97.174035 0.000000 23.568011 0.000176 
12 -32.769663 0.000000 -73.928940 97.149264 0.000000 23.545170 0.000765 
13 7.422402 0.000000 -37.073155 96.961902 0.000000 23.366290 0.005241 
14 -32.769663 0.000000 -0.217369 97.205626 0.000000 23.655615 -0.000852 
15 47.614467 0.000000 -37.073155 97.155146 0.000000 23.184127 0.002337 
16 47.614467 0.000000 -73.928940 97.155207 0.000000 23.454310 0.001076 
17 87.806532 0.000000 -37.073155 97.218428 0.000000 23.286901 0.000630 
18 47.614467 0.000000 -0.217369 97.807500 0.000000 20.701295 0.000515 
19 -32.769663 0.000000 36.638417 97.280825 0.000000 23.569673 -0.001909 
20 -72.961727 0.000000 36.638417 97.211043 0.000000 23.566323 -0.000536 
21 7.422402 0.000000 36.638417 97.519745 0.000000 23.278996 -0.005201 
22 -32.769663 0.000000 73.494202 97.241472 0.000000 23.537505 -0.000992 
23 -12.673630 0.000000 -18.645262 96.942931 0.000000 23.646647 0.004290 
24 -32.769663 0.000000 -18.645262 97.133256 0.000000 23.622793 0.000709 
25 -12.673630 0.000000 -37.073155 97.038005 0.000000 23.537666 0.002960 
26 7.422402 0.000000 -18.645262 96.434934 0.000000 22.987782 0.017187 
27 -12.673630 0.000000 -0.217369 97.238573 0.000000 23.950300 -0.002896 
28 47.614467 0.000000 36.638417 97.458149 0.000000 22.717672 -0.001418 
29 87.806532 0.000000 36.638417 97.568779 0.000000 22.015458 -0.000435 
30 47.614467 0.000000 73.494202 97.271208 0.000000 23.379485 -0.000829 
31 27.518435 0.000000 -18.645262 97.019216 0.000000 22.296123 0.009015 
32 27.518435 0.000000 -37.073155 97.046578 0.000000 23.192751 0.004406 
33 47.614467 0.000000 -18.645262 97.275342 0.000000 22.597358 0.002687 
34 27.518435 0.000000 -0.217369 96.985404 0.000000 23.557146 0.003889 
35 -12.673630 0.000000 18.210524 97.521038 0.000000 23.627637 -0.006862 
36 -32.769663 0.000000 18.210524 97.275619 0.000000 23.618209 -0.002037 
37 7.422402 0.000000 18.210524 98.262936 0.000000 22.741494 -0.017278 
38 -12.673630 0.000000 36.638417 97.391956 0.000000 23.514083 -0.003811 
39 -2.625614 0.000000 -9.431316 96.297501 0.000000 23.804354 0.016014 
40 -12.673630 0.000000 -9.431316 96.972466 0.000000 23.811503 0.002935 
41 -2.625614 0.000000 -18.645262 96.670493 0.000000 23.502033 0.010247 
42 7.422402 0.000000 -9.431316 95.209698 0.000000 22.244546 0.044029 
43 -2.625614 0.000000 -0.217369 97.288448 0.000000 25.442651 -0.011237 
44 27.518435 0.000000 18.210524 97.952345 0.000000 21.409523 -0.005303 
45 47.614467 0.000000 18.210524 97.917945 0.000000 20.686647 -0.001586 
46 27.518435 0.000000 36.638417 97.500373 0.000000 22.961475 -0.003355 
47 17.470418 0.000000 -9.431316 96.299827 0.000000 20.712016 0.029736 
48 17.470418 0.000000 -18.645262 96.652872 0.000000 22.409847 0.015602 
49 27.518435 0.000000 -9.431316 97.236641 0.000000 21.014042 0.010345 
50 17.470418 0.000000 -0.217369 95.073818 0.000000 30.946412 0.000329 
51 -2.625614 0.000000 8.996577 98.347157 0.000000 23.766011 -0.023699 
52 -12.673630 0.000000 8.996577 97.505016 0.000000 23.803422 -0.007383 
53 7.422402 0.000000 8.996577 99.897407 0.000000 21.741065 -0.045217 
54 -2.625614 0.000000 18.210524 97.878562 0.000000 23.438838 -0.012959 
55 2.398394 0.000000 -4.824342 94.394934 0.000000 23.318163 0.054586 
56 -2.625614 0.000000 -4.824342 96.146457 0.000000 24.414609 0.015979 
57 2.398394 0.000000 -9.431316 95.640543 0.000000 23.276565 0.031109 
58 7.422402 0.000000 -4.824342 93.372991 0.000000 21.190299 0.083246 
59 2.398394 0.000000 -0.217369 97.982232 0.000000 29.531734 -0.047264 
60 17.470418 0.000000 8.996577 98.817143 0.000000 20.013051 -0.016535 
61 27.518435 0.000000 8.996577 96.973439 0.000000 24.818121 -0.001979 
62 17.470418 0.000000 18.210524 98.180064 0.000000 21.920992 -0.011985 
63 2.398394 0.000000 4.389604 100.764315 0.000000 23.449454 -0.070332 
64 -2.625614 0.000000 4.389604 98.505792 0.000000 24.444846 -0.030094 
65 7.422402 0.000000 4.389604 102.311247 0.000000 20.652404 -0.089411 
66 2.398394 0.000000 8.996577 99.230716 0.000000 23.105382 -0.038059 
67 12.446410 0.000000 4.389604 99.163817 0.000000 20.844994 -0.026798 
68 12.446410 0.000000 -0.217369 70.441763 0.000000 -22.523414 0.453065 
69 17.470418 0.000000 4.389604 91.496277 0.000000 39.170547 0.009410 
70 12.446410 0.000000 8.996577 99.627235 0.000000 20.321646 -0.033856 
71 4.910398 0.000000 2.086117 102.047781 0.000000 26.595140 -0.112105 
72 2.398394 0.000000 2.086117 102.057945 0.000000 24.515057 -0.101681 
73 4.910398 0.000000 -0.217369 84.463830 0.000000 47.197693 0.063824 
74 7.422402 0.000000 2.086117 102.504158 0.000000 28.106825 -0.129710 
75 4.910398 0.000000 4.389604 101.585981 0.000000 22.294157 -0.081674 
76 12.446410 0.000000 -4.824342 94.643008 0.000000 19.199859 0.067407 
77 12.446410 0.000000 -9.431316 95.500399 0.000000 21.149222 0.043238 
78 17.470418 0.000000 -4.824342 96.396628 0.000000 19.760250 0.031722 
79 4.910398 0.000000 -2.520856 93.136360 0.000000 22.249805 0.083056 
80 2.398394 0.000000 -2.520856 92.783542 0.000000 22.887816 0.086736 
81 4.910398 0.000000 -4.824342 93.880198 0.000000 22.379608 0.068566 
82 7.422402 0.000000 -2.520856 91.745985 0.000000 20.220323 0.117381 
83 9.934406 0.000000 2.086117 95.936427 0.000000 36.751817 -0.055449 
84 9.934406 0.000000 -0.217369 95.663165 0.000000 -2.299835 0.084327 
85 12.446410 0.000000 2.086117 50.062088 0.000000 91.809928 -0.093528 
86 9.934406 0.000000 4.389604 101.658663 0.000000 19.425600 -0.071184 
87 6.166400 0.000000 0.934374 109.156912 0.000000 39.533117 -0.347810 
88 4.910398 0.000000 0.934374 94.136232 0.000000 51.479808 -0.151180 
89 6.166400 0.000000 -0.217369 81.380728 0.000000 19.402948 0.300070 
90 7.422402 0.000000 0.934374 94.611579 0.000000 -2.267199 0.104351 
91 6.166400 0.000000 2.086117 103.899269 0.000000 26.792579 -0.151290 
92 9.934406 0.000000 -2.520856 92.454068 0.000000 18.439187 0.111224 
93 9.934406 0.000000 -4.824342 93.542220 0.000000 19.846965 0.085595 
94 12.446410 0.000000 -2.520856 95.677106 0.000000 18.604466 0.049977 
95 6.166400 0.000000 -1.369112 90.108866 0.000000 21.992965 0.139670 
96 4.910398 0.000000 -1.369112 93.976486 0.000000 24.358453 0.057509 
97 6.166400 0.000000 -2.520856 92.087448 0.000000 21.462956 0.105924 
98 7.422402 0.000000 -1.369112 90.760978 0.000000 19.408700 0.138575 
99 8.678404 0.000000 0.934374 95.170269 0.000000 -2.509702 0.093632 
100 8.678404 0.000000 -0.217369 95.170269 0.000000 -2.509702 0.093632 
101 9.934406 0.000000 0.934374 97.266337 0.000000 20.975904 0.009927 
102 8.678404 0.000000 2.086117 98.900052 0.000000 34.386943 -0.096368 
103 6.794401 0.000000 0.358503 95.104537 0.000000 -1.888535 0.095156 
104 6.166400 0.000000 0.358503 97.386518 0.000000 10.076182 0.041434 
105 6.794401 0.000000 -0.217369 86.980005 0.000000 13.797392 0.224411 
106 7.422402 0.000000 0.358503 94.713326 0.000000 -2.276178 0.102420 
107 6.794401 0.000000 0.934374 103.401875 0.000000 32.008163 -0.171647 
108 -52.865695 0.000000 18.210524 97.221502 0.000000 23.589086 -0.000847 
109 -72.961727 0.000000 18.210524 97.204140 0.000000 23.573103 -0.000434 
110 -52.865695 0.000000 -0.217369 97.196642 0.000000 23.598223 -0.000406 
111 -52.865695 0.000000 36.638417 97.232041 0.000000 23.571895 -0.000970 
112 -22.721646 0.000000 8.996577 97.310134 0.000000 23.703464 -0.003112 
113 -32.769663 0.000000 8.996577 97.248606 0.000000 23.644249 -0.001634 
114 -22.721646 0.000000 -0.217369 97.215450 0.000000 23.737046 -0.001429 
115 -22.721646 0.000000 18.210524 97.351186 0.000000 23.639437 -0.003608 
116 -7.649622 0.000000 4.389604 97.648079 0.000000 24.119922 -0.011692 
117 -12.673630 0.000000 4.389604 97.405504 0.000000 23.903847 -0.005923 
118 -7.649622 0.000000 -0.217369 97.260399 0.000000 24.271910 -0.004871 
119 -7.649622 0.000000 8.996577 97.776254 0.000000 23.862944 -0.012964 
120 -0.113610 0.000000 2.086117 99.853089 0.000000 25.747003 -0.063355 
121 -2.625614 0.000000 2.086117 98.219427 0.000000 25.102319 -0.027718 
122 -0.113610 0.000000 -0.217369 98.244551 0.000000 27.861921 -0.042828 
123 -0.113610 0.000000 4.389604 99.578400 0.000000 24.313463 -0.050700 
124 3.654396 0.000000 0.934374 96.257171 0.000000 32.857683 -0.034507 
125 2.398394 0.000000 0.934374 102.715813 0.000000 27.249707 -0.129308 
126 3.654396 0.000000 -0.217369 94.577303 0.000000 8.755127 0.097848 
127 3.654396 0.000000 2.086117 101.328088 0.000000 24.730949 -0.087900 
128 5.538399 0.000000 0.358503 90.221372 0.000000 42.128674 0.008528 
129 4.910398 0.000000 0.358503 89.052494 0.000000 54.451020 -0.089526 
130 5.538399 0.000000 -0.217369 85.193623 0.000000 50.092038 0.023283 
131 5.538399 0.000000 0.934374 102.632427 0.000000 52.952913 -0.333743 
132 -12.673630 0.000000 55.066309 97.306615 0.000000 23.504898 -0.002106 
133 -32.769663 0.000000 55.066309 97.261314 0.000000 23.545973 -0.001418 
134 7.422402 0.000000 55.066309 97.344449 0.000000 23.416636 -0.002428 
135 -12.673630 0.000000 73.494202 97.261724 0.000000 23.512152 -0.001266 
136 -2.625614 0.000000 27.424470 97.609733 0.000000 23.403294 -0.007537 
137 -12.673630 0.000000 27.424470 97.455295 0.000000 23.543109 -0.005181 
138 7.422402 0.000000 27.424470 97.733980 0.000000 23.117881 -0.008637 
139 -2.625614 0.000000 36.638417 97.464004 0.000000 23.423051 -0.004787 
140 2.398394 0.000000 13.603551 98.507865 0.000000 23.105934 -0.023768 
141 -2.625614 0.000000 13.603551 98.087146 0.000000 23.527093 -0.017461 
142 7.422402 0.000000 13.603551 98.807916 0.000000 22.406719 -0.026507 
143 2.398394 0.000000 18.210524 98.097320 0.000000 23.168803 -0.015988 
144 4.910398 0.000000 6.693091 100.440032 0.000000 22.304603 -0.058570 
145 2.398394 0.000000 6.693091 99.812024 0.000000 23.182373 -0.049986 
146 7.422402 0.000000 6.693091 100.853771 0.000000 21.204860 -0.062113 
147 4.910398 0.000000 8.996577 99.626526 0.000000 22.497661 -0.043159 
148 6.166400 0.000000 3.237861 103.003403 0.000000 22.183873 -0.110183 
149 4.910398 0.000000 3.237861 102.200819 0.000000 22.941900 -0.097134 
150 7.422402 0.000000 3.237861 103.093791 0.000000 21.131759 -0.107488 
151 6.166400 0.000000 4.389604 102.037377 0.000000 21.553801 -0.087619 
152 6.794401 0.000000 1.510246 102.260848 0.000000 37.739859 -0.188158 
153 6.166400 0.000000 1.510246 103.813137 0.000000 37.368148 -0.217355 
154 7.422402 0.000000 1.510246 100.380848 0.000000 38.400502 -0.155091 
155 6.794401 0.000000 2.086117 103.601191 0.000000 26.811562 -0.145207 
156 6.480401 0.000000 0.646438 96.234007 0.000000 -0.137159 0.073900 
157 6.166400 0.000000 0.646438 97.647351 0.000000 8.305544 0.039601 
158 6.480401 0.000000 0.358503 96.278618 0.000000 -0.392732 0.073027 
159 6.794401 0.000000 0.646438 95.212959 0.000000 -1.819599 0.093118 
160 6.480401 0.000000 0.934374 106.697391 0.000000 33.998901 -0.254026 
161 8.678404 0.000000 -1.369112 91.706129 0.000000 19.064140 0.122654 
162 8.678404 0.000000 -2.520856 92.028278 0.000000 19.214955 0.116158 
163 9.934406 0.000000 -1.369112 92.152033 0.000000 19.202551 0.113926 
164 8.050403 0.000000 0.358503 94.777989 0.000000 -2.445728 0.101115 
165 8.050403 0.000000 -0.217369 94.605119 0.000000 -2.442146 0.104391 
166 8.678404 0.000000 0.358503 95.262646 0.000000 -2.505807 0.091875 
167 8.050403 0.000000 0.934374 94.605119 0.000000 -2.442146 0.104391 
168 67.710499 0.000000 18.210524 94.744045 0.000000 33.664388 -0.010973 
169 67.710499 0.000000 -0.217369 97.699802 0.000000 21.309670 0.000065 
170 87.806532 0.000000 18.210524 96.472114 0.000000 26.494891 -0.000885 
171 67.710499 0.000000 36.638417 97.481706 0.000000 22.439053 -0.000619 
172 37.566451 0.000000 8.996577 92.265312 0.000000 43.912551 -0.044120 
173 37.566451 0.000000 -0.217369 97.666208 0.000000 21.027540 0.001915 
174 47.614467 0.000000 8.996577 97.219749 0.000000 23.382893 0.000156 
175 37.566451 0.000000 18.210524 97.889682 0.000000 21.027754 -0.002456 
176 22.494427 0.000000 4.389604 89.074834 0.000000 39.800052 0.048163 
177 22.494427 0.000000 -0.217369 96.648010 0.000000 26.278560 -0.003140 
178 27.518435 0.000000 4.389604 97.870620 0.000000 20.412821 0.000466 
179 22.494427 0.000000 8.996577 98.084164 0.000000 20.722883 -0.004994 
180 14.958414 0.000000 2.086117 92.829350 0.000000 36.467782 0.005281 
181 14.958414 0.000000 -0.217369 92.181344 0.000000 37.818644 0.007235 
182 17.470418 0.000000 2.086117 91.979229 0.000000 45.938287 -0.057050 
183 14.958414 0.000000 4.389604 92.974560 0.000000 32.637604 0.029052 
184 11.190408 0.000000 0.934374 96.812647 0.000000 11.682231 0.049084 
185 11.190408 0.000000 -0.217369 84.057657 0.000000 8.524447 0.286164 
186 12.446410 0.000000 0.934374 80.390546 0.000000 22.198456 0.304459 
187 11.190408 0.000000 2.086117 96.730582 0.000000 28.045603 -0.014336 
188 9.306405 0.000000 0.358503 95.838770 0.000000 -2.476539 0.080880 
189 9.306405 0.000000 -0.217369 95.853041 0.000000 -2.478001 0.080605 
190 9.934406 0.000000 0.358503 95.659517 0.000000 -2.299159 0.084397 
191 9.306405 0.000000 0.934374 95.853041 0.000000 -2.478001 0.080605 
192 67.710499 0.000000 -18.645262 97.303242 0.000000 22.837866 0.001051 
193 67.710499 0.000000 -37.073155 97.203081 0.000000 23.235791 0.001166 
194 87.806532 0.000000 -18.645262 97.292204 0.000000 23.003380 0.000507 
195 37.566451 0.000000 -9.431316 97.460968 0.000000 21.454836 0.004105 
196 37.566451 0.000000 -18.645262 97.210911 0.000000 22.448878 0.004609 
197 47.614467 0.000000 -9.431316 97.486794 0.000000 21.829982 0.001978 
198 22.494427 0.000000 -4.824342 97.175025 0.000000 20.121819 0.015213 
199 22.494427 0.000000 -9.431316 96.912388 0.000000 20.788780 0.017582 
200 27.518435 0.000000 -4.824342 97.481007 0.000000 20.381314 0.008206 
201 14.958414 0.000000 -2.520856 96.183020 0.000000 21.250596 0.029724 
202 14.958414 0.000000 -4.824342 95.725066 0.000000 19.463862 0.045787 
203 17.470418 0.000000 -2.520856 96.500882 0.000000 21.319331 0.023307 
204 11.190408 0.000000 -1.369112 92.902022 0.000000 17.453885 0.106458 
205 11.190408 0.000000 -2.520856 93.706290 0.000000 17.955358 0.089674 
206 12.446410 0.000000 -1.369112 98.940025 0.000000 17.472871 -0.009443 
207 10.562407 0.000000 0.358503 93.999995 0.000000 -1.663777 0.116123 
208 10.562407 0.000000 -0.217369 89.932123 0.000000 14.115209 0.171297 
209 11.190408 0.000000 0.358503 88.265304 0.000000 -7.106401 0.215874 
210 10.562407 0.000000 0.934374 98.059945 0.000000 15.380573 0.014769 
211 10.562407 0.000000 -0.793241 91.348363 0.000000 19.125263 0.128970 
212 9.934406 0.000000 -0.793241 92.159190 0.000000 19.820415 0.111383 
213 10.562407 0.000000 -1.369112 92.278495 0.000000 18.734397 0.113370 
214 11.190408 0.000000 -0.793241 90.557012 0.000000 16.336144 0.153256 
215 13.702412 0.000000 0.934374 79.995850 0.000000 46.952612 0.139612 
216 13.702412 0.000000 -0.217369 88.313722 0.000000 54.224617 -0.073962 
217 14.958414 0.000000 0.934374 85.208019 0.000000 52.427151 -0.000901 
218 13.702412 0.000000 2.086117 93.757973 0.000000 31.436580 0.022118 
219 11.818409 0.000000 0.358503 73.092828 0.000000 -24.723095 0.404621 
220 11.818409 0.000000 -0.217369 68.217999 0.000000 -27.037036 0.461530 
221 12.446410 0.000000 0.358503 61.401638 0.000000 11.549121 0.609646 
222 11.818409 0.000000 0.934374 89.132404 0.000000 13.123203 0.188320 
223 10.876408 0.000000 0.070567 92.550112 0.000000 -1.846392 0.143107 
224 10.562407 0.000000 0.070567 94.073015 0.000000 -1.696842 0.114739 
225 10.876408 0.000000 -0.217369 87.247287 0.000000 12.602477 0.222909 
226 11.190408 0.000000 0.070567 86.750502 0.000000 -9.459430 0.238487 
227 10.876408 0.000000 0.358503 92.395428 0.000000 -1.371067 0.146121 
228 -52.865695 0.000000 -18.645262 97.171105 0.000000 23.590910 0.000125 
229 -72.961727 0.000000 -18.645262 97.181686 0.000000 23.574018 -0.000001 
230 -52.865695 0.000000 -37.073155 97.158733 0.000000 23.575165 0.000439 
231 -52.865695 0.000000 55.066309 97.230024 0.000000 23.557329 -0.000863 
232 -72.961727 0.000000 55.066309 97.213105 0.000000 23.559224 -0.000542 
233 -52.865695 0.000000 73.494202 97.224093 0.000000 23.549318 -0.000709 
234 -22.721646 0.000000 -9.431316 97.119934 0.000000 23.707284 0.000568 
235 -32.769663 0.000000 -9.431316 97.162037 0.000000 23.646550 0.000038 
236 -22.721646 0.000000 -18.645262 97.075476 0.000000 23.647786 0.001713 
237 27.518435 0.000000 55.066309 97.344521 0.000000 23.307711 -0.001921 
238 47.614467 0.000000 55.066309 97.325915 0.000000 23.216022 -0.001132 
239 27.518435 0.000000 73.494202 97.278181 0.000000 23.422995 -0.001168 
240 -22.721646 0.000000 27.424470 97.347715 0.000000 23.587075 -0.003293 
241 -32.769663 0.000000 27.424470 97.284294 0.000000 23.591335 -0.002078 
242 -22.721646 0.000000 36.638417 97.326454 0.000000 23.554333 -0.002725 
243 -7.649622 0.000000 -4.824342 96.881454 0.000000 24.116552 0.003238 
244 -12.673630 0.000000 -4.824342 97.072649 0.000000 23.906254 0.000539 
245 -7.649622 0.000000 -9.431316 96.753844 0.000000 23.875554 0.006865 
246 17.470418 0.000000 27.424470 97.736202 0.000000 22.770140 -0.007084 
247 27.518435 0.000000 27.424470 97.660074 0.000000 22.484965 -0.004306 
248 17.470418 0.000000 36.638417 97.527343 0.000000 23.111172 -0.004571 
249 -7.649622 0.000000 13.603551 97.747349 0.000000 23.679240 -0.011525 
250 -12.673630 0.000000 13.603551 97.533991 0.000000 23.702990 -0.007471 
251 -7.649622 0.000000 18.210524 97.673745 0.000000 23.573872 -0.009589 
252 -0.113610 0.000000 -2.520856 94.644706 0.000000 25.389992 0.039773 
253 -2.625614 0.000000 -2.520856 96.375341 0.000000 25.050626 0.008426 
254 -0.113610 0.000000 -4.824342 95.236507 0.000000 24.230559 0.034289 
255 12.446410 0.000000 13.603551 98.797253 0.000000 21.623810 -0.022849 
256 17.470418 0.000000 13.603551 98.541384 0.000000 21.048492 -0.015344 
257 12.446410 0.000000 18.210524 98.283074 0.000000 22.292506 -0.015652 
258 -0.113610 0.000000 6.693091 99.118196 0.000000 23.779458 -0.038988 
259 -2.625614 0.000000 6.693091 98.477236 0.000000 24.022792 -0.027486 
260 -0.113610 0.000000 8.996577 98.777039 0.000000 23.533755 -0.031074 
261 9.934406 0.000000 6.693091 100.813736 0.000000 20.051923 -0.056549 
262 12.446410 0.000000 6.693091 100.086482 0.000000 19.450811 -0.039564 
263 9.934406 0.000000 8.996577 99.906752 0.000000 20.951191 -0.042031 
264 3.654396 0.000000 3.237861 101.655726 0.000000 23.276489 -0.087568 
265 2.398394 0.000000 3.237861 101.338494 0.000000 23.782504 -0.083510 
266 3.654396 0.000000 4.389604 101.151491 0.000000 22.848121 -0.075366 
267 3.654396 0.000000 -1.369112 94.180125 0.000000 19.434983 0.075239 
268 2.398394 0.000000 -1.369112 91.049073 0.000000 19.917545 0.131336 
269 3.654396 0.000000 -2.520856 93.328006 0.000000 22.121188 0.080054 
270 8.678404 0.000000 3.237861 102.430747 0.000000 20.764470 -0.092322 
271 9.934406 0.000000 3.237861 101.018960 0.000000 21.903899 -0.068461 
272 8.678404 0.000000 4.389604 102.227960 0.000000 19.851265 -0.084463 
273 5.538399 0.000000 1.510246 102.394002 0.000000 36.799470 -0.183873 
274 4.910398 0.000000 1.510246 100.217306 0.000000 33.766477 -0.118368 
275 5.538399 0.000000 2.086117 103.194603 0.000000 27.088588 -0.138292 
276 8.050403 0.000000 1.510246 99.908197 0.000000 36.678209 -0.132694 
277 8.678404 0.000000 1.510246 100.152190 0.000000 31.804660 -0.104200 
278 8.050403 0.000000 2.086117 101.005881 0.000000 30.751279 -0.114783 
279 9.306405 0.000000 -0.793241 92.351196 0.000000 19.411014 0.109447 
280 8.678404 0.000000 -0.793241 92.083255 0.000000 18.774960 0.116818 
281 9.306405 0.000000 -1.369112 91.994656 0.000000 19.203307 0.116822 
282 8.050403 0.000000 -0.793241 91.467552 0.000000 18.214363 0.130192 
283 7.422402 0.000000 -0.793241 90.408111 0.000000 18.160247 0.149658 
284 8.050403 0.000000 -1.369112 91.307147 0.000000 19.013515 0.130149 
285 13.702412 0.000000 -1.369112 98.750302 0.000000 26.578427 -0.045803 
286 13.702412 0.000000 -2.520856 96.434907 0.000000 20.467506 0.028139 
287 14.958414 0.000000 -1.369112 95.824144 0.000000 26.140791 0.013439 
288 11.818409 0.000000 -0.793241 93.083460 0.000000 11.150827 0.121113 
289 11.818409 0.000000 -1.369112 95.089252 0.000000 16.327817 0.069144 
290 12.446410 0.000000 -0.793241 103.271470 0.000000 10.141552 -0.076785 
291 67.710499 0.000000 55.066309 97.317683 0.000000 23.133090 -0.000587 
292 87.806532 0.000000 55.066309 97.327883 0.000000 23.031998 -0.000319 
293 67.710499 0.000000 73.494202 97.264812 0.000000 23.341425 -0.000527 
294 37.566451 0.000000 27.424470 97.614740 0.000000 22.267051 -0.002446 
295 47.614467 0.000000 27.424470 97.616463 0.000000 22.035531 -0.001454 
296 37.566451 0.000000 36.638417 97.470396 0.000000 22.836572 -0.002199 
297 22.494427 0.000000 13.603551 98.280886 0.000000 20.732472 -0.008897 
298 27.518435 0.000000 13.603551 98.124791 0.000000 20.569105 -0.005156 
299 22.494427 0.000000 18.210524 98.051175 0.000000 21.630656 -0.008192 
300 14.958414 0.000000 6.693091 99.002298 0.000000 19.848600 -0.019542 
301 17.470418 0.000000 6.693091 97.984946 0.000000 21.868278 -0.007927 
302 14.958414 0.000000 8.996577 99.196192 0.000000 20.018535 -0.024063 
303 11.190408 0.000000 3.237861 98.199823 0.000000 26.449691 -0.034279 
304 12.446410 0.000000 3.237861 92.634921 0.000000 37.447847 0.001643 
305 11.190408 0.000000 4.389604 100.679983 0.000000 19.547212 -0.051855 
306 6.794401 0.000000 -0.793241 88.828579 0.000000 19.138968 0.174318 
307 6.166400 0.000000 -0.793241 87.420118 0.000000 22.281071 0.186128 
308 6.794401 0.000000 -1.369112 90.180781 0.000000 20.274908 0.145635 
309 5.538399 0.000000 -0.793241 88.600278 0.000000 27.501576 0.139365 
310 4.910398 0.000000 -0.793241 95.745963 0.000000 30.185793 -0.007847 
311 5.538399 0.000000 -1.369112 91.293928 0.000000 24.043178 0.108734 
312 9.306405 0.000000 1.510246 98.942778 0.000000 27.720744 -0.055811 
313 9.934406 0.000000 1.510246 98.548104 0.000000 28.661644 -0.053322 
314 9.306405 0.000000 2.086117 96.520284 0.000000 37.635430 -0.073259 
315 13.702412 0.000000 3.237861 87.479477 0.000000 44.303339 0.038456 
316 14.958414 0.000000 3.237861 92.124625 0.000000 40.886175 -0.015863 
317 13.702412 0.000000 4.389604 97.074587 0.000000 24.304562 -0.001419 
318 10.562407 0.000000 1.510246 87.040705 0.000000 92.576654 -0.614652 
319 11.190408 0.000000 1.510246 96.028665 0.000000 26.343071 0.008454 
320 10.562407 0.000000 2.086117 96.577077 0.000000 32.209841 -0.036461 
321 11.818409 0.000000 1.510246 96.844024 0.000000 30.806851 -0.032783 
322 12.446410 0.000000 1.510246 96.342926 0.000000 17.863200 0.039895 
323 11.818409 0.000000 2.086117 95.650090 0.000000 25.539179 0.019881 
1 1 12 10 11 
2 12 7 13 10 
3 7 16 15 13 
4 16 2 17 15 
5 10 25 23 24 
6 25 13 26 23 
7 13 32 31 26 
8 32 15 33 31 
9 23 41 39 40 
10 41 26 42 39 
11 26 48 47 42 
12 48 31 49 47 
13 39 57 55 56 
14 57 42 58 55 
15 42 77 76 58 
16 77 47 78 76 
17 55 81 79 80 
18 81 58 82 79 
19 58 93 92 82 
20 93 76 94 92 
21 79 97 95 96 
22 97 82 98 95 
23 89 105 103 104 
24 105 5 106 103 
25 103 106 90 107 
26 6 110 108 109 
27 110 14 36 108 
28 108 36 19 111 
29 109 108 111 20 
30 14 114 112 113 
31 114 27 52 112 
32 112 52 35 115 
33 113 112 115 36 
34 27 118 116 117 
35 118 43 64 116 
36 116 64 51 119 
37 117 116 119 52 
38 43 122 120 121 
39 122 59 72 120 
40 120 72 63 123 
41 121 120 123 64 
42 59 126 124 125 
43 126 73 88 124 
44 124 88 71 127 
45 125 124 127 72 
46 73 130 128 129 
47 130 89 104 128 
48 128 104 87 131 
49 129 128 131 88 
50 19 38 132 133 
51 38 21 134 132 
52 132 134 9 135 
53 133 132 135 22 
54 35 54 136 137 
55 54 37 138 136 
56 136 138 21 139 
57 137 136 139 38 
58 51 66 140 141 
59 66 53 142 140 
60 140 142 37 143 
61 141 140 143 54 
62 63 75 144 145 
63 75 65 146 144 
64 144 146 53 147 
65 145 144 147 66 
66 71 91 148 149 
67 91 74 150 148 
68 148 150 65 151 
69 149 148 151 75 
70 87 107 152 153 
71 107 90 154 152 
72 152 154 74 155 
73 153 152 155 91 
74 104 158 156 157 
75 158 103 159 156 
76 156 159 107 160 
77 157 156 160 87 
78 82 162 161 98 
79 162 92 163 161 
80 5 165 164 106 
81 165 100 166 164 
82 164 166 99 167 
83 106 164 167 90 
84 18 169 168 45 
85 169 8 170 168 
86 168 170 29 171 
87 45 168 171 28 
88 34 173 172 61 
89 173 18 174 172 
90 172 174 45 175 
91 61 172 175 44 
92 50 177 176 69 
93 177 34 178 176 
94 176 178 61 179 
95 69 176 179 60 
96 181 50 182 180 
97 180 182 69 183 
98 100 189 188 166 
99 189 84 190 188 
100 188 190 101 191 
101 166 188 191 99 
102 15 193 192 33 
103 193 17 194 192 
104 192 194 8 169 
105 33 192 169 18 
106 31 196 195 49 
107 196 33 197 195 
108 195 197 18 173 
109 49 195 173 34 
110 47 199 198 78 
111 199 49 200 198 
112 198 200 34 177 
113 78 198 177 50 
114 76 202 201 94 
115 202 78 203 201 
116 201 203 50 181 
117 92 205 204 163 
118 205 94 206 204 
119 84 208 207 190 
120 207 209 184 210 
121 190 207 210 101 
122 163 213 211 212 
123 213 204 214 211 
124 211 214 185 208 
125 212 211 208 84 
126 68 216 215 186 
127 216 181 217 215 
128 215 217 180 218 
129 186 215 218 85 
130 185 220 219 209 
131 220 68 221 219 
132 219 221 186 222 
133 209 219 222 184 
134 208 225 223 224 
135 225 185 226 223 
136 223 226 209 227 
137 224 223 227 207 
138 11 230 228 229 
139 230 10 24 228 
140 228 24 14 110 
141 229 228 110 6 
142 20 111 231 232 
143 111 19 133 231 
144 231 133 22 233 
145 232 231 233 4 
146 24 236 234 235 
147 236 23 40 234 
148 234 40 27 114 
149 235 234 114 14 
150 21 46 237 134 
151 46 28 238 237 
152 237 238 30 239 
153 134 237 239 9 
154 36 115 240 241 
155 115 35 137 240 
156 240 137 38 242 
157 241 240 242 19 
158 40 245 243 244 
159 245 39 56 243 
160 243 56 43 118 
161 244 243 118 27 
162 37 62 246 138 
163 62 44 247 246 
164 246 247 46 248 
165 138 246 248 21 
166 52 119 249 250 
167 119 51 141 249 
168 249 141 54 251 
169 250 249 251 35 
170 56 254 252 253 
171 254 55 80 252 
172 252 80 59 122 
173 253 252 122 43 
174 53 70 255 142 
175 70 60 256 255 
176 255 256 62 257 
177 142 255 257 37 
178 64 123 258 259 
179 123 63 145 258 
180 258 145 66 260 
181 259 258 260 51 
182 65 86 261 146 
183 86 67 262 261 
184 261 262 70 263 
185 146 261 263 53 
186 72 127 264 265 
187 127 71 149 264 
188 264 149 75 266 
189 265 264 266 63 
190 80 269 267 268 
191 269 79 96 267 
192 267 96 73 126 
193 268 267 126 59 
194 74 102 270 150 
195 102 83 271 270 
196 270 271 86 272 
197 150 270 272 65 
198 88 131 273 274 
199 131 87 153 273 
200 273 153 91 275 
201 274 273 275 71 
202 90 167 276 154 
203 167 99 277 276 
204 276 277 102 278 
205 154 276 278 74 
206 161 281 279 280 
207 281 163 212 279 
208 279 212 84 189 
209 280 279 189 100 
210 98 284 282 283 
211 284 161 280 282 
212 282 280 100 165 
213 283 282 165 5 
214 94 286 285 206 
215 286 201 287 285 
216 285 287 181 216 
217 206 285 216 68 
218 204 289 288 214 
219 289 206 290 288 
220 288 290 68 220 
221 214 288 220 185 
222 28 171 291 238 
223 171 29 292 291 
224 291 292 3 293 
225 238 291 293 30 
226 44 175 294 247 
227 175 45 295 294 
228 294 295 28 296 
229 247 294 296 46 
230 60 179 297 256 
231 179 61 298 297 
232 297 298 44 299 
233 256 297 299 62 
234 67 183 300 262 
235 183 69 301 300 
236 300 301 60 302 
237 262 300 302 70 
238 83 187 303 271 
239 187 85 304 303 
240 303 304 67 305 
241 271 303 305 86 
242 95 308 306 307 
243 308 98 283 306 
244 306 283 5 105 
245 307 306 105 89 
246 96 311 309 310 
247 311 95 307 309 
248 309 307 89 130 
249 310 309 130 73 
250 99 191 312 277 
251 191 101 313 312 
252 312 313 83 314 
253 277 312 314 102 
254 85 218 315 304 
255 218 180 316 315 
256 315 316 183 317 
257 304 315 317 67 
258 101 210 318 313 
259 210 184 319 318 
260 318 319 187 320 
261 313 318 320 83 
262 184 222 321 319 
263 222 186 322 321 
264 321 322 85 323 
265 319 321 323 187 
