2 0.000000 100.000000 410.334720
323 265 
1 -72.961727 0.000000 -73.928940 97.959480 0.000000 20.031017 0.000270 
2 87.806532 0.000000 -73.928940 97.968271 0.000000 19.939018 0.000465 
3 87.806532 0.000000 73.494202 98.029022 0.000000 19.831348 -0.000297 
4 -72.961727 0.000000 73.494202 97.995021 0.000000 20.029203 -0.000419 
5 7.422402 0.000000 -0.217369 91.293434 0.000000 10.805280 0.154875 
6 -72.961727 0.000000 -0.217369 97.978409 0.000000 20.048616 -0.000172 
7 7.422402 0.000000 -73.928940 97.923303 0.000000 19.979247 0.001186 
8 87.806532 0.000000 -0.217369 98.303558 0.000000 18.358050 -0.000061 
9 7.422402 0.000000 73.494202 98.048682 0.000000 19.959328 -0.001192 
10 -32.769663 0.000000 -37.073155 97.916461 0.000000 20.048136 0.001044 
11 -72.961727 0.000000 -37.073155 97.962030 0.000000 20.041320 0.000179 
12 -32.769663 0.000000 -73.928940 97.940309 0.000000 20.021136 0.000685 
13 7.422402 0.000000 -37.073155 97.776205 0.000000 19.861757 0.004532 
14 -32.769663 0.000000 -0.217369 97.987487 0.000000 20.115360 -0.000618 
15 47.614467 0.000000 -37.073155 97.941843 0.000000 19.693311 0.001957 
16 47.614467 0.000000 -73.928940 97.944639 0.000000 19.939513 0.000926 
17 87.806532 0.000000 -37.073155 97.998345 0.000000 19.776438 0.000522 
18 47.614467 0.000000 -0.217369 98.417348 0.000000 17.605644 0.000407 
19 -32.769663 0.000000 36.638417 98.052500 0.000000 20.042564 -0.001600 
20 -72.961727 0.000000 36.638417 97.994067 0.000000 20.040103 -0.000444 
21 7.422402 0.000000 36.638417 98.251274 0.000000 19.798468 -0.004529 
22 -32.769663 0.000000 73.494202 98.019982 0.000000 20.015513 -0.000854 
23 -12.673630 0.000000 -18.645262 97.758056 0.000000 20.107756 0.003904 
24 -32.769663 0.000000 -18.645262 97.925813 0.000000 20.087066 0.000704 
25 -12.673630 0.000000 -37.073155 97.843441 0.000000 20.012622 0.002616 
26 7.422402 0.000000 -18.645262 97.307684 0.000000 19.531071 0.014975 
27 -12.673630 0.000000 -0.217369 98.009837 0.000000 20.369459 -0.002084 
28 47.614467 0.000000 36.638417 98.172960 0.000000 19.360486 -0.001276 
29 87.806532 0.000000 36.638417 98.205877 0.000000 18.941043 -0.000316 
30 47.614467 0.000000 73.494202 98.040897 0.000000 19.885143 -0.000744 
31 27.518435 0.000000 -18.645262 97.807447 0.000000 18.899704 0.007650 
32 27.518435 0.000000 -37.073155 97.847913 0.000000 19.706316 0.003745 
33 47.614467 0.000000 -18.645262 98.038285 0.000000 19.141273 0.002211 
34 27.518435 0.000000 -0.217369 97.582600 0.000000 21.202806 0.002808 
35 -12.673630 0.000000 18.210524 98.255850 0.000000 20.094546 -0.005800 
36 -32.769663 0.000000 18.210524 98.047616 0.000000 20.083857 -0.001670 
37 7.422402 0.000000 18.210524 98.880047 0.000000 19.351436 -0.015174 
38 -12.673630 0.000000 36.638417 98.145717 0.000000 19.995370 -0.003240 
39 -2.625614 0.000000 -9.431316 97.197198 0.000000 20.243516 0.014290 
40 -12.673630 0.000000 -9.431316 97.782468 0.000000 20.250026 0.002853 
41 -2.625614 0.000000 -18.645262 97.519012 0.000000 19.981469 0.009078 
42 7.422402 0.000000 -9.431316 96.231402 0.000000 18.895932 0.038246 
43 -2.625614 0.000000 -0.217369 98.028514 0.000000 21.633387 -0.007759 
44 27.518435 0.000000 18.210524 98.564949 0.000000 18.265027 -0.004866 
45 47.614467 0.000000 18.210524 98.478828 0.000000 17.746097 -0.001300 
46 27.518435 0.000000 36.638417 98.225318 0.000000 19.536504 -0.002989 
47 17.470418 0.000000 -9.431316 97.159428 0.000000 17.539375 0.025242 
48 17.470418 0.000000 -18.645262 97.489386 0.000000 19.015400 0.013423 
49 27.518435 0.000000 -9.431316 97.971784 0.000000 17.757972 0.008618 
50 17.470418 0.000000 -0.217369 95.797349 0.000000 29.199638 -0.002975 
51 -2.625614 0.000000 8.996577 98.948940 0.000000 20.223774 -0.019989 
52 -12.673630 0.000000 8.996577 98.239421 0.000000 20.246024 -0.006089 
53 7.422402 0.000000 8.996577 100.269993 0.000000 18.523357 -0.039719 
54 -2.625614 0.000000 18.210524 98.559104 0.000000 19.939173 -0.011147 
55 2.398394 0.000000 -4.824342 95.582590 0.000000 19.866725 0.046928 
56 -2.625614 0.000000 -4.824342 97.072094 0.000000 20.763413 0.014589 
57 2.398394 0.000000 -9.431316 96.622035 0.000000 19.792578 0.027244 
58 7.422402 0.000000 -4.824342 94.602714 0.000000 18.031150 0.072520 
59 2.398394 0.000000 -0.217369 98.256691 0.000000 26.376227 -0.035008 
60 17.470418 0.000000 8.996577 99.316370 0.000000 16.982760 -0.015216 
61 27.518435 0.000000 8.996577 98.439308 0.000000 18.317658 -0.002583 
62 17.470418 0.000000 18.210524 98.790548 0.000000 18.660355 -0.010778 
63 2.398394 0.000000 4.389604 100.969992 0.000000 20.008248 -0.059527 
64 -2.625614 0.000000 4.389604 99.069244 0.000000 20.802619 -0.024746 
65 7.422402 0.000000 4.389604 102.396821 0.000000 17.542731 -0.079286 
66 2.398394 0.000000 8.996577 99.700031 0.000000 19.667727 -0.032692 
67 12.446410 0.000000 4.389604 100.058871 0.000000 16.686040 -0.029020 
68 12.446410 0.000000 -0.217369 74.646585 0.000000 -23.878703 0.385769 
69 17.470418 0.000000 4.389604 92.753610 0.000000 33.324594 0.028624 
70 12.446410 0.000000 8.996577 100.030314 0.000000 17.309857 -0.030569 
71 4.910398 0.000000 2.086117 102.327928 0.000000 22.748265 -0.098849 
72 2.398394 0.000000 2.086117 101.983659 0.000000 20.989630 -0.084123 
73 4.910398 0.000000 -0.217369 84.324927 0.000000 47.093455 0.067151 
74 7.422402 0.000000 2.086117 103.758049 0.000000 20.781226 -0.119759 
75 4.910398 0.000000 4.389604 101.711102 0.000000 19.054755 -0.070823 
76 12.446410 0.000000 -4.824342 95.733837 0.000000 16.268430 0.057037 
77 12.446410 0.000000 -9.431316 96.472313 0.000000 17.932416 0.037152 
78 17.470418 0.000000 -4.824342 97.231772 0.000000 16.816746 0.026318 
79 4.910398 0.000000 -2.520856 94.447429 0.000000 19.290629 0.070755 
80 2.398394 0.000000 -2.520856 94.284014 0.000000 19.655633 0.072418 
81 4.910398 0.000000 -4.824342 95.086868 0.000000 19.091056 0.059402 
82 7.422402 0.000000 -2.520856 93.085192 0.000000 17.281192 0.103651 
83 9.934406 0.000000 2.086117 97.969028 0.000000 30.376692 -0.052067 
84 9.934406 0.000000 -0.217369 96.359532 0.000000 -2.316577 0.070947 
85 12.446410 0.000000 2.086117 93.994261 0.000000 26.040480 0.048697 
86 9.934406 0.000000 4.389604 101.894453 0.000000 16.258124 -0.064681 
87 6.166400 0.000000 0.934374 110.880542 0.000000 34.008753 -0.345109 
88 4.910398 0.000000 0.934374 96.345117 0.000000 43.675154 -0.118990 
89 6.166400 0.000000 -0.217369 82.140424 0.000000 18.044782 0.292734 
90 7.422402 0.000000 0.934374 95.182191 0.000000 -2.280873 0.093515 
91 6.166400 0.000000 2.086117 104.479020 0.000000 21.863156 -0.139386 
92 9.934406 0.000000 -2.520856 93.753719 0.000000 15.564133 0.096800 
93 9.934406 0.000000 -4.824342 94.750881 0.000000 16.823720 0.073923 
94 12.446410 0.000000 -2.520856 96.759282 0.000000 15.738618 0.038994 
95 6.166400 0.000000 -1.369112 91.341044 0.000000 19.385611 0.128101 
96 4.910398 0.000000 -1.369112 95.183111 0.000000 22.028653 0.045491 
97 6.166400 0.000000 -2.520856 93.400877 0.000000 18.511618 0.093360 
98 7.422402 0.000000 -1.369112 92.049919 0.000000 16.626311 0.125038 
99 8.678404 0.000000 0.934374 95.389082 0.000000 -2.515472 0.089460 
100 8.678404 0.000000 -0.217369 95.389082 0.000000 -2.515472 0.089460 
101 9.934406 0.000000 0.934374 96.399795 0.000000 21.312798 0.025284 
102 8.678404 0.000000 2.086117 101.683558 0.000000 22.976888 -0.086748 
103 6.794401 0.000000 0.358503 95.820044 0.000000 -1.902684 0.081490 
104 6.166400 0.000000 0.358503 97.917315 0.000000 10.107910 0.031003 
105 6.794401 0.000000 -0.217369 87.921241 0.000000 12.200473 0.212100 
106 7.422402 0.000000 0.358503 95.233502 0.000000 -2.288575 0.092534 
107 6.794401 0.000000 0.934374 105.460448 0.000000 26.606014 -0.182979 
108 -52.865695 0.000000 18.210524 98.002356 0.000000 20.059029 -0.000683 
109 -72.961727 0.000000 18.210524 97.988034 0.000000 20.045924 -0.000349 
110 -52.865695 0.000000 -0.217369 97.981025 0.000000 20.066705 -0.000295 
111 -52.865695 0.000000 36.638417 98.011518 0.000000 20.044462 -0.000804 
112 -22.721646 0.000000 8.996577 98.075398 0.000000 20.156109 -0.002505 
113 -32.769663 0.000000 8.996577 98.024315 0.000000 20.105876 -0.001301 
114 -22.721646 0.000000 -0.217369 97.994393 0.000000 20.184289 -0.001031 
115 -22.721646 0.000000 18.210524 98.110930 0.000000 20.101833 -0.002984 
116 -7.649622 0.000000 4.389604 98.354444 0.000000 20.516316 -0.009452 
117 -12.673630 0.000000 4.389604 98.153061 0.000000 20.331333 -0.004739 
118 -7.649622 0.000000 -0.217369 98.022946 0.000000 20.644338 -0.003469 
119 -7.649622 0.000000 8.996577 98.467589 0.000000 20.299189 -0.010792 
120 -0.113610 0.000000 2.086117 100.160765 0.000000 21.927685 -0.051300 
121 -2.625614 0.000000 2.086117 98.818761 0.000000 21.362238 -0.022149 
122 -0.113610 0.000000 -0.217369 98.705548 0.000000 23.643538 -0.030180 
123 -0.113610 0.000000 4.389604 99.964039 0.000000 20.709428 -0.042169 
124 3.654396 0.000000 0.934374 97.149398 0.000000 27.991220 -0.022151 
125 2.398394 0.000000 0.934374 102.483442 0.000000 23.413516 -0.105105 
126 3.654396 0.000000 -0.217369 95.671027 0.000000 8.856763 0.076861 
127 3.654396 0.000000 2.086117 101.396101 0.000000 21.252541 -0.073284 
128 5.538399 0.000000 0.358503 90.119950 0.000000 42.049919 0.011020 
129 4.910398 0.000000 0.358503 89.832736 0.000000 51.111015 -0.068226 
130 5.538399 0.000000 -0.217369 84.897246 0.000000 49.903067 0.030214 
131 5.538399 0.000000 0.934374 104.592480 0.000000 45.947784 -0.305079 
132 -12.673630 0.000000 55.066309 98.073965 0.000000 19.987626 -0.001801 
133 -32.769663 0.000000 55.066309 98.036193 0.000000 20.022427 -0.001199 
134 7.422402 0.000000 55.066309 98.104398 0.000000 19.913399 -0.002102 
135 -12.673630 0.000000 73.494202 98.036919 0.000000 19.994008 -0.001100 
136 -2.625614 0.000000 27.424470 98.331321 0.000000 19.903718 -0.006521 
137 -12.673630 0.000000 27.424470 98.200717 0.000000 20.022833 -0.004429 
138 7.422402 0.000000 27.424470 98.433957 0.000000 19.661916 -0.007583 
139 -2.625614 0.000000 36.638417 98.208211 0.000000 19.920304 -0.004167 
140 2.398394 0.000000 13.603551 99.086347 0.000000 19.665721 -0.020484 
141 -2.625614 0.000000 13.603551 98.733834 0.000000 20.015538 -0.014899 
142 7.422402 0.000000 13.603551 99.343184 0.000000 19.069731 -0.023272 
143 2.398394 0.000000 18.210524 98.743832 0.000000 19.709306 -0.013880 
144 4.910398 0.000000 6.693091 100.728014 0.000000 19.021120 -0.050794 
145 2.398394 0.000000 6.693091 100.182794 0.000000 19.757572 -0.042695 
146 7.422402 0.000000 6.693091 101.092635 0.000000 18.077882 -0.054653 
147 4.910398 0.000000 8.996577 100.037977 0.000000 19.165280 -0.037490 
148 6.166400 0.000000 3.237861 103.082125 0.000000 18.838528 -0.098081 
149 4.910398 0.000000 3.237861 102.282408 0.000000 19.644402 -0.084759 
150 7.422402 0.000000 3.237861 103.221463 0.000000 17.647680 -0.096611 
151 6.166400 0.000000 4.389604 102.136518 0.000000 18.385955 -0.076991 
152 6.794401 0.000000 1.510246 104.511542 0.000000 28.171531 -0.171630 
153 6.166400 0.000000 1.510246 105.650167 0.000000 29.004695 -0.200323 
154 7.422402 0.000000 1.510246 102.537209 0.000000 29.478951 -0.138289 
155 6.794401 0.000000 2.086117 104.440424 0.000000 20.921283 -0.134550 
156 6.480401 0.000000 0.646438 96.933172 0.000000 -0.140511 0.060394 
157 6.166400 0.000000 0.646438 98.210269 0.000000 8.339297 0.028520 
158 6.480401 0.000000 0.358503 96.980259 0.000000 -0.397314 0.059467 
159 6.794401 0.000000 0.646438 95.924792 0.000000 -1.833152 0.079507 
160 6.480401 0.000000 0.934374 108.530568 0.000000 28.734547 -0.260456 
161 8.678404 0.000000 -1.369112 92.995208 0.000000 16.138055 0.109145 
162 8.678404 0.000000 -2.520856 93.364321 0.000000 16.311187 0.101705 
163 9.934406 0.000000 -1.369112 93.408946 0.000000 16.143605 0.101415 
164 8.050403 0.000000 0.358503 95.093706 0.000000 -2.453844 0.095117 
165 8.050403 0.000000 -0.217369 94.911991 0.000000 -2.450068 0.098571 
166 8.678404 0.000000 0.358503 95.525049 0.000000 -2.512695 0.086865 
167 8.050403 0.000000 0.934374 94.911991 0.000000 -2.450068 0.098571 
168 67.710499 0.000000 18.210524 98.438384 0.000000 17.792639 -0.000669 
169 67.710499 0.000000 -0.217369 98.400609 0.000000 17.831477 -0.000064 
170 87.806532 0.000000 18.210524 94.497547 0.000000 37.055291 -0.030288 
171 67.710499 0.000000 36.638417 98.170042 0.000000 19.185132 -0.000543 
172 37.566451 0.000000 8.996577 92.717179 0.000000 45.879676 -0.070142 
173 37.566451 0.000000 -0.217369 98.232647 0.000000 18.278827 0.001623 
174 47.614467 0.000000 8.996577 94.645888 0.000000 36.323924 -0.027727 
175 37.566451 0.000000 18.210524 98.478795 0.000000 17.997388 -0.002198 
176 22.494427 0.000000 4.389604 90.907018 0.000000 41.381396 0.002349 
177 22.494427 0.000000 -0.217369 97.271919 0.000000 24.067958 -0.004109 
178 27.518435 0.000000 4.389604 95.788654 0.000000 30.460695 -0.010332 
179 22.494427 0.000000 8.996577 98.794846 0.000000 17.290981 -0.005940 
180 14.958414 0.000000 2.086117 94.327329 0.000000 33.322390 -0.000803 
181 14.958414 0.000000 -0.217369 93.913911 0.000000 36.752054 -0.017054 
182 17.470418 0.000000 2.086117 92.333616 0.000000 42.879000 -0.036411 
183 14.958414 0.000000 4.389604 97.331672 0.000000 20.961573 0.008716 
184 11.190408 0.000000 0.934374 97.754181 0.000000 9.341836 0.035685 
185 11.190408 0.000000 -0.217369 85.458375 0.000000 5.766298 0.266362 
186 12.446410 0.000000 0.934374 89.202848 0.000000 25.260912 0.140474 
187 11.190408 0.000000 2.086117 95.477447 0.000000 32.148606 -0.014948 
188 9.306405 0.000000 0.358503 96.374173 0.000000 -2.490363 0.070582 
189 9.306405 0.000000 -0.217369 96.396081 0.000000 -2.492039 0.070159 
190 9.934406 0.000000 0.358503 96.352858 0.000000 -2.315773 0.071076 
191 9.306405 0.000000 0.934374 96.396081 0.000000 -2.492039 0.070159 
192 67.710499 0.000000 -18.645262 98.068641 0.000000 19.342616 0.000840 
193 67.710499 0.000000 -37.073155 97.984241 0.000000 19.734391 0.000964 
194 87.806532 0.000000 -18.645262 98.062541 0.000000 19.485863 0.000404 
195 37.566451 0.000000 -9.431316 98.177565 0.000000 18.102064 0.003348 
196 37.566451 0.000000 -18.645262 97.977473 0.000000 19.019399 0.003868 
197 47.614467 0.000000 -9.431316 98.211857 0.000000 18.406366 0.001564 
198 22.494427 0.000000 -4.824342 97.887243 0.000000 17.101025 0.012564 
199 22.494427 0.000000 -9.431316 97.687948 0.000000 17.585367 0.014782 
200 27.518435 0.000000 -4.824342 98.153999 0.000000 17.278349 0.006725 
201 14.958414 0.000000 -2.520856 97.158460 0.000000 18.409850 0.022131 
202 14.958414 0.000000 -4.824342 96.673262 0.000000 16.543463 0.038059 
203 17.470418 0.000000 -2.520856 97.316505 0.000000 18.511277 0.018683 
204 11.190408 0.000000 -1.369112 94.129131 0.000000 14.393739 0.093253 
205 11.190408 0.000000 -2.520856 94.915551 0.000000 15.102138 0.076296 
206 12.446410 0.000000 -1.369112 99.947695 0.000000 14.490693 -0.019952 
207 10.562407 0.000000 0.358503 94.996970 0.000000 -1.680582 0.097275 
208 10.562407 0.000000 -0.217369 91.082037 0.000000 11.331269 0.157566 
209 11.190408 0.000000 0.358503 90.128075 0.000000 -7.287681 0.182382 
210 10.562407 0.000000 0.934374 97.894769 0.000000 15.873961 0.016463 
211 10.562407 0.000000 -0.793241 92.559141 0.000000 15.831546 0.118217 
212 9.934406 0.000000 -0.793241 93.340601 0.000000 16.582997 0.101254 
213 10.562407 0.000000 -1.369112 93.521259 0.000000 15.639906 0.100917 
214 11.190408 0.000000 -0.793241 91.842747 0.000000 13.065802 0.139419 
215 13.702412 0.000000 0.934374 86.403690 0.000000 48.803007 0.015267 
216 13.702412 0.000000 -0.217369 91.367795 0.000000 49.866566 -0.083475 
217 14.958414 0.000000 0.934374 88.015285 0.000000 52.743738 -0.052859 
218 13.702412 0.000000 2.086117 88.423934 0.000000 45.832239 0.008061 
219 11.818409 0.000000 0.358503 76.495787 0.000000 -25.903982 0.347738 
220 11.818409 0.000000 -0.217369 72.089751 0.000000 -28.573234 0.398664 
221 12.446410 0.000000 0.358503 67.314101 0.000000 7.794908 0.540805 
222 11.818409 0.000000 0.934374 92.260127 0.000000 8.559075 0.141481 
223 10.876408 0.000000 0.070567 93.778898 0.000000 -1.874488 0.120200 
224 10.562407 0.000000 0.070567 95.061430 0.000000 -1.714072 0.096039 
225 10.876408 0.000000 -0.217369 88.494766 0.000000 9.790681 0.207282 
226 11.190408 0.000000 0.070567 88.787664 0.000000 -9.733764 0.202200 
227 10.876408 0.000000 0.358503 93.647053 0.000000 -1.391229 0.122829 
228 -52.865695 0.000000 -18.645262 97.959226 0.000000 20.060334 0.000157 
229 -72.961727 0.000000 -18.645262 97.968595 0.000000 20.046579 0.000029 
230 -52.865695 0.000000 -37.073155 97.948762 0.000000 20.046832 0.000416 
231 -52.865695 0.000000 55.066309 98.010279 0.000000 20.032464 -0.000731 
232 -72.961727 0.000000 55.066309 97.995926 0.000000 20.033984 -0.000456 
233 -52.865695 0.000000 73.494202 98.005294 0.000000 20.025525 -0.000606 
234 -22.721646 0.000000 -9.431316 97.913047 0.000000 20.158547 0.000667 
235 -32.769663 0.000000 -9.431316 97.950282 0.000000 20.107446 0.000143 
236 -22.721646 0.000000 -18.645262 97.875418 0.000000 20.107604 0.001609 
237 27.518435 0.000000 55.066309 98.101329 0.000000 19.823915 -0.001686 
238 47.614467 0.000000 55.066309 98.081098 0.000000 19.753379 -0.001010 
239 27.518435 0.000000 73.494202 98.048785 0.000000 19.919596 -0.001035 
240 -22.721646 0.000000 27.424470 98.108548 0.000000 20.057371 -0.002759 
241 -32.769663 0.000000 27.424470 98.055245 0.000000 20.060995 -0.001727 
242 -22.721646 0.000000 36.638417 98.090881 0.000000 20.029574 -0.002300 
243 -7.649622 0.000000 -4.824342 97.700875 0.000000 20.510527 0.003386 
244 -12.673630 0.000000 -4.824342 97.867936 0.000000 20.331663 0.000849 
245 -7.649622 0.000000 -9.431316 97.592372 0.000000 20.304421 0.006346 
246 17.470418 0.000000 27.424470 98.427157 0.000000 19.371757 -0.006317 
247 27.518435 0.000000 27.424470 98.349707 0.000000 19.147998 -0.003931 
248 17.470418 0.000000 36.638417 98.253900 0.000000 19.658797 -0.004030 
249 -7.649622 0.000000 13.603551 98.446072 0.000000 20.141694 -0.009732 
250 -12.673630 0.000000 13.603551 98.265600 0.000000 20.160154 -0.006256 
251 -7.649622 0.000000 18.210524 98.385220 0.000000 20.049911 -0.008165 
252 -0.113610 0.000000 -2.520856 95.837729 0.000000 21.598518 0.034863 
253 -2.625614 0.000000 -2.520856 97.265110 0.000000 21.301440 0.008575 
254 -0.113610 0.000000 -4.824342 96.299922 0.000000 20.616930 0.030127 
255 12.446410 0.000000 13.603551 99.323009 0.000000 18.407431 -0.020389 
256 17.470418 0.000000 13.603551 99.082940 0.000000 17.930582 -0.013893 
257 12.446410 0.000000 18.210524 98.890256 0.000000 18.967256 -0.013904 
258 -0.113610 0.000000 6.693091 99.593498 0.000000 20.248119 -0.032885 
259 -2.625614 0.000000 6.693091 99.054165 0.000000 20.445980 -0.022977 
260 -0.113610 0.000000 8.996577 99.313012 0.000000 20.032699 -0.026438 
261 9.934406 0.000000 6.693091 101.068477 0.000000 17.070601 -0.050624 
262 12.446410 0.000000 6.693091 100.456494 0.000000 16.519640 -0.036441 
263 9.934406 0.000000 8.996577 100.274518 0.000000 17.850022 -0.037360 
264 3.654396 0.000000 3.237861 101.722042 0.000000 19.939784 -0.074497 
265 2.398394 0.000000 3.237861 101.423160 0.000000 20.326245 -0.069981 
266 3.654396 0.000000 4.389604 101.306392 0.000000 19.525366 -0.064422 
267 3.654396 0.000000 -1.369112 95.634290 0.000000 17.296801 0.055490 
268 2.398394 0.000000 -1.369112 92.883100 0.000000 17.648564 0.106126 
269 3.654396 0.000000 -2.520856 94.725201 0.000000 19.093982 0.066256 
270 8.678404 0.000000 3.237861 102.763265 0.000000 16.897263 -0.084581 
271 9.934406 0.000000 3.237861 101.865778 0.000000 16.897567 -0.066216 
272 8.678404 0.000000 4.389604 102.351209 0.000000 16.762608 -0.075675 
273 5.538399 0.000000 1.510246 103.804738 0.000000 30.152606 -0.168460 
274 4.910398 0.000000 1.510246 101.111352 0.000000 28.577743 -0.104019 
275 5.538399 0.000000 2.086117 103.608059 0.000000 22.809306 -0.125489 
276 8.050403 0.000000 1.510246 101.091759 0.000000 31.067531 -0.118474 
277 8.678404 0.000000 1.510246 99.833483 0.000000 30.942951 -0.092419 
278 8.050403 0.000000 2.086117 102.877359 0.000000 21.453628 -0.104401 
279 9.306405 0.000000 -0.793241 93.528501 0.000000 16.301752 0.098667 
280 8.678404 0.000000 -0.793241 93.261047 0.000000 15.810994 0.105239 
281 9.306405 0.000000 -1.369112 93.268908 0.000000 16.207653 0.103822 
282 8.050403 0.000000 -0.793241 92.644565 0.000000 15.420721 0.117919 
283 7.422402 0.000000 -0.793241 91.582532 0.000000 15.542928 0.137106 
284 8.050403 0.000000 -1.369112 92.601350 0.000000 16.161337 0.116380 
285 13.702412 0.000000 -1.369112 99.824089 0.000000 23.375987 -0.051129 
286 13.702412 0.000000 -2.520856 97.453318 0.000000 17.581393 0.019375 
287 14.958414 0.000000 -1.369112 96.953195 0.000000 23.352396 0.005474 
288 11.818409 0.000000 -0.793241 94.404567 0.000000 8.103840 0.102211 
289 11.818409 0.000000 -1.369112 96.252331 0.000000 13.325286 0.055793 
290 12.446410 0.000000 -0.793241 104.244032 0.000000 7.379194 -0.092127 
291 67.710499 0.000000 55.066309 98.068646 0.000000 19.695938 -0.000539 
292 87.806532 0.000000 55.066309 98.068754 0.000000 19.632987 -0.000293 
293 67.710499 0.000000 73.494202 98.033043 0.000000 19.857245 -0.000479 
294 37.566451 0.000000 27.424470 98.293238 0.000000 18.988913 -0.002214 
295 47.614467 0.000000 27.424470 98.275902 0.000000 18.836378 -0.001296 
296 37.566451 0.000000 36.638417 98.192328 0.000000 19.443049 -0.001977 
297 22.494427 0.000000 13.603551 98.840694 0.000000 17.682994 -0.008217 
298 27.518435 0.000000 13.603551 98.690709 0.000000 17.554671 -0.004802 
299 22.494427 0.000000 18.210524 98.665472 0.000000 18.429817 -0.007453 
300 14.958414 0.000000 6.693091 99.627820 0.000000 16.673478 -0.020371 
301 17.470418 0.000000 6.693091 98.961971 0.000000 17.577018 -0.010242 
302 14.958414 0.000000 8.996577 99.657599 0.000000 17.031499 -0.022171 
303 11.190408 0.000000 3.237861 100.242049 0.000000 18.307643 -0.038364 
304 12.446410 0.000000 3.237861 97.454641 0.000000 22.729032 -0.001402 
305 11.190408 0.000000 4.389604 101.130874 0.000000 16.110171 -0.048699 
306 6.794401 0.000000 -0.793241 89.975246 0.000000 16.697536 0.162565 
307 6.166400 0.000000 -0.793241 88.478399 0.000000 20.032899 0.177026 
308 6.794401 0.000000 -1.369112 91.454467 0.000000 17.580577 0.132700 
309 5.538399 0.000000 -0.793241 89.541855 0.000000 25.569308 0.132847 
310 4.910398 0.000000 -0.793241 96.674911 0.000000 28.716970 -0.017070 
311 5.538399 0.000000 -1.369112 92.489152 0.000000 21.552680 0.098124 
312 9.306405 0.000000 1.510246 98.518692 0.000000 28.494120 -0.051785 
313 9.934406 0.000000 1.510246 98.827651 0.000000 24.741856 -0.037906 
314 9.306405 0.000000 2.086117 99.894350 0.000000 26.018034 -0.065582 
315 13.702412 0.000000 3.237861 93.508353 0.000000 32.881305 0.017501 
316 14.958414 0.000000 3.237861 91.355339 0.000000 38.815685 0.014754 
317 13.702412 0.000000 4.389604 98.962392 0.000000 18.126820 -0.012214 
318 10.562407 0.000000 1.510246 99.324202 0.000000 20.810496 -0.029837 
319 11.190408 0.000000 1.510246 98.955399 0.000000 16.632862 -0.006882 
320 10.562407 0.000000 2.086117 96.413621 0.000000 33.268339 -0.040237 
321 11.818409 0.000000 1.510246 97.218137 0.000000 12.650479 0.038860 
322 12.446410 0.000000 1.510246 116.552467 0.000000 -17.705707 -0.389797 
323 11.818409 0.000000 2.086117 94.797092 0.000000 28.508916 0.020075 
1 1 12 10 11 
2 12 7 13 10 
3 7 16 15 13 
4 16 2 17 15 
5 10 25 23 24 
6 25 13 26 23 
7 13 32 31 26 
8 32 15 33 31 
9 23 41 39 40 
10 41 26 42 39 
11 26 48 47 42 
12 48 31 49 47 
13 39 57 55 56 
14 57 42 58 55 
15 42 77 76 58 
16 77 47 78 76 
17 55 81 79 80 
18 81 58 82 79 
19 58 93 92 82 
20 93 76 94 92 
21 79 97 95 96 
22 97 82 98 95 
23 89 105 103 104 
24 105 5 106 103 
25 103 106 90 107 
26 6 110 108 109 
27 110 14 36 108 
28 108 36 19 111 
29 109 108 111 20 
30 14 114 112 113 
31 114 27 52 112 
32 112 52 35 115 
33 113 112 115 36 
34 27 118 116 117 
35 118 43 64 116 
36 116 64 51 119 
37 117 116 119 52 
38 43 122 120 121 
39 122 59 72 120 
40 120 72 63 123 
41 121 120 123 64 
42 59 126 124 125 
43 126 73 88 124 
44 124 88 71 127 
45 125 124 127 72 
46 73 130 128 129 
47 130 89 104 128 
48 128 104 87 131 
49 129 128 131 88 
50 19 38 132 133 
51 38 21 134 132 
52 132 134 9 135 
53 133 132 135 22 
54 35 54 136 137 
55 54 37 138 136 
56 136 138 21 139 
57 137 136 139 38 
58 51 66 140 141 
59 66 53 142 140 
60 140 142 37 143 
61 141 140 143 54 
62 63 75 144 145 
63 75 65 146 144 
64 144 146 53 147 
65 145 144 147 66 
66 71 91 148 149 
67 91 74 150 148 
68 148 150 65 151 
69 149 148 151 75 
70 87 107 152 153 
71 107 90 154 152 
72 152 154 74 155 
73 153 152 155 91 
74 104 158 156 157 
75 158 103 159 156 
76 156 159 107 160 
77 157 156 160 87 
78 82 162 161 98 
79 162 92 163 161 
80 5 165 164 106 
81 165 100 166 164 
82 164 166 99 167 
83 106 164 167 90 
84 18 169 168 45 
85 169 8 170 168 
86 168 170 29 171 
87 45 168 171 28 
88 34 173 172 61 
89 173 18 174 172 
90 172 174 45 175 
91 61 172 175 44 
92 50 177 176 69 
93 177 34 178 176 
94 176 178 61 179 
95 69 176 179 60 
96 181 50 182 180 
97 180 182 69 183 
98 100 189 188 166 
99 189 84 190 188 
100 188 190 101 191 
101 166 188 191 99 
102 15 193 192 33 
103 193 17 194 192 
104 192 194 8 169 
105 33 192 169 18 
106 31 196 195 49 
107 196 33 197 195 
108 195 197 18 173 
109 49 195 173 34 
110 47 199 198 78 
111 199 49 200 198 
112 198 200 34 177 
113 78 198 177 50 
114 76 202 201 94 
115 202 78 203 201 
116 201 203 50 181 
117 92 205 204 163 
118 205 94 206 204 
119 84 208 207 190 
120 207 209 184 210 
121 190 207 210 101 
122 163 213 211 212 
123 213 204 214 211 
124 211 214 185 208 
125 212 211 208 84 
126 68 216 215 186 
127 216 181 217 215 
128 215 217 180 218 
129 186 215 218 85 
130 185 220 219 209 
131 220 68 221 219 
132 219 221 186 222 
133 209 219 222 184 
134 208 225 223 224 
135 225 185 226 223 
136 223 226 209 227 
137 224 223 227 207 
138 11 230 228 229 
139 230 10 24 228 
140 228 24 14 110 
141 229 228 110 6 
142 20 111 231 232 
143 111 19 133 231 
144 231 133 22 233 
145 232 231 233 4 
146 24 236 234 235 
147 236 23 40 234 
148 234 40 27 114 
149 235 234 114 14 
150 21 46 237 134 
151 46 28 238 237 
152 237 238 30 239 
153 134 237 239 9 
154 36 115 240 241 
155 115 35 137 240 
156 240 137 38 242 
157 241 240 242 19 
158 40 245 243 244 
159 245 39 56 243 
160 243 56 43 118 
161 244 243 118 27 
162 37 62 246 138 
163 62 44 247 246 
164 246 247 46 248 
165 138 246 248 21 
166 52 119 249 250 
167 119 51 141 249 
168 249 141 54 251 
169 250 249 251 35 
170 56 254 252 253 
171 254 55 80 252 
172 252 80 59 122 
173 253 252 122 43 
174 53 70 255 142 
175 70 60 256 255 
176 255 256 62 257 
177 142 255 257 37 
178 64 123 258 259 
179 123 63 145 258 
180 258 145 66 260 
181 259 258 260 51 
182 65 86 261 146 
183 86 67 262 261 
184 261 262 70 263 
185 146 261 263 53 
186 72 127 264 265 
187 127 71 149 264 
188 264 149 75 266 
189 265 264 266 63 
190 80 269 267 268 
191 269 79 96 267 
192 267 96 73 126 
193 268 267 126 59 
194 74 102 270 150 
195 102 83 271 270 
196 270 271 86 272 
197 150 270 272 65 
198 88 131 273 274 
199 131 87 153 273 
200 273 153 91 275 
201 274 273 275 71 
202 90 167 276 154 
203 167 99 277 276 
204 276 277 102 278 
205 154 276 278 74 
206 161 281 279 280 
207 281 163 212 279 
208 279 212 84 189 
209 280 279 189 100 
210 98 284 282 283 
211 284 161 280 282 
212 282 280 100 165 
213 283 282 165 5 
214 94 286 285 206 
215 286 201 287 285 
216 285 287 181 216 
217 206 285 216 68 
218 204 289 288 214 
219 289 206 290 288 
220 288 290 68 220 
221 214 288 220 185 
222 28 171 291 238 
223 171 29 292 291 
224 291 292 3 293 
225 238 291 293 30 
226 44 175 294 247 
227 175 45 295 294 
228 294 295 28 296 
229 247 294 296 46 
230 60 179 297 256 
231 179 61 298 297 
232 297 298 44 299 
233 256 297 299 62 
234 67 183 300 262 
235 183 69 301 300 
236 300 301 60 302 
237 262 300 302 70 
238 83 187 303 271 
239 187 85 304 303 
240 303 304 67 305 
241 271 303 305 86 
242 95 308 306 307 
243 308 98 283 306 
244 306 283 5 105 
245 307 306 105 89 
246 96 311 309 310 
247 311 95 307 309 
248 309 307 89 130 
249 310 309 130 73 
250 99 191 312 277 
251 191 101 313 312 
252 312 313 83 314 
253 277 312 314 102 
254 85 218 315 304 
255 218 180 316 315 
256 315 316 183 317 
257 304 315 317 67 
258 101 210 318 313 
259 210 184 319 318 
260 318 319 187 320 
261 313 318 320 83 
262 184 222 321 319 
263 222 186 322 321 
264 321 322 85 323 
265 319 321 323 187 
