2 0.000000 100.000000 410.334720
323 265 
1 -72.961727 0.000000 -73.928940 99.996355 0.000000 0.301847 0.000064 
2 87.806532 0.000000 -73.928940 99.995744 0.000000 0.277959 0.000077 
3 87.806532 0.000000 73.494202 100.003451 0.000000 0.277448 -0.000077 
4 -72.961727 0.000000 73.494202 100.002743 0.000000 0.301891 -0.000064 
5 7.422402 0.000000 -0.217369 95.543686 0.000000 -0.219412 0.087136 
6 -72.961727 0.000000 -0.217369 99.999483 0.000000 0.305083 0.000001 
7 7.422402 0.000000 -73.928940 99.988105 0.000000 0.291193 0.000229 
8 87.806532 0.000000 -0.217369 99.985416 0.000000 4.953797 -0.002162 
9 7.422402 0.000000 73.494202 100.011241 0.000000 0.291052 -0.000233 
10 -32.769663 0.000000 -37.073155 99.988098 0.000000 0.304769 0.000229 
11 -72.961727 0.000000 -37.073155 99.996713 0.000000 0.303714 0.000057 
12 -32.769663 0.000000 -73.928940 99.992408 0.000000 0.299870 0.000143 
13 7.422402 0.000000 -37.073155 99.956757 0.000000 0.270509 0.000857 
14 -32.769663 0.000000 -0.217369 99.999016 0.000000 0.315518 0.000010 
15 47.614467 0.000000 -37.073155 99.983124 0.000000 0.218080 0.000333 
16 47.614467 0.000000 -73.928940 99.991208 0.000000 0.280963 0.000168 
17 87.806532 0.000000 -37.073155 99.996003 0.000000 0.218038 0.000075 
18 47.614467 0.000000 -0.217369 99.983928 0.000000 5.164628 -0.002346 
19 -32.769663 0.000000 36.638417 100.010954 0.000000 0.305123 -0.000228 
20 -72.961727 0.000000 36.638417 100.002321 0.000000 0.303779 -0.000056 
21 7.422402 0.000000 36.638417 100.043878 0.000000 0.269888 -0.000885 
22 -32.769663 0.000000 73.494202 100.006774 0.000000 0.299935 -0.000144 
23 -12.673630 0.000000 -18.645262 99.963524 0.000000 0.316632 0.000719 
24 -32.769663 0.000000 -18.645262 99.989742 0.000000 0.311105 0.000195 
25 -12.673630 0.000000 -37.073155 99.974150 0.000000 0.298972 0.000508 
26 7.422402 0.000000 -18.645262 99.862150 0.000000 0.237508 0.002749 
27 -12.673630 0.000000 -0.217369 99.995228 0.000000 0.346315 0.000083 
28 47.614467 0.000000 36.638417 100.016209 0.000000 0.215590 -0.000329 
29 87.806532 0.000000 36.638417 100.003448 0.000000 0.215078 -0.000074 
30 47.614467 0.000000 73.494202 100.008047 0.000000 0.280542 -0.000169 
31 27.518435 0.000000 -18.645262 99.930167 0.000000 0.062192 0.001396 
32 27.518435 0.000000 -37.073155 99.965243 0.000000 0.231603 0.000690 
33 47.614467 0.000000 -18.645262 99.983068 0.000000 0.061416 0.000338 
34 27.518435 0.000000 -0.217369 99.978255 0.000000 5.194726 -0.002264 
35 -12.673630 0.000000 18.210524 100.034941 0.000000 0.319304 -0.000709 
36 -32.769663 0.000000 18.210524 100.008817 0.000000 0.311621 -0.000186 
37 7.422402 0.000000 18.210524 100.145577 0.000000 0.235957 -0.002919 
38 -12.673630 0.000000 36.638417 100.025403 0.000000 0.299563 -0.000517 
39 -2.625614 0.000000 -9.431316 99.917518 0.000000 0.362969 0.001636 
40 -12.673630 0.000000 -9.431316 99.970987 0.000000 0.334699 0.000569 
41 -2.625614 0.000000 -18.645262 99.922831 0.000000 0.306440 0.001533 
42 7.422402 0.000000 -9.431316 99.644841 0.000000 0.276898 0.007083 
43 -2.625614 0.000000 -0.217369 99.931715 0.000000 0.360571 0.001352 
44 27.518435 0.000000 18.210524 100.069371 0.000000 0.052778 -0.001388 
45 47.614467 0.000000 18.210524 100.016204 0.000000 0.053721 -0.000324 
46 27.518435 0.000000 36.638417 100.034605 0.000000 0.229233 -0.000697 
47 17.470418 0.000000 -9.431316 99.749879 0.000000 -0.086709 0.004995 
48 17.470418 0.000000 -18.645262 99.870900 0.000000 0.117017 0.002579 
49 27.518435 0.000000 -9.431316 99.926105 0.000000 -0.098757 0.001476 
50 17.470418 0.000000 -0.217369 99.894623 0.000000 5.774013 -0.001227 
51 -2.625614 0.000000 8.996577 100.078421 0.000000 0.381138 -0.001584 
52 -12.673630 0.000000 8.996577 100.023797 0.000000 0.338591 -0.000487 
53 7.422402 0.000000 8.996577 100.396543 0.000000 0.279940 -0.007954 
54 -2.625614 0.000000 18.210524 100.078805 0.000000 0.310869 -0.001586 
55 2.398394 0.000000 -4.824342 100.008155 0.000000 0.683685 -0.000210 
56 -2.625614 0.000000 -4.824342 99.968371 0.000000 0.393957 0.000617 
57 2.398394 0.000000 -9.431316 99.814476 0.000000 0.383272 0.003692 
58 7.422402 0.000000 -4.824342 99.207875 0.000000 0.621032 0.015741 
59 2.398394 0.000000 -0.217369 96.261955 0.000000 8.744742 0.065717 
60 17.470418 0.000000 8.996577 100.250339 0.000000 -0.110910 -0.005014 
61 27.518435 0.000000 8.996577 100.067684 0.000000 -0.097885 -0.001355 
62 17.470418 0.000000 18.210524 100.133423 0.000000 0.106995 -0.002671 
63 2.398394 0.000000 4.389604 100.040149 0.000000 0.822018 -0.000871 
64 -2.625614 0.000000 4.389604 100.007709 0.000000 0.436508 -0.000173 
65 7.422402 0.000000 4.389604 100.925119 0.000000 0.593021 -0.018623 
66 2.398394 0.000000 8.996577 100.199830 0.000000 0.409271 -0.004017 
67 12.446410 0.000000 4.389604 100.649857 0.000000 -0.277370 -0.013047 
68 12.446410 0.000000 -0.217369 89.913970 0.000000 -28.819786 0.108490 
69 17.470418 0.000000 4.389604 100.220120 0.000000 0.107084 -0.004408 
70 12.446410 0.000000 8.996577 100.409895 0.000000 0.009715 -0.008215 
71 4.910398 0.000000 2.086117 100.276994 0.000000 4.052853 -0.007190 
72 2.398394 0.000000 2.086117 99.322822 0.000000 1.498199 0.013273 
73 4.910398 0.000000 -0.217369 79.096555 0.000000 43.961116 0.181116 
74 7.422402 0.000000 2.086117 102.067693 0.000000 0.732598 -0.041835 
75 4.910398 0.000000 4.389604 100.422133 0.000000 1.036552 -0.008568 
76 12.446410 0.000000 -4.824342 99.362769 0.000000 -0.140986 0.012702 
77 12.446410 0.000000 -9.431316 99.619237 0.000000 0.040216 0.007601 
78 17.470418 0.000000 -4.824342 99.749867 0.000000 0.052887 0.004996 
79 4.910398 0.000000 -2.520856 99.682811 0.000000 2.869861 0.005510 
80 2.398394 0.000000 -2.520856 100.500102 0.000000 1.645427 -0.010298 
81 4.910398 0.000000 -4.824342 99.625123 0.000000 0.893966 0.007404 
82 7.422402 0.000000 -2.520856 98.387777 0.000000 1.174839 0.031847 
83 9.934406 0.000000 2.086117 101.593235 0.000000 -0.279626 -0.032126 
84 9.934406 0.000000 -0.217369 99.647853 0.000000 -2.395631 0.006457 
85 12.446410 0.000000 2.086117 100.049313 0.000000 -1.191533 -0.001128 
86 9.934406 0.000000 4.389604 100.998197 0.000000 0.044852 -0.020064 
87 6.166400 0.000000 0.934374 110.302621 0.000000 7.597840 -0.222440 
88 4.910398 0.000000 0.934374 96.805003 0.000000 13.950667 0.043417 
89 6.166400 0.000000 -0.217369 84.648465 0.000000 8.767772 0.275776 
90 7.422402 0.000000 0.934374 99.298469 0.000000 -2.379512 0.013415 
91 6.166400 0.000000 2.086117 102.337493 0.000000 2.856310 -0.048112 
92 9.934406 0.000000 -2.520856 98.491280 0.000000 -0.087627 0.029946 
93 9.934406 0.000000 -4.824342 99.116420 0.000000 0.126392 0.017592 
94 12.446410 0.000000 -2.520856 99.677689 0.000000 -0.648957 0.006394 
95 6.166400 0.000000 -1.369112 96.280944 0.000000 4.742801 0.070749 
96 4.910398 0.000000 -1.369112 99.878728 0.000000 8.808860 -0.005336 
97 6.166400 0.000000 -2.520856 98.636254 0.000000 2.226913 0.026593 
98 7.422402 0.000000 -1.369112 97.265200 0.000000 1.300175 0.053779 
99 8.678404 0.000000 0.934374 99.765758 0.000000 -2.630888 0.003987 
100 8.678404 0.000000 -0.217369 99.765758 0.000000 -2.630888 0.003987 
101 9.934406 0.000000 0.934374 102.006266 0.000000 -1.067639 -0.040642 
102 8.678404 0.000000 2.086117 101.531488 0.000000 0.080377 -0.030865 
103 6.794401 0.000000 0.358503 98.727786 0.000000 -1.962126 0.024897 
104 6.166400 0.000000 0.358503 96.273303 0.000000 9.674935 0.063785 
105 6.794401 0.000000 -0.217369 91.662087 0.000000 1.656479 0.159532 
106 7.422402 0.000000 0.358503 99.325915 0.000000 -2.387359 0.012866 
107 6.794401 0.000000 0.934374 106.243654 0.000000 0.654687 -0.128814 
108 -52.865695 0.000000 18.210524 100.003017 0.000000 0.307010 -0.000070 
109 -72.961727 0.000000 18.210524 100.001175 0.000000 0.304712 -0.000033 
110 -52.865695 0.000000 -0.217369 99.999392 0.000000 0.308048 0.000003 
111 -52.865695 0.000000 36.638417 100.004872 0.000000 0.304734 -0.000107 
112 -22.721646 0.000000 8.996577 100.009798 0.000000 0.322518 -0.000206 
113 -32.769663 0.000000 8.996577 100.004697 0.000000 0.314551 -0.000104 
114 -22.721646 0.000000 -0.217369 99.998273 0.000000 0.325150 0.000024 
115 -22.721646 0.000000 18.210524 100.016715 0.000000 0.315596 -0.000344 
116 -7.649622 0.000000 4.389604 100.015305 0.000000 0.368076 -0.000320 
117 -12.673630 0.000000 4.389604 100.010498 0.000000 0.345216 -0.000222 
118 -7.649622 0.000000 -0.217369 99.988512 0.000000 0.366641 0.000216 
119 -7.649622 0.000000 8.996577 100.040571 0.000000 0.354390 -0.000824 
120 -0.113610 0.000000 2.086117 99.720022 0.000000 0.604841 0.005555 
121 -2.625614 0.000000 2.086117 99.949877 0.000000 0.458066 0.000981 
122 -0.113610 0.000000 -0.217369 99.084359 0.000000 0.109887 0.018228 
123 -0.113610 0.000000 4.389604 99.976035 0.000000 0.546156 0.000449 
124 3.654396 0.000000 0.934374 96.498859 0.000000 4.949382 0.066347 
125 2.398394 0.000000 0.934374 98.428303 0.000000 2.441052 0.030591 
126 3.654396 0.000000 -0.217369 97.507322 0.000000 9.029136 0.041080 
127 3.654396 0.000000 2.086117 99.175960 0.000000 2.612046 0.015731 
128 5.538399 0.000000 0.358503 83.400131 0.000000 38.690780 0.154744 
129 4.910398 0.000000 0.358503 87.004393 0.000000 26.845469 0.170956 
130 5.538399 0.000000 -0.217369 77.505573 0.000000 45.458363 0.192642 
131 5.538399 0.000000 0.934374 104.217312 0.000000 16.463033 -0.113228 
132 -12.673630 0.000000 55.066309 100.015213 0.000000 0.296311 -0.000313 
133 -32.769663 0.000000 55.066309 100.009075 0.000000 0.301408 -0.000191 
134 7.422402 0.000000 55.066309 100.020058 0.000000 0.284660 -0.000409 
135 -12.673630 0.000000 73.494202 100.009523 0.000000 0.296585 -0.000199 
136 -2.625614 0.000000 27.424470 100.053530 0.000000 0.291846 -0.001079 
137 -12.673630 0.000000 27.424470 100.031843 0.000000 0.305918 -0.000646 
138 7.422402 0.000000 27.424470 100.074020 0.000000 0.255507 -0.001487 
139 -2.625614 0.000000 36.638417 100.035957 0.000000 0.288900 -0.000728 
140 2.398394 0.000000 13.603551 100.151713 0.000000 0.314787 -0.003046 
141 -2.625614 0.000000 13.603551 100.088625 0.000000 0.336422 -0.001785 
142 7.422402 0.000000 13.603551 100.222642 0.000000 0.233872 -0.004463 
143 2.398394 0.000000 18.210524 100.113897 0.000000 0.286337 -0.002287 
144 4.910398 0.000000 6.693091 100.369651 0.000000 0.534522 -0.007435 
145 2.398394 0.000000 6.693091 100.178503 0.000000 0.529192 -0.003601 
146 7.422402 0.000000 6.693091 100.571868 0.000000 0.378445 -0.011484 
147 4.910398 0.000000 8.996577 100.300031 0.000000 0.378498 -0.006024 
148 6.166400 0.000000 3.237861 101.127424 0.000000 1.463670 -0.022890 
149 4.910398 0.000000 3.237861 100.494984 0.000000 1.788645 -0.010244 
150 7.422402 0.000000 3.237861 101.298302 0.000000 0.774989 -0.026195 
151 6.166400 0.000000 4.389604 100.729434 0.000000 0.902442 -0.014723 
152 6.794401 0.000000 1.510246 103.833308 0.000000 1.687249 -0.078420 
153 6.166400 0.000000 1.510246 104.336258 0.000000 4.611571 -0.090732 
154 7.422402 0.000000 1.510246 102.704429 0.000000 0.305519 -0.054829 
155 6.794401 0.000000 2.086117 102.424113 0.000000 1.579505 -0.049319 
156 6.480401 0.000000 0.646438 98.136595 0.000000 -0.188448 0.036917 
157 6.166400 0.000000 0.646438 96.814178 0.000000 8.041703 0.056235 
158 6.480401 0.000000 0.358503 98.112707 0.000000 -0.435094 0.037371 
159 6.794401 0.000000 0.646438 98.677306 0.000000 -1.888993 0.025922 
160 6.480401 0.000000 0.934374 108.636422 0.000000 2.978139 -0.181074 
161 8.678404 0.000000 -1.369112 98.028488 0.000000 0.384415 0.039027 
162 8.678404 0.000000 -2.520856 98.507213 0.000000 0.497762 0.029608 
163 9.934406 0.000000 -1.369112 97.906155 0.000000 -0.141406 0.041436 
164 8.050403 0.000000 0.358503 99.636281 0.000000 -2.571087 0.006600 
165 8.050403 0.000000 -0.217369 99.626699 0.000000 -2.571774 0.006791 
166 8.678404 0.000000 0.358503 99.764201 0.000000 -2.624235 0.004022 
167 8.050403 0.000000 0.934374 99.626699 0.000000 -2.571774 0.006791 
168 67.710499 0.000000 18.210524 100.005443 0.000000 0.059080 -0.000109 
169 67.710499 0.000000 -0.217369 99.984876 0.000000 5.068405 -0.002266 
170 87.806532 0.000000 18.210524 100.002474 0.000000 0.061394 -0.000050 
171 67.710499 0.000000 36.638417 100.007164 0.000000 0.214411 -0.000148 
172 37.566451 0.000000 8.996577 100.023041 0.000000 -0.068787 -0.000461 
173 37.566451 0.000000 -0.217369 99.982502 0.000000 5.198480 -0.002352 
174 47.614467 0.000000 8.996577 100.010171 0.000000 -0.054586 -0.000204 
175 37.566451 0.000000 18.210524 100.032050 0.000000 0.048801 -0.000641 
176 22.494427 0.000000 4.389604 100.078815 0.000000 0.297285 -0.001586 
177 22.494427 0.000000 -0.217369 99.984281 0.000000 5.528542 -0.002742 
178 27.518435 0.000000 4.389604 100.035975 0.000000 0.378048 -0.000734 
179 22.494427 0.000000 8.996577 100.128991 0.000000 -0.116160 -0.002583 
180 14.958414 0.000000 2.086117 99.843397 0.000000 1.149126 0.002998 
181 14.958414 0.000000 -0.217369 99.664504 0.000000 6.060656 0.003026 
182 17.470418 0.000000 2.086117 100.032579 0.000000 1.633741 -0.000919 
183 14.958414 0.000000 4.389604 100.342142 0.000000 -0.070271 -0.006855 
184 11.190408 0.000000 0.934374 104.670221 0.000000 -5.021875 -0.098107 
185 11.190408 0.000000 -0.217369 90.001581 0.000000 -6.356037 0.185932 
186 12.446410 0.000000 0.934374 96.260777 0.000000 -5.264799 0.070614 
187 11.190408 0.000000 2.086117 101.427886 0.000000 -1.189585 -0.028903 
188 9.306405 0.000000 0.358503 99.768213 0.000000 -2.578089 0.003966 
189 9.306405 0.000000 -0.217369 99.769584 0.000000 -2.579251 0.003938 
190 9.934406 0.000000 0.358503 99.647421 0.000000 -2.394884 0.006466 
191 9.306405 0.000000 0.934374 99.769584 0.000000 -2.579251 0.003938 
192 67.710499 0.000000 -18.645262 99.994589 0.000000 0.067863 0.000108 
193 67.710499 0.000000 -37.073155 99.992213 0.000000 0.217039 0.000151 
194 87.806532 0.000000 -18.645262 99.997801 0.000000 0.071798 0.000043 
195 37.566451 0.000000 -9.431316 99.974964 0.000000 -0.075648 0.000500 
196 37.566451 0.000000 -18.645262 99.966821 0.000000 0.058166 0.000663 
197 47.614467 0.000000 -9.431316 99.989328 0.000000 -0.063260 0.000213 
198 22.494427 0.000000 -4.824342 99.894901 0.000000 0.158092 0.002098 
199 22.494427 0.000000 -9.431316 99.863415 0.000000 -0.108184 0.002729 
200 27.518435 0.000000 -4.824342 99.950218 0.000000 0.216139 0.000991 
201 14.958414 0.000000 -2.520856 99.886797 0.000000 0.670999 0.002218 
202 14.958414 0.000000 -4.824342 99.623529 0.000000 -0.050745 0.007515 
203 17.470418 0.000000 -2.520856 99.838286 0.000000 0.918032 0.003147 
204 11.190408 0.000000 -1.369112 97.774169 0.000000 -2.020179 0.043613 
205 11.190408 0.000000 -2.520856 98.843639 0.000000 -0.631118 0.022954 
206 12.446410 0.000000 -1.369112 101.087712 0.000000 -2.860970 -0.022691 
207 10.562407 0.000000 0.358503 99.198613 0.000000 -1.751796 0.015657 
208 10.562407 0.000000 -0.217369 94.933787 0.000000 -1.247072 0.098602 
209 11.190408 0.000000 0.358503 97.517102 0.000000 -7.994269 0.042651 
210 10.562407 0.000000 0.934374 103.314127 0.000000 -1.656086 -0.067655 
211 10.562407 0.000000 -0.793241 96.552743 0.000000 -1.104976 0.067635 
212 9.934406 0.000000 -0.793241 97.514514 0.000000 -0.155929 0.049090 
213 10.562407 0.000000 -1.369112 97.666579 0.000000 -0.840951 0.046053 
214 11.190408 0.000000 -0.793241 95.658356 0.000000 -3.720810 0.083563 
215 13.702412 0.000000 0.934374 97.429832 0.000000 3.122947 0.049767 
216 13.702412 0.000000 -0.217369 99.121467 0.000000 9.585146 0.008306 
217 14.958414 0.000000 0.934374 99.453404 0.000000 4.287790 0.009064 
218 13.702412 0.000000 2.086117 99.554531 0.000000 0.316941 0.008879 
219 11.818409 0.000000 0.358503 89.306787 0.000000 -30.347176 0.110335 
220 11.818409 0.000000 -0.217369 86.629136 0.000000 -34.342426 0.131599 
221 12.446410 0.000000 0.358503 87.567000 0.000000 -13.446456 0.215121 
222 11.818409 0.000000 0.934374 100.803019 0.000000 -8.301243 -0.023016 
223 10.876408 0.000000 0.070567 98.846308 0.000000 -1.988880 0.022545 
224 10.562407 0.000000 0.070567 99.212780 0.000000 -1.786627 0.015363 
225 10.876408 0.000000 -0.217369 92.597409 0.000000 -2.784436 0.141797 
226 11.190408 0.000000 0.070567 96.782737 0.000000 -10.790892 0.051666 
227 10.876408 0.000000 0.358503 98.809017 0.000000 -1.473683 0.023461 
228 -52.865695 0.000000 -18.645262 99.995851 0.000000 0.306879 0.000074 
229 -72.961727 0.000000 -18.645262 99.997814 0.000000 0.304665 0.000034 
230 -52.865695 0.000000 -37.073155 99.994136 0.000000 0.304584 0.000108 
231 -52.865695 0.000000 55.066309 100.005021 0.000000 0.302695 -0.000110 
232 -72.961727 0.000000 55.066309 100.002779 0.000000 0.302741 -0.000065 
233 -52.865695 0.000000 73.494202 100.004392 0.000000 0.301409 -0.000097 
234 -22.721646 0.000000 -9.431316 99.987400 0.000000 0.321509 0.000242 
235 -32.769663 0.000000 -9.431316 99.993508 0.000000 0.314196 0.000120 
236 -22.721646 0.000000 -18.645262 99.981564 0.000000 0.314451 0.000359 
237 27.518435 0.000000 55.066309 100.017950 0.000000 0.270805 -0.000366 
238 47.614467 0.000000 55.066309 100.011686 0.000000 0.262864 -0.000241 
239 27.518435 0.000000 73.494202 100.010542 0.000000 0.284938 -0.000219 
240 -22.721646 0.000000 27.424470 100.018242 0.000000 0.308470 -0.000374 
241 -32.769663 0.000000 27.424470 100.010742 0.000000 0.308227 -0.000224 
242 -22.721646 0.000000 36.638417 100.016774 0.000000 0.303809 -0.000345 
243 -7.649622 0.000000 -4.824342 99.968982 0.000000 0.359118 0.000607 
244 -12.673630 0.000000 -4.824342 99.981434 0.000000 0.342331 0.000360 
245 -7.649622 0.000000 -9.431316 99.952667 0.000000 0.345693 0.000934 
246 17.470418 0.000000 27.424470 100.071694 0.000000 0.206907 -0.001439 
247 27.518435 0.000000 27.424470 100.050041 0.000000 0.174635 -0.001004 
248 17.470418 0.000000 36.638417 100.043155 0.000000 0.247073 -0.000869 
249 -7.649622 0.000000 13.603551 100.051846 0.000000 0.334757 -0.001048 
250 -12.673630 0.000000 13.603551 100.031992 0.000000 0.328947 -0.000651 
251 -7.649622 0.000000 18.210524 100.052317 0.000000 0.318540 -0.001057 
252 -0.113610 0.000000 -2.520856 100.288408 0.000000 0.456312 -0.005797 
253 -2.625614 0.000000 -2.520856 99.983425 0.000000 0.379963 0.000317 
254 -0.113610 0.000000 -4.824342 99.999958 0.000000 0.479102 -0.000022 
255 12.446410 0.000000 13.603551 100.238828 0.000000 0.111177 -0.004783 
256 17.470418 0.000000 13.603551 100.187456 0.000000 0.013488 -0.003753 
257 12.446410 0.000000 18.210524 100.154389 0.000000 0.164340 -0.003093 
258 -0.113610 0.000000 6.693091 100.097121 0.000000 0.467402 -0.001965 
259 -2.625614 0.000000 6.693091 100.061795 0.000000 0.421011 -0.001254 
260 -0.113610 0.000000 8.996577 100.127551 0.000000 0.404808 -0.002569 
261 9.934406 0.000000 6.693091 100.695146 0.000000 0.108275 -0.013952 
262 12.446410 0.000000 6.693091 100.580408 0.000000 -0.078625 -0.011642 
263 9.934406 0.000000 8.996577 100.438955 0.000000 0.142014 -0.008800 
264 3.654396 0.000000 3.237861 99.962950 0.000000 1.498312 0.000516 
265 2.398394 0.000000 3.237861 99.799730 0.000000 1.073782 0.003886 
266 3.654396 0.000000 4.389604 100.150419 0.000000 0.964797 -0.003104 
267 3.654396 0.000000 -1.369112 101.620838 0.000000 5.219318 -0.035404 
268 2.398394 0.000000 -1.369112 100.960080 0.000000 4.902260 -0.021697 
269 3.654396 0.000000 -2.520856 100.404897 0.000000 2.241763 -0.008617 
270 8.678404 0.000000 3.237861 101.249471 0.000000 0.285373 -0.025154 
271 9.934406 0.000000 3.237861 101.222395 0.000000 -0.107107 -0.024598 
272 8.678404 0.000000 4.389604 101.024646 0.000000 0.295088 -0.020607 
273 5.538399 0.000000 1.510246 102.362162 0.000000 7.359195 -0.053217 
274 4.910398 0.000000 1.510246 99.576315 0.000000 7.146381 0.003349 
275 5.538399 0.000000 2.086117 101.478490 0.000000 3.960436 -0.031357 
276 8.050403 0.000000 1.510246 101.962482 0.000000 -0.157222 -0.039637 
277 8.678404 0.000000 1.510246 101.633887 0.000000 -0.321419 -0.032955 
278 8.050403 0.000000 2.086117 101.726793 0.000000 0.282115 -0.034842 
279 9.306405 0.000000 -0.793241 97.931818 0.000000 0.083483 0.040935 
280 8.678404 0.000000 -0.793241 97.903483 0.000000 0.115797 0.041489 
281 9.306405 0.000000 -1.369112 98.061778 0.000000 0.195882 0.038385 
282 8.050403 0.000000 -0.793241 97.448739 0.000000 0.261770 0.050367 
283 7.422402 0.000000 -0.793241 96.412568 0.000000 0.920987 0.070377 
284 8.050403 0.000000 -1.369112 97.780542 0.000000 0.649761 0.043854 
285 13.702412 0.000000 -1.369112 101.328774 0.000000 1.657756 -0.027027 
286 13.702412 0.000000 -2.520856 100.043231 0.000000 0.206938 -0.000869 
287 14.958414 0.000000 -1.369112 100.039084 0.000000 2.232919 -0.001280 
288 11.818409 0.000000 -0.793241 97.329965 0.000000 -7.771760 0.046648 
289 11.818409 0.000000 -1.369112 98.942625 0.000000 -3.175162 0.020028 
290 12.446410 0.000000 -0.793241 103.483985 0.000000 -8.380581 -0.077917 
291 67.710499 0.000000 55.066309 100.006650 0.000000 0.260244 -0.000140 
292 87.806532 0.000000 55.066309 100.003722 0.000000 0.259747 -0.000081 
293 67.710499 0.000000 73.494202 100.005417 0.000000 0.278313 -0.000116 
294 37.566451 0.000000 27.424470 100.029924 0.000000 0.162792 -0.000601 
295 47.614467 0.000000 27.424470 100.017541 0.000000 0.160381 -0.000353 
296 37.566451 0.000000 36.638417 100.024366 0.000000 0.219536 -0.000492 
297 22.494427 0.000000 13.603551 100.122147 0.000000 -0.028315 -0.002445 
298 27.518435 0.000000 13.603551 100.074889 0.000000 -0.037467 -0.001498 
299 22.494427 0.000000 18.210524 100.100147 0.000000 0.071156 -0.002004 
300 14.958414 0.000000 6.693091 100.408198 0.000000 -0.144547 -0.008183 
301 17.470418 0.000000 6.693091 100.258507 0.000000 -0.120135 -0.005178 
302 14.958414 0.000000 8.996577 100.334555 0.000000 -0.075433 -0.006703 
303 11.190408 0.000000 3.237861 101.028817 0.000000 -0.419364 -0.020700 
304 12.446410 0.000000 3.237861 100.598189 0.000000 -0.489805 -0.012024 
305 11.190408 0.000000 4.389604 100.890972 0.000000 -0.209537 -0.017903 
306 6.794401 0.000000 -0.793241 94.604162 0.000000 2.737177 0.104256 
307 6.166400 0.000000 -0.793241 92.569717 0.000000 6.968746 0.138228 
308 6.794401 0.000000 -1.369112 96.614988 0.000000 2.578465 0.065890 
309 5.538399 0.000000 -0.793241 92.900705 0.000000 14.162115 0.116889 
310 4.910398 0.000000 -0.793241 99.744989 0.000000 19.941346 -0.034672 
311 5.538399 0.000000 -1.369112 97.198203 0.000000 7.461360 0.049684 
312 9.306405 0.000000 1.510246 101.607993 0.000000 -0.335321 -0.032430 
313 9.934406 0.000000 1.510246 101.838918 0.000000 -0.503094 -0.037142 
314 9.306405 0.000000 2.086117 101.522903 0.000000 -0.087135 -0.030691 
315 13.702412 0.000000 3.237861 100.265670 0.000000 -0.122757 -0.005322 
316 14.958414 0.000000 3.237861 100.181514 0.000000 0.214513 -0.003638 
317 13.702412 0.000000 4.389604 100.491255 0.000000 -0.199956 -0.009853 
318 10.562407 0.000000 1.510246 102.231447 0.000000 -1.110590 -0.045250 
319 11.190408 0.000000 1.510246 102.166116 0.000000 -2.351008 -0.044344 
320 10.562407 0.000000 2.086117 101.662981 0.000000 -0.687501 -0.033583 
321 11.818409 0.000000 1.510246 100.779967 0.000000 -3.183042 -0.016673 
322 12.446410 0.000000 1.510246 99.088880 0.000000 -2.336951 0.017593 
323 11.818409 0.000000 2.086117 100.791733 0.000000 -1.468494 -0.016113 
1 1 12 10 11 
2 12 7 13 10 
3 7 16 15 13 
4 16 2 17 15 
5 10 25 23 24 
6 25 13 26 23 
7 13 32 31 26 
8 32 15 33 31 
9 23 41 39 40 
10 41 26 42 39 
11 26 48 47 42 
12 48 31 49 47 
13 39 57 55 56 
14 57 42 58 55 
15 42 77 76 58 
16 77 47 78 76 
17 55 81 79 80 
18 81 58 82 79 
19 58 93 92 82 
20 93 76 94 92 
21 79 97 95 96 
22 97 82 98 95 
23 89 105 103 104 
24 105 5 106 103 
25 103 106 90 107 
26 6 110 108 109 
27 110 14 36 108 
28 108 36 19 111 
29 109 108 111 20 
30 14 114 112 113 
31 114 27 52 112 
32 112 52 35 115 
33 113 112 115 36 
34 27 118 116 117 
35 118 43 64 116 
36 116 64 51 119 
37 117 116 119 52 
38 43 122 120 121 
39 122 59 72 120 
40 120 72 63 123 
41 121 120 123 64 
42 59 126 124 125 
43 126 73 88 124 
44 124 88 71 127 
45 125 124 127 72 
46 73 130 128 129 
47 130 89 104 128 
48 128 104 87 131 
49 129 128 131 88 
50 19 38 132 133 
51 38 21 134 132 
52 132 134 9 135 
53 133 132 135 22 
54 35 54 136 137 
55 54 37 138 136 
56 136 138 21 139 
57 137 136 139 38 
58 51 66 140 141 
59 66 53 142 140 
60 140 142 37 143 
61 141 140 143 54 
62 63 75 144 145 
63 75 65 146 144 
64 144 146 53 147 
65 145 144 147 66 
66 71 91 148 149 
67 91 74 150 148 
68 148 150 65 151 
69 149 148 151 75 
70 87 107 152 153 
71 107 90 154 152 
72 152 154 74 155 
73 153 152 155 91 
74 104 158 156 157 
75 158 103 159 156 
76 156 159 107 160 
77 157 156 160 87 
78 82 162 161 98 
79 162 92 163 161 
80 5 165 164 106 
81 165 100 166 164 
82 164 166 99 167 
83 106 164 167 90 
84 18 169 168 45 
85 169 8 170 168 
86 168 170 29 171 
87 45 168 171 28 
88 34 173 172 61 
89 173 18 174 172 
90 172 174 45 175 
91 61 172 175 44 
92 50 177 176 69 
93 177 34 178 176 
94 176 178 61 179 
95 69 176 179 60 
96 181 50 182 180 
97 180 182 69 183 
98 100 189 188 166 
99 189 84 190 188 
100 188 190 101 191 
101 166 188 191 99 
102 15 193 192 33 
103 193 17 194 192 
104 192 194 8 169 
105 33 192 169 18 
106 31 196 195 49 
107 196 33 197 195 
108 195 197 18 173 
109 49 195 173 34 
110 47 199 198 78 
111 199 49 200 198 
112 198 200 34 177 
113 78 198 177 50 
114 76 202 201 94 
115 202 78 203 201 
116 201 203 50 181 
117 92 205 204 163 
118 205 94 206 204 
119 84 208 207 190 
120 207 209 184 210 
121 190 207 210 101 
122 163 213 211 212 
123 213 204 214 211 
124 211 214 185 208 
125 212 211 208 84 
126 68 216 215 186 
127 216 181 217 215 
128 215 217 180 218 
129 186 215 218 85 
130 185 220 219 209 
131 220 68 221 219 
132 219 221 186 222 
133 209 219 222 184 
134 208 225 223 224 
135 225 185 226 223 
136 223 226 209 227 
137 224 223 227 207 
138 11 230 228 229 
139 230 10 24 228 
140 228 24 14 110 
141 229 228 110 6 
142 20 111 231 232 
143 111 19 133 231 
144 231 133 22 233 
145 232 231 233 4 
146 24 236 234 235 
147 236 23 40 234 
148 234 40 27 114 
149 235 234 114 14 
150 21 46 237 134 
151 46 28 238 237 
152 237 238 30 239 
153 134 237 239 9 
154 36 115 240 241 
155 115 35 137 240 
156 240 137 38 242 
157 241 240 242 19 
158 40 245 243 244 
159 245 39 56 243 
160 243 56 43 118 
161 244 243 118 27 
162 37 62 246 138 
163 62 44 247 246 
164 246 247 46 248 
165 138 246 248 21 
166 52 119 249 250 
167 119 51 141 249 
168 249 141 54 251 
169 250 249 251 35 
170 56 254 252 253 
171 254 55 80 252 
172 252 80 59 122 
173 253 252 122 43 
174 53 70 255 142 
175 70 60 256 255 
176 255 256 62 257 
177 142 255 257 37 
178 64 123 258 259 
179 123 63 145 258 
180 258 145 66 260 
181 259 258 260 51 
182 65 86 261 146 
183 86 67 262 261 
184 261 262 70 263 
185 146 261 263 53 
186 72 127 264 265 
187 127 71 149 264 
188 264 149 75 266 
189 265 264 266 63 
190 80 269 267 268 
191 269 79 96 267 
192 267 96 73 126 
193 268 267 126 59 
194 74 102 270 150 
195 102 83 271 270 
196 270 271 86 272 
197 150 270 272 65 
198 88 131 273 274 
199 131 87 153 273 
200 273 153 91 275 
201 274 273 275 71 
202 90 167 276 154 
203 167 99 277 276 
204 276 277 102 278 
205 154 276 278 74 
206 161 281 279 280 
207 281 163 212 279 
208 279 212 84 189 
209 280 279 189 100 
210 98 284 282 283 
211 284 161 280 282 
212 282 280 100 165 
213 283 282 165 5 
214 94 286 285 206 
215 286 201 287 285 
216 285 287 181 216 
217 206 285 216 68 
218 204 289 288 214 
219 289 206 290 288 
220 288 290 68 220 
221 214 288 220 185 
222 28 171 291 238 
223 171 29 292 291 
224 291 292 3 293 
225 238 291 293 30 
226 44 175 294 247 
227 175 45 295 294 
228 294 295 28 296 
229 247 294 296 46 
230 60 179 297 256 
231 179 61 298 297 
232 297 298 44 299 
233 256 297 299 62 
234 67 183 300 262 
235 183 69 301 300 
236 300 301 60 302 
237 262 300 302 70 
238 83 187 303 271 
239 187 85 304 303 
240 303 304 67 305 
241 271 303 305 86 
242 95 308 306 307 
243 308 98 283 306 
244 306 283 5 105 
245 307 306 105 89 
246 96 311 309 310 
247 311 95 307 309 
248 309 307 89 130 
249 310 309 130 73 
250 99 191 312 277 
251 191 101 313 312 
252 312 313 83 314 
253 277 312 314 102 
254 85 218 315 304 
255 218 180 316 315 
256 315 316 183 317 
257 304 315 317 67 
258 101 210 318 313 
259 210 184 319 318 
260 318 319 187 320 
261 313 318 320 83 
262 184 222 321 319 
263 222 186 322 321 
264 321 322 85 323 
265 319 321 323 187 
