2 0.000000 100.000000 410.334720
323 265 
1 -72.961727 0.000000 -73.928940 99.622739 0.000000 -8.716214 -0.000066 
2 87.806532 0.000000 -73.928940 99.624073 0.000000 -8.691956 -0.000051 
3 87.806532 0.000000 73.494202 99.617792 0.000000 -8.698738 0.000063 
4 -72.961727 0.000000 73.494202 99.616591 0.000000 -8.716355 0.000056 
5 7.422402 0.000000 -0.217369 95.404531 0.000000 -9.212500 0.081311 
6 -72.961727 0.000000 -0.217369 99.619765 0.000000 -8.719696 -0.000013 
7 7.422402 0.000000 -73.928940 99.630025 0.000000 -8.704880 -0.000192 
8 87.806532 0.000000 -0.217369 99.675805 0.000000 -8.062990 -0.000028 
9 7.422402 0.000000 73.494202 99.610415 0.000000 -8.706220 0.000197 
10 -32.769663 0.000000 -37.073155 99.632752 0.000000 -8.717820 -0.000269 
11 -72.961727 0.000000 -37.073155 99.622630 0.000000 -8.718129 -0.000067 
12 -32.769663 0.000000 -73.928940 99.626643 0.000000 -8.713770 -0.000140 
13 7.422402 0.000000 -37.073155 99.658823 0.000000 -8.673620 -0.000711 
14 -32.769663 0.000000 -0.217369 99.620476 0.000000 -8.732576 -0.000050 
15 47.614467 0.000000 -37.073155 99.636319 0.000000 -8.629180 -0.000186 
16 47.614467 0.000000 -73.928940 99.627151 0.000000 -8.695828 -0.000119 
17 87.806532 0.000000 -37.073155 99.630564 0.000000 -8.611968 -0.000042 
18 47.614467 0.000000 -0.217369 99.636668 0.000000 -8.483600 0.000056 
19 -32.769663 0.000000 36.638417 99.607564 0.000000 -8.718310 0.000232 
20 -72.961727 0.000000 36.638417 99.616831 0.000000 -8.718235 0.000048 
21 7.422402 0.000000 36.638417 99.585112 0.000000 -8.677780 0.000750 
22 -32.769663 0.000000 73.494202 99.613059 0.000000 -8.714184 0.000130 
23 -12.673630 0.000000 -18.645262 99.676531 0.000000 -8.722543 -0.001149 
24 -32.769663 0.000000 -18.645262 99.632669 0.000000 -8.725728 -0.000281 
25 -12.673630 0.000000 -37.073155 99.647896 0.000000 -8.707362 -0.000552 
26 7.422402 0.000000 -18.645262 99.753290 0.000000 -8.561064 -0.002401 
27 -12.673630 0.000000 -0.217369 99.621806 0.000000 -8.797004 -0.000189 
28 47.614467 0.000000 36.638417 99.613156 0.000000 -8.651067 0.000238 
29 87.806532 0.000000 36.638417 99.621176 0.000000 -8.660207 0.000062 
30 47.614467 0.000000 73.494202 99.614158 0.000000 -8.699384 0.000134 
31 27.518435 0.000000 -18.645262 99.675746 0.000000 -8.444556 -0.000656 
32 27.518435 0.000000 -37.073155 99.648099 0.000000 -8.642224 -0.000443 
33 47.614467 0.000000 -18.645262 99.653437 0.000000 -8.410849 -0.000155 
34 27.518435 0.000000 -0.217369 99.356984 0.000000 -11.424463 -0.000233 
35 -12.673630 0.000000 18.210524 99.566653 0.000000 -8.723906 0.001038 
36 -32.769663 0.000000 18.210524 99.608066 0.000000 -8.726083 0.000209 
37 7.422402 0.000000 18.210524 99.500067 0.000000 -8.570217 0.002629 
38 -12.673630 0.000000 36.638417 99.593624 0.000000 -8.708712 0.000527 
39 -2.625614 0.000000 -9.431316 99.877823 0.000000 -8.702386 -0.005131 
40 -12.673630 0.000000 -9.431316 99.681302 0.000000 -8.758775 -0.001308 
41 -2.625614 0.000000 -18.645262 99.731738 0.000000 -8.674905 -0.002167 
42 7.422402 0.000000 -9.431316 99.938596 0.000000 -8.215151 -0.005521 
43 -2.625614 0.000000 -0.217369 99.566988 0.000000 -9.318364 -0.000042 
44 27.518435 0.000000 18.210524 99.594626 0.000000 -8.493868 0.000876 
45 47.614467 0.000000 18.210524 99.623961 0.000000 -8.523243 0.000242 
46 27.518435 0.000000 36.638417 99.599685 0.000000 -8.653357 0.000502 
47 17.470418 0.000000 -9.431316 99.747708 0.000000 -8.113962 -0.001544 
48 17.470418 0.000000 -18.645262 99.711812 0.000000 -8.477088 -0.001431 
49 27.518435 0.000000 -9.431316 99.694779 0.000000 -8.112468 -0.000486 
50 17.470418 0.000000 -0.217369 98.836647 0.000000 -15.758221 -0.001700 
51 -2.625614 0.000000 8.996577 99.369725 0.000000 -8.701502 0.004994 
52 -12.673630 0.000000 8.996577 99.562431 0.000000 -8.759875 0.001059 
53 7.422402 0.000000 8.996577 99.338382 0.000000 -8.220746 0.006431 
54 -2.625614 0.000000 18.210524 99.514747 0.000000 -8.677862 0.002151 
55 2.398394 0.000000 -4.824342 100.724512 0.000000 -8.067076 -0.021051 
56 -2.625614 0.000000 -4.824342 100.019359 0.000000 -8.884348 -0.008280 
57 2.398394 0.000000 -9.431316 99.995222 0.000000 -8.463961 -0.007068 
58 7.422402 0.000000 -4.824342 100.010603 0.000000 -7.458808 -0.005775 
59 2.398394 0.000000 -0.217369 93.438658 0.000000 0.789871 0.126859 
60 17.470418 0.000000 8.996577 99.544760 0.000000 -8.167684 0.002413 
61 27.518435 0.000000 8.996577 99.619170 0.000000 -8.215151 0.000853 
62 17.470418 0.000000 18.210524 99.550596 0.000000 -8.499921 0.001743 
63 2.398394 0.000000 4.389604 98.545541 0.000000 -7.986247 0.022500 
64 -2.625614 0.000000 4.389604 99.228792 0.000000 -8.865772 0.007504 
65 7.422402 0.000000 4.389604 99.295152 0.000000 -7.338314 0.008662 
66 2.398394 0.000000 8.996577 99.262466 0.000000 -8.458153 0.007542 
67 12.446410 0.000000 4.389604 99.624773 0.000000 -7.947236 0.001175 
68 12.446410 0.000000 -0.217369 94.423369 0.000000 -30.300215 0.016612 
69 17.470418 0.000000 4.389604 99.591905 0.000000 -8.027400 0.001701 
70 12.446410 0.000000 8.996577 99.464213 0.000000 -8.158725 0.004031 
71 4.910398 0.000000 2.086117 98.099764 0.000000 -3.771456 0.036221 
72 2.398394 0.000000 2.086117 97.034365 0.000000 -7.302380 0.053101 
73 4.910398 0.000000 -0.217369 73.314029 0.000000 40.680385 0.297016 
74 7.422402 0.000000 2.086117 100.043970 0.000000 -5.955974 -0.004427 
75 4.910398 0.000000 4.389604 98.835116 0.000000 -7.305757 0.017825 
76 12.446410 0.000000 -4.824342 99.699463 0.000000 -7.944940 -0.000311 
77 12.446410 0.000000 -9.431316 99.821673 0.000000 -8.124974 -0.003038 
78 17.470418 0.000000 -4.824342 99.668861 0.000000 -8.237493 -0.000174 
79 4.910398 0.000000 -2.520856 100.531292 0.000000 -5.153141 -0.013310 
80 2.398394 0.000000 -2.520856 101.926524 0.000000 -6.628418 -0.043295 
81 4.910398 0.000000 -4.824342 100.382314 0.000000 -7.483940 -0.013262 
82 7.422402 0.000000 -2.520856 99.418246 0.000000 -7.104560 0.006554 
83 9.934406 0.000000 2.086117 100.240848 0.000000 -7.031765 -0.009767 
84 9.934406 0.000000 -0.217369 99.484500 0.000000 -2.391704 0.009711 
85 12.446410 0.000000 2.086117 99.978302 0.000000 -9.506887 -0.008604 
86 9.934406 0.000000 4.389604 99.554646 0.000000 -7.582605 0.003138 
87 6.166400 0.000000 0.934374 106.693034 0.000000 3.688813 -0.139701 
88 4.910398 0.000000 0.934374 93.504796 0.000000 6.355727 0.121646 
89 6.166400 0.000000 -0.217369 83.613571 0.000000 1.164304 0.300742 
90 7.422402 0.000000 0.934374 98.058860 0.000000 -2.349807 0.037894 
91 6.166400 0.000000 2.086117 100.089335 0.000000 -4.273798 -0.003614 
92 9.934406 0.000000 -2.520856 99.220875 0.000000 -8.329629 0.008584 
93 9.934406 0.000000 -4.824342 99.805017 0.000000 -7.687396 -0.002014 
94 12.446410 0.000000 -2.520856 99.267029 0.000000 -9.799933 0.005002 
95 6.166400 0.000000 -1.369112 96.783600 0.000000 -4.263374 0.061476 
96 4.910398 0.000000 -1.369112 99.927960 0.000000 1.186509 0.001300 
97 6.166400 0.000000 -2.520856 99.559497 0.000000 -5.995894 0.005196 
98 7.422402 0.000000 -1.369112 98.120751 0.000000 -8.347848 0.030263 
99 8.678404 0.000000 0.934374 99.053593 0.000000 -2.612108 0.018156 
100 8.678404 0.000000 -0.217369 99.053593 0.000000 -2.612108 0.018156 
101 9.934406 0.000000 0.934374 101.149738 0.000000 -4.989087 -0.025616 
102 8.678404 0.000000 2.086117 99.801104 0.000000 -6.525395 -0.000284 
103 6.794401 0.000000 0.358503 97.032046 0.000000 -1.929096 0.058106 
104 6.166400 0.000000 0.358503 92.819830 0.000000 9.221677 0.129944 
105 6.794401 0.000000 -0.217369 91.294635 0.000000 -6.748525 0.161975 
106 7.422402 0.000000 0.358503 98.098328 0.000000 -2.358033 0.037116 
107 6.794401 0.000000 0.934374 103.595824 0.000000 -2.415789 -0.073793 
108 -52.865695 0.000000 18.210524 99.615869 0.000000 -8.721521 0.000061 
109 -72.961727 0.000000 18.210524 99.617962 0.000000 -8.719265 0.000024 
110 -52.865695 0.000000 -0.217369 99.619965 0.000000 -8.722873 -0.000023 
111 -52.865695 0.000000 36.638417 99.614181 0.000000 -8.718866 0.000100 
112 -22.721646 0.000000 8.996577 99.602531 0.000000 -8.740771 0.000293 
113 -32.769663 0.000000 8.996577 99.612690 0.000000 -8.730639 0.000109 
114 -22.721646 0.000000 -0.217369 99.621019 0.000000 -8.747542 -0.000087 
115 -22.721646 0.000000 18.210524 99.596015 0.000000 -8.728607 0.000445 
116 -7.649622 0.000000 4.389604 99.516293 0.000000 -8.832049 0.001850 
117 -12.673630 0.000000 4.389604 99.582005 0.000000 -8.784573 0.000626 
118 -7.649622 0.000000 -0.217369 99.620633 0.000000 -8.883436 -0.000319 
119 -7.649622 0.000000 8.996577 99.500063 0.000000 -8.762385 0.002296 
120 -0.113610 0.000000 2.086117 98.370842 0.000000 -9.086443 0.024061 
121 -2.625614 0.000000 2.086117 99.254341 0.000000 -9.068658 0.006634 
122 -0.113610 0.000000 -0.217369 98.050645 0.000000 -10.532276 0.027514 
123 -0.113610 0.000000 4.389604 98.831812 0.000000 -8.672382 0.015706 
124 3.654396 0.000000 0.934374 94.116372 0.000000 -3.724695 0.112824 
125 2.398394 0.000000 0.934374 95.284899 0.000000 -6.796783 0.087459 
126 3.654396 0.000000 -0.217369 94.776717 0.000000 8.778187 0.094032 
127 3.654396 0.000000 2.086117 97.049495 0.000000 -5.652305 0.054945 
128 5.538399 0.000000 0.358503 78.003142 0.000000 36.091748 0.261290 
129 4.910398 0.000000 0.358503 82.178035 0.000000 19.441461 0.286880 
130 5.538399 0.000000 -0.217369 71.615085 0.000000 41.988651 0.310823 
131 5.538399 0.000000 0.934374 100.228226 0.000000 10.574086 -0.015751 
132 -12.673630 0.000000 55.066309 99.605712 0.000000 -8.709324 0.000285 
133 -32.769663 0.000000 55.066309 99.610597 0.000000 -8.715029 0.000178 
134 7.422402 0.000000 55.066309 99.603793 0.000000 -8.698981 0.000341 
135 -12.673630 0.000000 73.494202 99.611062 0.000000 -8.710918 0.000176 
136 -2.625614 0.000000 27.424470 99.564161 0.000000 -8.687431 0.001151 
137 -12.673630 0.000000 27.424470 99.582422 0.000000 -8.711484 0.000745 
138 7.422402 0.000000 27.424470 99.560067 0.000000 -8.648975 0.001299 
139 -2.625614 0.000000 36.638417 99.586576 0.000000 -8.695483 0.000690 
140 2.398394 0.000000 13.603551 99.422197 0.000000 -8.578704 0.004163 
141 -2.625614 0.000000 13.603551 99.463156 0.000000 -8.677186 0.003179 
142 7.422402 0.000000 13.603551 99.435171 0.000000 -8.468087 0.004094 
143 2.398394 0.000000 18.210524 99.496809 0.000000 -8.626871 0.002596 
144 4.910398 0.000000 6.693091 99.130485 0.000000 -8.049196 0.010836 
145 2.398394 0.000000 6.693091 99.053421 0.000000 -8.321072 0.011918 
146 7.422402 0.000000 6.693091 99.287991 0.000000 -7.926904 0.007906 
147 4.910398 0.000000 8.996577 99.282354 0.000000 -8.318803 0.007381 
148 6.166400 0.000000 3.237861 99.263823 0.000000 -6.386893 0.010590 
149 4.910398 0.000000 3.237861 98.679947 0.000000 -6.344400 0.022202 
150 7.422402 0.000000 3.237861 99.469156 0.000000 -6.790195 0.005978 
151 6.166400 0.000000 4.389604 99.116658 0.000000 -7.226990 0.012366 
152 6.794401 0.000000 1.510246 101.444646 0.000000 -3.963557 -0.030673 
153 6.166400 0.000000 1.510246 101.647974 0.000000 -1.526536 -0.033464 
154 7.422402 0.000000 1.510246 100.619504 0.000000 -5.217105 -0.015150 
155 6.794401 0.000000 2.086117 100.263464 0.000000 -5.256185 -0.008039 
156 6.480401 0.000000 0.646438 95.762206 0.000000 -0.201849 0.082956 
157 6.166400 0.000000 0.646438 93.449863 0.000000 7.692850 0.120794 
158 6.480401 0.000000 0.358503 95.707206 0.000000 -0.437304 0.083994 
159 6.794401 0.000000 0.646438 96.918297 0.000000 -1.856609 0.060340 
160 6.480401 0.000000 0.934374 105.531646 0.000000 -0.337690 -0.113704 
161 8.678404 0.000000 -1.369112 98.811674 0.000000 -9.708277 0.014200 
162 8.678404 0.000000 -2.520856 99.472785 0.000000 -7.722999 0.004552 
163 9.934406 0.000000 -1.369112 98.313193 0.000000 -10.825079 0.021733 
164 8.050403 0.000000 0.358503 98.701203 0.000000 -2.547004 0.025159 
165 8.050403 0.000000 -0.217369 98.675821 0.000000 -2.547228 0.025659 
166 8.678404 0.000000 0.358503 99.066937 0.000000 -2.605887 0.017895 
167 8.050403 0.000000 0.934374 98.675821 0.000000 -2.547228 0.025659 
168 67.710499 0.000000 18.210524 99.629484 0.000000 -8.549222 0.000088 
169 67.710499 0.000000 -0.217369 99.675618 0.000000 -8.058393 -0.000017 
170 87.806532 0.000000 18.210524 99.629997 0.000000 -8.569482 0.000043 
171 67.710499 0.000000 36.638417 99.618974 0.000000 -8.655435 0.000114 
172 37.566451 0.000000 8.996577 99.641302 0.000000 -8.264202 0.000331 
173 37.566451 0.000000 -0.217369 99.559915 0.000000 -9.328535 0.000080 
174 47.614467 0.000000 8.996577 99.646655 0.000000 -8.305421 0.000156 
175 37.566451 0.000000 18.210524 99.615411 0.000000 -8.507637 0.000439 
176 22.494427 0.000000 4.389604 99.614431 0.000000 -7.998229 0.001299 
177 22.494427 0.000000 -0.217369 99.134363 0.000000 -13.260788 -0.000347 
178 27.518435 0.000000 4.389604 99.644530 0.000000 -8.006466 0.000686 
179 22.494427 0.000000 8.996577 99.591699 0.000000 -8.189590 0.001442 
180 14.958414 0.000000 2.086117 99.467295 0.000000 -8.998896 0.002528 
181 14.958414 0.000000 -0.217369 98.676152 0.000000 -16.891572 -0.002231 
182 17.470418 0.000000 2.086117 99.515302 0.000000 -8.721462 0.002064 
183 14.958414 0.000000 4.389604 99.574742 0.000000 -8.016849 0.002060 
184 11.190408 0.000000 0.934374 105.354592 0.000000 -10.237434 -0.120440 
185 11.190408 0.000000 -0.217369 90.811092 0.000000 -15.444147 0.151482 
186 12.446410 0.000000 0.934374 99.072709 0.000000 -15.144231 -0.004475 
187 11.190408 0.000000 2.086117 100.705437 0.000000 -8.402660 -0.021219 
188 9.306405 0.000000 0.358503 99.325848 0.000000 -2.566645 0.012779 
189 9.306405 0.000000 -0.217369 99.332229 0.000000 -2.567945 0.012651 
190 9.934406 0.000000 0.358503 99.477538 0.000000 -2.390718 0.009850 
191 9.306405 0.000000 0.934374 99.332229 0.000000 -2.567945 0.012651 
192 67.710499 0.000000 -18.645262 99.652419 0.000000 -8.364648 -0.000057 
193 67.710499 0.000000 -37.073155 99.631836 0.000000 -8.620931 -0.000082 
194 87.806532 0.000000 -18.645262 99.656232 0.000000 -8.306021 -0.000035 
195 37.566451 0.000000 -9.431316 99.680548 0.000000 -8.104248 -0.000189 
196 37.566451 0.000000 -18.645262 99.659567 0.000000 -8.426982 -0.000304 
197 47.614467 0.000000 -9.431316 99.675440 0.000000 -8.110449 -0.000097 
198 22.494427 0.000000 -4.824342 99.648547 0.000000 -8.515224 -0.000234 
199 22.494427 0.000000 -9.431316 99.712742 0.000000 -8.115253 -0.000849 
200 27.518435 0.000000 -4.824342 99.613789 0.000000 -8.858580 -0.000138 
201 14.958414 0.000000 -2.520856 99.364280 0.000000 -10.393138 0.001872 
202 14.958414 0.000000 -4.824342 99.683199 0.000000 -8.107870 -0.000248 
203 17.470418 0.000000 -2.520856 99.292684 0.000000 -11.236144 0.001471 
204 11.190408 0.000000 -1.369112 97.604322 0.000000 -13.093921 0.030195 
205 11.190408 0.000000 -2.520856 99.091226 0.000000 -9.108208 0.009797 
206 12.446410 0.000000 -1.369112 98.958839 0.000000 -15.033844 -0.001887 
207 10.562407 0.000000 0.358503 99.547618 0.000000 -1.756506 0.008719 
208 10.562407 0.000000 -0.217369 95.189113 0.000000 -11.087845 0.081609 
209 11.190408 0.000000 0.358503 99.473172 0.000000 -8.204899 0.003777 
210 10.562407 0.000000 0.934374 103.000612 0.000000 -6.009207 -0.064524 
211 10.562407 0.000000 -0.793241 96.590637 0.000000 -14.007610 0.047404 
212 9.934406 0.000000 -0.793241 97.612798 0.000000 -12.969649 0.030353 
213 10.562407 0.000000 -1.369112 97.850823 0.000000 -11.783720 0.028636 
214 11.190408 0.000000 -0.793241 95.581443 0.000000 -16.370978 0.059618 
215 13.702412 0.000000 0.934374 98.827735 0.000000 -12.119267 0.008620 
216 13.702412 0.000000 -0.217369 98.518593 0.000000 -16.900433 0.000846 
217 14.958414 0.000000 0.934374 99.189362 0.000000 -11.451612 0.003033 
218 13.702412 0.000000 2.086117 99.496627 0.000000 -9.280024 0.001430 
219 11.818409 0.000000 0.358503 93.901430 0.000000 -31.943284 0.016215 
220 11.818409 0.000000 -0.217369 91.825616 0.000000 -36.401575 0.024298 
221 12.446410 0.000000 0.358503 94.425408 0.000000 -22.337655 0.058487 
222 11.818409 0.000000 0.934374 102.716985 0.000000 -15.451126 -0.078952 
223 10.876408 0.000000 0.070567 99.624442 0.000000 -2.010767 0.007093 
224 10.562407 0.000000 0.070567 99.542502 0.000000 -1.791516 0.008808 
225 10.876408 0.000000 -0.217369 93.079769 0.000000 -12.396176 0.118249 
226 11.190408 0.000000 0.070567 99.055515 0.000000 -11.126626 0.006420 
227 10.876408 0.000000 0.358503 99.629434 0.000000 -1.488682 0.007176 
228 -52.865695 0.000000 -18.645262 99.624006 0.000000 -8.721390 -0.000101 
229 -72.961727 0.000000 -18.645262 99.621549 0.000000 -8.719205 -0.000048 
230 -52.865695 0.000000 -37.073155 99.625572 0.000000 -8.718654 -0.000127 
231 -52.865695 0.000000 55.066309 99.614275 0.000000 -8.716931 0.000101 
232 -72.961727 0.000000 55.066309 99.616470 0.000000 -8.717166 0.000057 
233 -52.865695 0.000000 73.494202 99.615093 0.000000 -8.715778 0.000087 
234 -22.721646 0.000000 -9.431316 99.639389 0.000000 -8.740390 -0.000440 
235 -32.769663 0.000000 -9.431316 99.628197 0.000000 -8.730440 -0.000200 
236 -22.721646 0.000000 -18.645262 99.645572 0.000000 -8.727987 -0.000542 
237 27.518435 0.000000 55.066309 99.607540 0.000000 -8.689577 0.000283 
238 47.614467 0.000000 55.066309 99.612910 0.000000 -8.685972 0.000182 
239 27.518435 0.000000 73.494202 99.611784 0.000000 -8.701886 0.000177 
240 -22.721646 0.000000 27.424470 99.597659 0.000000 -8.719932 0.000427 
241 -32.769663 0.000000 27.424470 99.606843 0.000000 -8.721701 0.000241 
242 -22.721646 0.000000 36.638417 99.601496 0.000000 -8.715600 0.000358 
243 -7.649622 0.000000 -4.824342 99.727308 0.000000 -8.832882 -0.002356 
244 -12.673630 0.000000 -4.824342 99.661730 0.000000 -8.784338 -0.000962 
245 -7.649622 0.000000 -9.431316 99.745045 0.000000 -8.761927 -0.002585 
246 17.470418 0.000000 27.424470 99.574994 0.000000 -8.617598 0.001056 
247 27.518435 0.000000 27.424470 99.594366 0.000000 -8.605519 0.000691 
248 17.470418 0.000000 36.638417 99.590799 0.000000 -8.662165 0.000664 
249 -7.649622 0.000000 13.603551 99.520036 0.000000 -8.725180 0.001963 
250 -12.673630 0.000000 13.603551 99.560654 0.000000 -8.738309 0.001132 
251 -7.649622 0.000000 18.210524 99.542274 0.000000 -8.709262 0.001548 
252 -0.113610 0.000000 -2.520856 101.035199 0.000000 -9.146403 -0.029177 
253 -2.625614 0.000000 -2.520856 99.966486 0.000000 -9.141378 -0.007686 
254 -0.113610 0.000000 -4.824342 100.408538 0.000000 -8.687749 -0.015735 
255 12.446410 0.000000 13.603551 99.485612 0.000000 -8.400632 0.003204 
256 17.470418 0.000000 13.603551 99.538628 0.000000 -8.377342 0.002188 
257 12.446410 0.000000 18.210524 99.521962 0.000000 -8.523918 0.002272 
258 -0.113610 0.000000 6.693091 99.152001 0.000000 -8.600048 0.009492 
259 -2.625614 0.000000 6.693091 99.307376 0.000000 -8.738531 0.006168 
260 -0.113610 0.000000 8.996577 99.300830 0.000000 -8.598592 0.006541 
261 9.934406 0.000000 6.693091 99.466422 0.000000 -7.943390 0.004333 
262 12.446410 0.000000 6.693091 99.522256 0.000000 -7.982011 0.003161 
263 9.934406 0.000000 8.996577 99.403535 0.000000 -8.172663 0.005214 
264 3.654396 0.000000 3.237861 98.142147 0.000000 -6.932229 0.032006 
265 2.398394 0.000000 3.237861 98.006963 0.000000 -7.715639 0.033510 
266 3.654396 0.000000 4.389604 98.590554 0.000000 -7.592599 0.022226 
267 3.654396 0.000000 -1.369112 102.433955 0.000000 -0.912251 -0.049355 
268 2.398394 0.000000 -1.369112 103.076569 0.000000 -1.087977 -0.062596 
269 3.654396 0.000000 -2.520856 101.490232 0.000000 -5.686020 -0.033260 
270 8.678404 0.000000 3.237861 99.547267 0.000000 -7.081753 0.004019 
271 9.934406 0.000000 3.237861 99.741214 0.000000 -7.392306 -0.000296 
272 8.678404 0.000000 4.389604 99.441811 0.000000 -7.452908 0.005578 
273 5.538399 0.000000 1.510246 99.603324 0.000000 0.401610 0.007902 
274 4.910398 0.000000 1.510246 97.042133 0.000000 -0.520730 0.058255 
275 5.538399 0.000000 2.086117 99.220116 0.000000 -3.539000 0.014284 
276 8.050403 0.000000 1.510246 100.106921 0.000000 -5.675209 -0.005360 
277 8.678404 0.000000 1.510246 99.980672 0.000000 -5.924098 -0.003123 
278 8.050403 0.000000 2.086117 99.851072 0.000000 -6.340320 -0.001044 
279 9.306405 0.000000 -0.793241 98.145273 0.000000 -12.355779 0.021484 
280 8.678404 0.000000 -0.793241 98.303569 0.000000 -11.786202 0.019749 
281 9.306405 0.000000 -1.369112 98.663433 0.000000 -10.176687 0.016196 
282 8.050403 0.000000 -0.793241 97.947303 0.000000 -11.051867 0.028418 
283 7.422402 0.000000 -0.793241 96.899524 0.000000 -9.805515 0.051433 
284 8.050403 0.000000 -1.369112 98.650931 0.000000 -9.207557 0.018321 
285 13.702412 0.000000 -1.369112 99.041651 0.000000 -14.714859 -0.002578 
286 13.702412 0.000000 -2.520856 99.392272 0.000000 -10.051742 0.002014 
287 14.958414 0.000000 -1.369112 98.851161 0.000000 -15.235703 -0.000368 
288 11.818409 0.000000 -0.793241 96.509688 0.000000 -19.631831 0.030047 
289 11.818409 0.000000 -1.369112 98.045859 0.000000 -14.480267 0.017733 
290 12.446410 0.000000 -0.793241 99.799878 0.000000 -20.112985 -0.036455 
291 67.710499 0.000000 55.066309 99.616525 0.000000 -8.685927 0.000110 
292 87.806532 0.000000 55.066309 99.618596 0.000000 -8.687238 0.000067 
293 67.710499 0.000000 73.494202 99.616295 0.000000 -8.698590 0.000093 
294 37.566451 0.000000 27.424470 99.607932 0.000000 -8.605648 0.000420 
295 47.614467 0.000000 27.424470 99.616024 0.000000 -8.610262 0.000251 
296 37.566451 0.000000 36.638417 99.607585 0.000000 -8.650539 0.000350 
297 22.494427 0.000000 13.603551 99.577319 0.000000 -8.377883 0.001417 
298 27.518435 0.000000 13.603551 99.601733 0.000000 -8.388284 0.000913 
299 22.494427 0.000000 18.210524 99.575834 0.000000 -8.492733 0.001253 
300 14.958414 0.000000 6.693091 99.552993 0.000000 -8.032056 0.002469 
301 17.470418 0.000000 6.693091 99.561955 0.000000 -8.045499 0.002269 
302 14.958414 0.000000 8.996577 99.512065 0.000000 -8.162798 0.003072 
303 11.190408 0.000000 3.237861 99.884698 0.000000 -7.821357 -0.003813 
304 12.446410 0.000000 3.237861 99.787197 0.000000 -8.227435 -0.002518 
305 11.190408 0.000000 4.389604 99.647485 0.000000 -7.800074 0.000954 
306 6.794401 0.000000 -0.793241 94.924880 0.000000 -7.395997 0.093457 
307 6.166400 0.000000 -0.793241 92.453237 0.000000 -2.505518 0.144612 
308 6.794401 0.000000 -1.369112 97.365110 0.000000 -6.777481 0.047410 
309 5.538399 0.000000 -0.793241 92.130708 0.000000 5.756208 0.147880 
310 4.910398 0.000000 -0.793241 98.481240 0.000000 13.259848 0.012562 
311 5.538399 0.000000 -1.369112 97.403380 0.000000 -0.999835 0.051158 
312 9.306405 0.000000 1.510246 100.168496 0.000000 -6.114389 -0.007111 
313 9.934406 0.000000 1.510246 100.669628 0.000000 -6.509543 -0.017675 
314 9.306405 0.000000 2.086117 99.955665 0.000000 -6.729556 -0.003642 
315 13.702412 0.000000 3.237861 99.620673 0.000000 -8.274647 0.000725 
316 14.958414 0.000000 3.237861 99.565322 0.000000 -8.245884 0.001875 
317 13.702412 0.000000 4.389604 99.620406 0.000000 -8.012652 0.001157 
318 10.562407 0.000000 1.510246 101.450347 0.000000 -7.415386 -0.034716 
319 11.190408 0.000000 1.510246 101.931403 0.000000 -9.152439 -0.047378 
320 10.562407 0.000000 2.086117 100.579487 0.000000 -7.606507 -0.017409 
321 11.818409 0.000000 1.510246 101.166305 0.000000 -10.893423 -0.035329 
322 12.446410 0.000000 1.510246 99.939229 0.000000 -11.325793 -0.011612 
323 11.818409 0.000000 2.086117 100.434500 0.000000 -9.138567 -0.017060 
1 1 12 10 11 
2 12 7 13 10 
3 7 16 15 13 
4 16 2 17 15 
5 10 25 23 24 
6 25 13 26 23 
7 13 32 31 26 
8 32 15 33 31 
9 23 41 39 40 
10 41 26 42 39 
11 26 48 47 42 
12 48 31 49 47 
13 39 57 55 56 
14 57 42 58 55 
15 42 77 76 58 
16 77 47 78 76 
17 55 81 79 80 
18 81 58 82 79 
19 58 93 92 82 
20 93 76 94 92 
21 79 97 95 96 
22 97 82 98 95 
23 89 105 103 104 
24 105 5 106 103 
25 103 106 90 107 
26 6 110 108 109 
27 110 14 36 108 
28 108 36 19 111 
29 109 108 111 20 
30 14 114 112 113 
31 114 27 52 112 
32 112 52 35 115 
33 113 112 115 36 
34 27 118 116 117 
35 118 43 64 116 
36 116 64 51 119 
37 117 116 119 52 
38 43 122 120 121 
39 122 59 72 120 
40 120 72 63 123 
41 121 120 123 64 
42 59 126 124 125 
43 126 73 88 124 
44 124 88 71 127 
45 125 124 127 72 
46 73 130 128 129 
47 130 89 104 128 
48 128 104 87 131 
49 129 128 131 88 
50 19 38 132 133 
51 38 21 134 132 
52 132 134 9 135 
53 133 132 135 22 
54 35 54 136 137 
55 54 37 138 136 
56 136 138 21 139 
57 137 136 139 38 
58 51 66 140 141 
59 66 53 142 140 
60 140 142 37 143 
61 141 140 143 54 
62 63 75 144 145 
63 75 65 146 144 
64 144 146 53 147 
65 145 144 147 66 
66 71 91 148 149 
67 91 74 150 148 
68 148 150 65 151 
69 149 148 151 75 
70 87 107 152 153 
71 107 90 154 152 
72 152 154 74 155 
73 153 152 155 91 
74 104 158 156 157 
75 158 103 159 156 
76 156 159 107 160 
77 157 156 160 87 
78 82 162 161 98 
79 162 92 163 161 
80 5 165 164 106 
81 165 100 166 164 
82 164 166 99 167 
83 106 164 167 90 
84 18 169 168 45 
85 169 8 170 168 
86 168 170 29 171 
87 45 168 171 28 
88 34 173 172 61 
89 173 18 174 172 
90 172 174 45 175 
91 61 172 175 44 
92 50 177 176 69 
93 177 34 178 176 
94 176 178 61 179 
95 69 176 179 60 
96 181 50 182 180 
97 180 182 69 183 
98 100 189 188 166 
99 189 84 190 188 
100 188 190 101 191 
101 166 188 191 99 
102 15 193 192 33 
103 193 17 194 192 
104 192 194 8 169 
105 33 192 169 18 
106 31 196 195 49 
107 196 33 197 195 
108 195 197 18 173 
109 49 195 173 34 
110 47 199 198 78 
111 199 49 200 198 
112 198 200 34 177 
113 78 198 177 50 
114 76 202 201 94 
115 202 78 203 201 
116 201 203 50 181 
117 92 205 204 163 
118 205 94 206 204 
119 84 208 207 190 
120 207 209 184 210 
121 190 207 210 101 
122 163 213 211 212 
123 213 204 214 211 
124 211 214 185 208 
125 212 211 208 84 
126 68 216 215 186 
127 216 181 217 215 
128 215 217 180 218 
129 186 215 218 85 
130 185 220 219 209 
131 220 68 221 219 
132 219 221 186 222 
133 209 219 222 184 
134 208 225 223 224 
135 225 185 226 223 
136 223 226 209 227 
137 224 223 227 207 
138 11 230 228 229 
139 230 10 24 228 
140 228 24 14 110 
141 229 228 110 6 
142 20 111 231 232 
143 111 19 133 231 
144 231 133 22 233 
145 232 231 233 4 
146 24 236 234 235 
147 236 23 40 234 
148 234 40 27 114 
149 235 234 114 14 
150 21 46 237 134 
151 46 28 238 237 
152 237 238 30 239 
153 134 237 239 9 
154 36 115 240 241 
155 115 35 137 240 
156 240 137 38 242 
157 241 240 242 19 
158 40 245 243 244 
159 245 39 56 243 
160 243 56 43 118 
161 244 243 118 27 
162 37 62 246 138 
163 62 44 247 246 
164 246 247 46 248 
165 138 246 248 21 
166 52 119 249 250 
167 119 51 141 249 
168 249 141 54 251 
169 250 249 251 35 
170 56 254 252 253 
171 254 55 80 252 
172 252 80 59 122 
173 253 252 122 43 
174 53 70 255 142 
175 70 60 256 255 
176 255 256 62 257 
177 142 255 257 37 
178 64 123 258 259 
179 123 63 145 258 
180 258 145 66 260 
181 259 258 260 51 
182 65 86 261 146 
183 86 67 262 261 
184 261 262 70 263 
185 146 261 263 53 
186 72 127 264 265 
187 127 71 149 264 
188 264 149 75 266 
189 265 264 266 63 
190 80 269 267 268 
191 269 79 96 267 
192 267 96 73 126 
193 268 267 126 59 
194 74 102 270 150 
195 102 83 271 270 
196 270 271 86 272 
197 150 270 272 65 
198 88 131 273 274 
199 131 87 153 273 
200 273 153 91 275 
201 274 273 275 71 
202 90 167 276 154 
203 167 99 277 276 
204 276 277 102 278 
205 154 276 278 74 
206 161 281 279 280 
207 281 163 212 279 
208 279 212 84 189 
209 280 279 189 100 
210 98 284 282 283 
211 284 161 280 282 
212 282 280 100 165 
213 283 282 165 5 
214 94 286 285 206 
215 286 201 287 285 
216 285 287 181 216 
217 206 285 216 68 
218 204 289 288 214 
219 289 206 290 288 
220 288 290 68 220 
221 214 288 220 185 
222 28 171 291 238 
223 171 29 292 291 
224 291 292 3 293 
225 238 291 293 30 
226 44 175 294 247 
227 175 45 295 294 
228 294 295 28 296 
229 247 294 296 46 
230 60 179 297 256 
231 179 61 298 297 
232 297 298 44 299 
233 256 297 299 62 
234 67 183 300 262 
235 183 69 301 300 
236 300 301 60 302 
237 262 300 302 70 
238 83 187 303 271 
239 187 85 304 303 
240 303 304 67 305 
241 271 303 305 86 
242 95 308 306 307 
243 308 98 283 306 
244 306 283 5 105 
245 307 306 105 89 
246 96 311 309 310 
247 311 95 307 309 
248 309 307 89 130 
249 310 309 130 73 
250 99 191 312 277 
251 191 101 313 312 
252 312 313 83 314 
253 277 312 314 102 
254 85 218 315 304 
255 218 180 316 315 
256 315 316 183 317 
257 304 315 317 67 
258 101 210 318 313 
259 210 184 319 318 
260 318 319 187 320 
261 313 318 320 83 
262 184 222 321 319 
263 222 186 322 321 
264 321 322 85 323 
265 319 321 323 187 
