2 0.000000 100.000000 410.334720
323 265 
1 -72.961727 0.000000 -73.928940 99.917929 0.000000 3.912601 0.000110 
2 87.806532 0.000000 -73.928940 99.918097 0.000000 3.873319 0.000137 
3 87.806532 0.000000 73.494202 99.931507 0.000000 3.866832 -0.000126 
4 -72.961727 0.000000 73.494202 99.929405 0.000000 3.912541 -0.000119 
5 7.422402 0.000000 -0.217369 95.176732 0.000000 2.473185 0.093527 
6 -72.961727 0.000000 -0.217369 99.923661 0.000000 3.918474 -0.000009 
7 7.422402 0.000000 -73.928940 99.904077 0.000000 3.893793 0.000401 
8 87.806532 0.000000 -0.217369 99.896748 0.000000 4.571476 -0.000026 
9 7.422402 0.000000 73.494202 99.944571 0.000000 3.892426 -0.000407 
10 -32.769663 0.000000 -37.073155 99.902878 0.000000 3.917601 0.000407 
11 -72.961727 0.000000 -37.073155 99.918559 0.000000 3.915980 0.000095 
12 -32.769663 0.000000 -73.928940 99.911035 0.000000 3.909004 0.000250 
13 7.422402 0.000000 -37.073155 99.850380 0.000000 3.853829 0.001505 
14 -32.769663 0.000000 -0.217369 99.923666 0.000000 3.938471 -0.000025 
15 47.614467 0.000000 -37.073155 99.899874 0.000000 3.772544 0.000578 
16 47.614467 0.000000 -73.928940 99.910136 0.000000 3.877128 0.000293 
17 87.806532 0.000000 -37.073155 99.921679 0.000000 3.781014 0.000136 
18 47.614467 0.000000 -0.217369 99.785372 0.000000 7.325509 -0.001078 
19 -32.769663 0.000000 36.638417 99.945279 0.000000 3.917672 -0.000441 
20 -72.961727 0.000000 36.638417 99.928798 0.000000 3.915981 -0.000110 
21 7.422402 0.000000 36.638417 100.003156 0.000000 3.849439 -0.001545 
22 -32.769663 0.000000 73.494202 99.936744 0.000000 3.908736 -0.000263 
23 -12.673630 0.000000 -18.645262 99.852564 0.000000 3.936714 0.001397 
24 -32.769663 0.000000 -18.645262 99.905486 0.000000 3.929682 0.000345 
25 -12.673630 0.000000 -37.073155 99.877816 0.000000 3.905801 0.000917 
26 7.422402 0.000000 -18.645262 99.684239 0.000000 3.765293 0.004888 
27 -12.673630 0.000000 -0.217369 99.920626 0.000000 4.008070 -0.000020 
28 47.614467 0.000000 36.638417 99.956151 0.000000 3.751393 -0.000531 
29 87.806532 0.000000 36.638417 99.935890 0.000000 3.739317 -0.000116 
30 47.614467 0.000000 73.494202 99.939116 0.000000 3.873467 -0.000283 
31 27.518435 0.000000 -18.645262 99.820954 0.000000 3.491048 0.002359 
32 27.518435 0.000000 -37.073155 99.868803 0.000000 3.790514 0.001185 
33 47.614467 0.000000 -18.645262 99.908543 0.000000 3.509255 0.000597 
34 27.518435 0.000000 -0.217369 99.620043 0.000000 11.145006 -0.004836 
35 -12.673630 0.000000 18.210524 99.997534 0.000000 3.939046 -0.001502 
36 -32.769663 0.000000 18.210524 99.942373 0.000000 3.930088 -0.000392 
37 7.422402 0.000000 18.210524 100.185615 0.000000 3.754047 -0.005125 
38 -12.673630 0.000000 36.638417 99.972123 0.000000 3.905431 -0.000968 
39 -2.625614 0.000000 -9.431316 99.710449 0.000000 3.995843 0.004186 
40 -12.673630 0.000000 -9.431316 99.861805 0.000000 3.976827 0.001180 
41 -2.625614 0.000000 -18.645262 99.774959 0.000000 3.904627 0.002971 
42 7.422402 0.000000 -9.431316 99.312224 0.000000 3.682307 0.012352 
43 -2.625614 0.000000 -0.217369 99.861098 0.000000 4.241248 0.000977 
44 27.518435 0.000000 18.210524 100.049579 0.000000 3.446929 -0.002180 
45 47.614467 0.000000 18.210524 99.966761 0.000000 3.429112 -0.000511 
46 27.518435 0.000000 36.638417 99.986312 0.000000 3.778047 -0.001154 
47 17.470418 0.000000 -9.431316 99.544747 0.000000 3.137095 0.008100 
48 17.470418 0.000000 -18.645262 99.718386 0.000000 3.568960 0.004351 
49 27.518435 0.000000 -9.431316 99.825330 0.000000 3.127928 0.002512 
50 17.470418 0.000000 -0.217369 99.383607 0.000000 12.380403 -0.003038 
51 -2.625614 0.000000 8.996577 100.145081 0.000000 4.015294 -0.004516 
52 -12.673630 0.000000 8.996577 99.984536 0.000000 3.981123 -0.001276 
53 7.422402 0.000000 8.996577 100.610086 0.000000 3.664141 -0.013582 
54 -2.625614 0.000000 18.210524 100.082508 0.000000 3.907087 -0.003177 
55 2.398394 0.000000 -4.824342 99.493803 0.000000 4.184023 0.008348 
56 -2.625614 0.000000 -4.824342 99.726255 0.000000 4.112740 0.003776 
57 2.398394 0.000000 -9.431316 99.522143 0.000000 3.929081 0.007991 
58 7.422402 0.000000 -4.824342 98.674755 0.000000 3.824506 0.024867 
59 2.398394 0.000000 -0.217369 97.059620 0.000000 11.939525 0.043688 
60 17.470418 0.000000 8.996577 100.324768 0.000000 3.101749 -0.007468 
61 27.518435 0.000000 8.996577 100.053003 0.000000 3.138240 -0.002045 
62 17.470418 0.000000 18.210524 100.152735 0.000000 3.537993 -0.004309 
63 2.398394 0.000000 4.389604 100.443166 0.000000 4.336663 -0.010764 
64 -2.625614 0.000000 4.389604 100.105634 0.000000 4.160377 -0.003845 
65 7.422402 0.000000 4.389604 101.367986 0.000000 3.740642 -0.028946 
66 2.398394 0.000000 8.996577 100.363379 0.000000 3.949601 -0.008841 
67 12.446410 0.000000 4.389604 100.812177 0.000000 2.861637 -0.017128 
68 12.446410 0.000000 -0.217369 87.314219 0.000000 -27.973334 0.159372 
69 17.470418 0.000000 4.389604 100.205293 0.000000 3.608072 -0.005412 
70 12.446410 0.000000 8.996577 100.576665 0.000000 3.260623 -0.012630 
71 4.910398 0.000000 2.086117 100.939903 0.000000 7.251235 -0.024144 
72 2.398394 0.000000 2.086117 100.048226 0.000000 5.028709 -0.003494 
73 4.910398 0.000000 -0.217369 80.814486 0.000000 44.961610 0.144747 
74 7.422402 0.000000 2.086117 102.638401 0.000000 3.554855 -0.054728 
75 4.910398 0.000000 4.389604 100.862241 0.000000 4.348071 -0.019210 
76 12.446410 0.000000 -4.824342 98.996511 0.000000 2.931032 0.019110 
77 12.446410 0.000000 -9.431316 99.326849 0.000000 3.318410 0.012317 
78 17.470418 0.000000 -4.824342 99.544017 0.000000 3.197925 0.008076 
79 4.910398 0.000000 -2.520856 99.055931 0.000000 5.928659 0.015277 
80 2.398394 0.000000 -2.520856 99.673690 0.000000 4.936988 0.004078 
81 4.910398 0.000000 -4.824342 99.097919 0.000000 4.224953 0.016175 
82 7.422402 0.000000 -2.520856 97.756916 0.000000 4.238872 0.042562 
83 9.934406 0.000000 2.086117 101.727081 0.000000 2.842141 -0.035648 
84 9.934406 0.000000 -0.217369 99.260952 0.000000 -2.386330 0.014157 
85 12.446410 0.000000 2.086117 99.646053 0.000000 3.063501 0.006128 
86 9.934406 0.000000 4.389604 101.339537 0.000000 3.104508 -0.027934 
87 6.166400 0.000000 0.934374 111.462037 0.000000 9.985879 -0.252350 
88 4.910398 0.000000 0.934374 97.760427 0.000000 17.676518 0.013044 
89 6.166400 0.000000 -0.217369 84.569030 0.000000 11.071304 0.272551 
90 7.422402 0.000000 0.934374 99.250332 0.000000 -2.378359 0.014372 
91 6.166400 0.000000 2.086117 103.023828 0.000000 5.820185 -0.064778 
92 9.934406 0.000000 -2.520856 97.970800 0.000000 2.950703 0.039302 
93 9.934406 0.000000 -4.824342 98.627712 0.000000 3.224922 0.026217 
94 12.446410 0.000000 -2.520856 99.487382 0.000000 2.595122 0.009553 
95 6.166400 0.000000 -1.369112 95.739616 0.000000 7.701646 0.077461 
96 4.910398 0.000000 -1.369112 99.415068 0.000000 11.427929 -0.001395 
97 6.166400 0.000000 -2.520856 98.011833 0.000000 5.294638 0.036565 
98 7.422402 0.000000 -1.369112 96.675463 0.000000 4.415793 0.063436 
99 8.678404 0.000000 0.934374 99.487180 0.000000 -2.623542 0.009542 
100 8.678404 0.000000 -0.217369 99.487180 0.000000 -2.623542 0.009542 
101 9.934406 0.000000 0.934374 101.503572 0.000000 2.815409 -0.031090 
102 8.678404 0.000000 2.086117 101.910036 0.000000 2.940946 -0.039430 
103 6.794401 0.000000 0.358503 98.896924 0.000000 -1.965177 0.021554 
104 6.166400 0.000000 0.358503 97.310727 0.000000 9.832578 0.043394 
105 6.794401 0.000000 -0.217369 91.355924 0.000000 4.202649 0.163643 
106 7.422402 0.000000 0.358503 99.259066 0.000000 -2.385670 0.014195 
107 6.794401 0.000000 0.934374 106.974112 0.000000 2.821053 -0.145142 
108 -52.865695 0.000000 18.210524 99.930444 0.000000 3.921862 -0.000147 
109 -72.961727 0.000000 18.210524 99.926759 0.000000 3.917739 -0.000071 
110 -52.865695 0.000000 -0.217369 99.923713 0.000000 3.923956 -0.000015 
111 -52.865695 0.000000 36.638417 99.933661 0.000000 3.917530 -0.000208 
112 -22.721646 0.000000 8.996577 99.946864 0.000000 3.951372 -0.000499 
113 -32.769663 0.000000 8.996577 99.934797 0.000000 3.936181 -0.000246 
114 -22.721646 0.000000 -0.217369 99.923220 0.000000 3.958116 -0.000032 
115 -22.721646 0.000000 18.210524 99.958981 0.000000 3.936482 -0.000729 
116 -7.649622 0.000000 4.389604 99.994132 0.000000 4.052379 -0.001525 
117 -12.673630 0.000000 4.389604 99.958220 0.000000 4.001028 -0.000765 
118 -7.649622 0.000000 -0.217369 99.914080 0.000000 4.072292 0.000059 
119 -7.649622 0.000000 8.996577 100.035440 0.000000 4.004089 -0.002312 
120 -0.113610 0.000000 2.086117 100.057040 0.000000 4.490806 -0.003158 
121 -2.625614 0.000000 2.086117 100.014560 0.000000 4.274921 -0.002119 
122 -0.113610 0.000000 -0.217369 99.286111 0.000000 4.388363 0.012301 
123 -0.113610 0.000000 4.389604 100.228311 0.000000 4.233357 -0.006364 
124 3.654396 0.000000 0.934374 97.134744 0.000000 8.687855 0.048936 
125 2.398394 0.000000 0.934374 99.464774 0.000000 6.190847 0.006843 
126 3.654396 0.000000 -0.217369 97.869559 0.000000 9.062075 0.033943 
127 3.654396 0.000000 2.086117 99.830341 0.000000 5.942944 -0.000142 
128 5.538399 0.000000 0.358503 85.413875 0.000000 39.672096 0.113059 
129 4.910398 0.000000 0.358503 88.501025 0.000000 30.892091 0.121325 
130 5.538399 0.000000 -0.217369 79.656834 0.000000 46.736698 0.147047 
131 5.538399 0.000000 0.934374 105.501394 0.000000 19.621247 -0.151554 
132 -12.673630 0.000000 55.066309 99.952163 0.000000 3.901291 -0.000566 
133 -32.769663 0.000000 55.066309 99.941170 0.000000 3.911137 -0.000353 
134 7.422402 0.000000 55.066309 99.960310 0.000000 3.879976 -0.000712 
135 -12.673630 0.000000 73.494202 99.941623 0.000000 3.902488 -0.000356 
136 -2.625614 0.000000 27.424470 100.025010 0.000000 3.884804 -0.002009 
137 -12.673630 0.000000 27.424470 99.986219 0.000000 3.915373 -0.001257 
138 7.422402 0.000000 27.424470 100.057278 0.000000 3.816382 -0.002602 
139 -2.625614 0.000000 36.638417 99.990502 0.000000 3.884401 -0.001319 
140 2.398394 0.000000 13.603551 100.226433 0.000000 3.868647 -0.006030 
141 -2.625614 0.000000 13.603551 100.118985 0.000000 3.942529 -0.003935 
142 7.422402 0.000000 13.603551 100.323378 0.000000 3.706926 -0.007852 
143 2.398394 0.000000 18.210524 100.140848 0.000000 3.850500 -0.004302 
144 4.910398 0.000000 6.693091 100.661436 0.000000 3.950375 -0.014833 
145 2.398394 0.000000 6.693091 100.423392 0.000000 4.060269 -0.010134 
146 7.422402 0.000000 6.693091 100.877402 0.000000 3.676604 -0.018977 
147 4.910398 0.000000 8.996577 100.496951 0.000000 3.845678 -0.011443 
148 6.166400 0.000000 3.237861 101.672738 0.000000 4.594678 -0.035846 
149 4.910398 0.000000 3.237861 101.029671 0.000000 5.030321 -0.023230 
150 7.422402 0.000000 3.237861 101.811614 0.000000 3.806265 -0.038009 
151 6.166400 0.000000 4.389604 101.175442 0.000000 4.128447 -0.025351 
152 6.794401 0.000000 1.510246 104.543728 0.000000 4.332141 -0.094816 
153 6.166400 0.000000 1.510246 105.174946 0.000000 7.410394 -0.111668 
154 7.422402 0.000000 1.510246 103.266646 0.000000 2.949221 -0.067270 
155 6.794401 0.000000 2.086117 103.067737 0.000000 4.444911 -0.064272 
156 6.480401 0.000000 0.646438 98.627400 0.000000 -0.180516 0.027260 
157 6.166400 0.000000 0.646438 97.803505 0.000000 8.159515 0.036790 
158 6.480401 0.000000 0.358503 98.616463 0.000000 -0.430953 0.027461 
159 6.794401 0.000000 0.646438 98.875818 0.000000 -1.892198 0.021999 
160 6.480401 0.000000 0.934374 109.575139 0.000000 5.171176 -0.203345 
161 8.678404 0.000000 -1.369112 97.494015 0.000000 3.620795 0.048181 
162 8.678404 0.000000 -2.520856 97.913337 0.000000 3.532677 0.040050 
163 9.934406 0.000000 -1.369112 97.474000 0.000000 3.272885 0.048811 
164 8.050403 0.000000 0.358503 99.441235 0.000000 -2.566034 0.010486 
165 8.050403 0.000000 -0.217369 99.444259 0.000000 -2.567064 0.010425 
166 8.678404 0.000000 0.358503 99.482756 0.000000 -2.616833 0.009633 
167 8.050403 0.000000 0.934374 99.444259 0.000000 -2.567064 0.010425 
168 67.710499 0.000000 18.210524 99.950496 0.000000 3.415453 -0.000177 
169 67.710499 0.000000 -0.217369 99.858840 0.000000 5.517479 -0.000223 
170 87.806532 0.000000 18.210524 99.946811 0.000000 3.395257 -0.000089 
171 67.710499 0.000000 36.638417 99.941652 0.000000 3.744162 -0.000235 
172 37.566451 0.000000 8.996577 99.983350 0.000000 3.195542 -0.000688 
173 37.566451 0.000000 -0.217369 99.718483 0.000000 8.918655 -0.002332 
174 47.614467 0.000000 8.996577 99.962980 0.000000 3.235313 -0.000306 
175 37.566451 0.000000 18.210524 99.990918 0.000000 3.431848 -0.000996 
176 22.494427 0.000000 4.389604 100.019005 0.000000 4.088726 -0.002052 
177 22.494427 0.000000 -0.217369 99.717284 0.000000 11.527647 -0.007642 
178 27.518435 0.000000 4.389604 99.954696 0.000000 4.416223 -0.001044 
179 22.494427 0.000000 8.996577 100.144891 0.000000 3.105439 -0.003864 
180 14.958414 0.000000 2.086117 99.480632 0.000000 6.702018 0.005869 
181 14.958414 0.000000 -0.217369 98.941948 0.000000 13.705831 0.002264 
182 17.470418 0.000000 2.086117 99.668317 0.000000 7.962092 0.000283 
183 14.958414 0.000000 4.389604 100.391119 0.000000 3.255940 -0.008898 
184 11.190408 0.000000 0.934374 103.663371 0.000000 -0.410978 -0.074626 
185 11.190408 0.000000 -0.217369 89.460956 0.000000 -2.867595 0.198851 
186 12.446410 0.000000 0.934374 94.509338 0.000000 1.094023 0.106679 
187 11.190408 0.000000 2.086117 101.283113 0.000000 2.371453 -0.026389 
188 9.306405 0.000000 0.358503 99.426752 0.000000 -2.569268 0.010772 
189 9.306405 0.000000 -0.217369 99.420365 0.000000 -2.570223 0.010899 
190 9.934406 0.000000 0.358503 99.269942 0.000000 -2.385830 0.013979 
191 9.306405 0.000000 0.934374 99.420365 0.000000 -2.570223 0.010899 
192 67.710499 0.000000 -18.645262 99.927619 0.000000 3.538074 0.000195 
193 67.710499 0.000000 -37.073155 99.915338 0.000000 3.775233 0.000267 
194 87.806532 0.000000 -18.645262 99.932475 0.000000 3.561266 0.000082 
195 37.566451 0.000000 -9.431316 99.906229 0.000000 3.173552 0.000867 
196 37.566451 0.000000 -18.645262 99.881915 0.000000 3.494387 0.001139 
197 47.614467 0.000000 -9.431316 99.929961 0.000000 3.203594 0.000374 
198 22.494427 0.000000 -4.824342 99.760857 0.000000 3.308598 0.003682 
199 22.494427 0.000000 -9.431316 99.724296 0.000000 3.109595 0.004540 
200 27.518435 0.000000 -4.824342 99.852975 0.000000 3.350591 0.001816 
201 14.958414 0.000000 -2.520856 99.680566 0.000000 4.253224 0.004569 
202 14.958414 0.000000 -4.824342 99.358405 0.000000 3.065637 0.011851 
203 17.470418 0.000000 -2.520856 99.628307 0.000000 4.477863 0.005415 
204 11.190408 0.000000 -1.369112 97.471551 0.000000 1.460155 0.049716 
205 11.190408 0.000000 -2.520856 98.467284 0.000000 2.454579 0.029817 
206 12.446410 0.000000 -1.369112 101.307423 0.000000 0.823640 -0.026387 
207 10.562407 0.000000 0.358503 98.660316 0.000000 -1.742778 0.026310 
208 10.562407 0.000000 -0.217369 94.663439 0.000000 2.351923 0.103330 
209 11.190408 0.000000 0.358503 96.315363 0.000000 -7.872124 0.066138 
210 10.562407 0.000000 0.934374 102.641297 0.000000 2.570288 -0.054184 
211 10.562407 0.000000 -0.793241 96.224192 0.000000 2.776863 0.073319 
212 9.934406 0.000000 -0.793241 97.190967 0.000000 3.628484 0.054075 
213 10.562407 0.000000 -1.369112 97.285030 0.000000 2.636497 0.052867 
214 11.190408 0.000000 -0.793241 95.312496 0.000000 0.133550 0.091551 
215 13.702412 0.000000 0.934374 96.085715 0.000000 11.704812 0.063053 
216 13.702412 0.000000 -0.217369 98.182774 0.000000 18.912071 0.000248 
217 14.958414 0.000000 0.934374 98.662680 0.000000 13.575735 0.008137 
218 13.702412 0.000000 2.086117 99.114223 0.000000 5.337059 0.014789 
219 11.818409 0.000000 0.358503 86.888156 0.000000 -29.507956 0.157973 
220 11.818409 0.000000 -0.217369 83.919685 0.000000 -33.267180 0.185078 
221 12.446410 0.000000 0.358503 84.279430 0.000000 -8.633121 0.282245 
222 11.818409 0.000000 0.934374 99.376666 0.000000 -2.962571 0.011550 
223 10.876408 0.000000 0.070567 98.151253 0.000000 -1.972130 0.036244 
224 10.562407 0.000000 0.070567 98.682638 0.000000 -1.777441 0.025858 
225 10.876408 0.000000 -0.217369 92.214944 0.000000 0.818495 0.149573 
226 11.190408 0.000000 0.070567 95.433407 0.000000 -10.601508 0.078007 
227 10.876408 0.000000 0.358503 98.106176 0.000000 -1.461929 0.037304 
228 -52.865695 0.000000 -18.645262 99.917051 0.000000 3.921788 0.000120 
229 -72.961727 0.000000 -18.645262 99.920577 0.000000 3.917725 0.000053 
230 -52.865695 0.000000 -37.073155 99.913919 0.000000 3.917502 0.000186 
231 -52.865695 0.000000 55.066309 99.933726 0.000000 3.913843 -0.000207 
232 -72.961727 0.000000 55.066309 99.929546 0.000000 3.914071 -0.000123 
233 -52.865695 0.000000 73.494202 99.932427 0.000000 3.911569 -0.000179 
234 -22.721646 0.000000 -9.431316 99.900313 0.000000 3.950346 0.000432 
235 -32.769663 0.000000 -9.431316 99.912718 0.000000 3.935862 0.000196 
236 -22.721646 0.000000 -18.645262 99.889275 0.000000 3.935598 0.000664 
237 27.518435 0.000000 55.066309 99.956513 0.000000 3.855293 -0.000617 
238 47.614467 0.000000 55.066309 99.946070 0.000000 3.840673 -0.000397 
239 27.518435 0.000000 73.494202 99.943325 0.000000 3.881478 -0.000373 
240 -22.721646 0.000000 27.424470 99.960199 0.000000 3.922872 -0.000743 
241 -32.769663 0.000000 27.424470 99.945407 0.000000 3.923445 -0.000448 
242 -22.721646 0.000000 36.638417 99.956277 0.000000 3.914526 -0.000658 
243 -7.649622 0.000000 -4.824342 99.842543 0.000000 4.041859 0.001513 
244 -12.673630 0.000000 -4.824342 99.884796 0.000000 3.997698 0.000705 
245 -7.649622 0.000000 -9.431316 99.811538 0.000000 3.994405 0.002170 
246 17.470418 0.000000 27.424470 100.050115 0.000000 3.732330 -0.002396 
247 27.518435 0.000000 27.424470 100.013771 0.000000 3.676082 -0.001627 
248 17.470418 0.000000 36.638417 100.000940 0.000000 3.809244 -0.001470 
249 -7.649622 0.000000 13.603551 100.042076 0.000000 3.960899 -0.002411 
250 -12.673630 0.000000 13.603551 99.996287 0.000000 3.958642 -0.001493 
251 -7.649622 0.000000 18.210524 100.032902 0.000000 3.931663 -0.002204 
252 -0.113610 0.000000 -2.520856 99.763338 0.000000 4.307624 0.002872 
253 -2.625614 0.000000 -2.520856 99.770084 0.000000 4.197309 0.002831 
254 -0.113610 0.000000 -4.824342 99.613081 0.000000 4.153002 0.005999 
255 12.446410 0.000000 13.603551 100.327777 0.000000 3.503884 -0.007794 
256 17.470418 0.000000 13.603551 100.237977 0.000000 3.352646 -0.005889 
257 12.446410 0.000000 18.210524 100.191236 0.000000 3.633941 -0.005149 
258 -0.113610 0.000000 6.693091 100.264365 0.000000 4.091600 -0.006968 
259 -2.625614 0.000000 6.693091 100.148614 0.000000 4.086975 -0.004645 
260 -0.113610 0.000000 8.996577 100.243974 0.000000 4.003607 -0.006488 
261 9.934406 0.000000 6.693091 100.972460 0.000000 3.308638 -0.020638 
262 12.446410 0.000000 6.693091 100.785261 0.000000 3.074748 -0.016712 
263 9.934406 0.000000 8.996577 100.642198 0.000000 3.450202 -0.014076 
264 3.654396 0.000000 3.237861 100.502593 0.000000 4.861613 -0.012441 
265 2.398394 0.000000 3.237861 100.326756 0.000000 4.585301 -0.008648 
266 3.654396 0.000000 4.389604 100.580909 0.000000 4.371839 -0.013563 
267 3.654396 0.000000 -1.369112 100.900716 0.000000 7.505527 -0.023729 
268 2.398394 0.000000 -1.369112 99.816610 0.000000 7.256072 -0.001601 
269 3.654396 0.000000 -2.520856 99.690255 0.000000 5.345856 0.003327 
270 8.678404 0.000000 3.237861 101.683060 0.000000 3.267486 -0.035012 
271 9.934406 0.000000 3.237861 101.537026 0.000000 2.891960 -0.031813 
272 8.678404 0.000000 4.389604 101.434915 0.000000 3.379316 -0.030046 
273 5.538399 0.000000 1.510246 103.219845 0.000000 10.438790 -0.076330 
274 4.910398 0.000000 1.510246 100.340628 0.000000 10.441333 -0.017726 
275 5.538399 0.000000 2.086117 102.171871 0.000000 7.054710 -0.048886 
276 8.050403 0.000000 1.510246 102.387854 0.000000 2.548718 -0.048977 
277 8.678404 0.000000 1.510246 101.897398 0.000000 2.518882 -0.038942 
278 8.050403 0.000000 2.086117 102.208111 0.000000 3.105253 -0.045614 
279 9.306405 0.000000 -0.793241 97.573902 0.000000 3.692747 0.046570 
280 8.678404 0.000000 -0.793241 97.481273 0.000000 3.554966 0.048476 
281 9.306405 0.000000 -1.369112 97.578628 0.000000 3.519069 0.046603 
282 8.050403 0.000000 -0.793241 96.969218 0.000000 3.553336 0.058434 
283 7.422402 0.000000 -0.793241 95.906799 0.000000 4.091876 0.078514 
284 8.050403 0.000000 -1.369112 97.208049 0.000000 3.812900 0.053606 
285 13.702412 0.000000 -1.369112 101.465940 0.000000 6.384937 -0.033610 
286 13.702412 0.000000 -2.520856 99.896324 0.000000 3.690715 0.000710 
287 14.958414 0.000000 -1.369112 99.782478 0.000000 6.911275 -0.000431 
288 11.818409 0.000000 -0.793241 97.140418 0.000000 -4.153061 0.054649 
289 11.818409 0.000000 -1.369112 98.825790 0.000000 0.321774 0.023336 
290 12.446410 0.000000 -0.793241 104.122598 0.000000 -4.834889 -0.086489 
291 67.710499 0.000000 55.066309 99.937853 0.000000 3.834643 -0.000228 
292 87.806532 0.000000 55.066309 99.933108 0.000000 3.831973 -0.000131 
293 67.710499 0.000000 73.494202 99.934745 0.000000 3.869043 -0.000192 
294 37.566451 0.000000 27.424470 99.981609 0.000000 3.652829 -0.000967 
295 47.614467 0.000000 27.424470 99.961650 0.000000 3.644274 -0.000561 
296 37.566451 0.000000 36.638417 99.969352 0.000000 3.760186 -0.000801 
297 22.494427 0.000000 13.603551 100.135035 0.000000 3.287461 -0.003783 
298 27.518435 0.000000 13.603551 100.062136 0.000000 3.269648 -0.002312 
299 22.494427 0.000000 18.210524 100.098262 0.000000 3.479315 -0.003177 
300 14.958414 0.000000 6.693091 100.532548 0.000000 3.018451 -0.011590 
301 17.470418 0.000000 6.693091 100.320163 0.000000 3.079117 -0.007362 
302 14.958414 0.000000 8.996577 100.453316 0.000000 3.145990 -0.010077 
303 11.190408 0.000000 3.237861 101.193083 0.000000 2.707477 -0.024737 
304 12.446410 0.000000 3.237861 100.626155 0.000000 2.852902 -0.013376 
305 11.190408 0.000000 4.389604 101.143926 0.000000 2.866459 -0.023831 
306 6.794401 0.000000 -0.793241 94.123695 0.000000 5.775363 0.110738 
307 6.166400 0.000000 -0.793241 92.198996 0.000000 9.839502 0.140253 
308 6.794401 0.000000 -1.369112 96.029527 0.000000 5.622476 0.074672 
309 5.538399 0.000000 -0.793241 92.704207 0.000000 16.699316 0.112706 
310 4.910398 0.000000 -0.793241 99.658460 0.000000 21.917487 -0.041218 
311 5.538399 0.000000 -1.369112 96.714851 0.000000 10.293613 0.054028 
312 9.306405 0.000000 1.510246 101.679625 0.000000 2.750016 -0.034631 
313 9.934406 0.000000 1.510246 101.731827 0.000000 2.918594 -0.035788 
314 9.306405 0.000000 2.086117 101.782568 0.000000 2.877008 -0.036797 
315 13.702412 0.000000 3.237861 100.216382 0.000000 3.472445 -0.005538 
316 14.958414 0.000000 3.237861 100.103879 0.000000 4.039325 -0.003710 
317 13.702412 0.000000 4.389604 100.587044 0.000000 3.031850 -0.012695 
318 10.562407 0.000000 1.510246 101.948532 0.000000 2.672215 -0.040064 
319 11.190408 0.000000 1.510246 101.668255 0.000000 1.854548 -0.033987 
320 10.562407 0.000000 2.086117 101.668898 0.000000 2.624966 -0.034346 
321 11.818409 0.000000 1.510246 100.049357 0.000000 1.582921 -0.001238 
322 12.446410 0.000000 1.510246 98.185579 0.000000 3.107178 0.034994 
323 11.818409 0.000000 2.086117 100.502128 0.000000 2.404296 -0.010646 
1 1 12 10 11 
2 12 7 13 10 
3 7 16 15 13 
4 16 2 17 15 
5 10 25 23 24 
6 25 13 26 23 
7 13 32 31 26 
8 32 15 33 31 
9 23 41 39 40 
10 41 26 42 39 
11 26 48 47 42 
12 48 31 49 47 
13 39 57 55 56 
14 57 42 58 55 
15 42 77 76 58 
16 77 47 78 76 
17 55 81 79 80 
18 81 58 82 79 
19 58 93 92 82 
20 93 76 94 92 
21 79 97 95 96 
22 97 82 98 95 
23 89 105 103 104 
24 105 5 106 103 
25 103 106 90 107 
26 6 110 108 109 
27 110 14 36 108 
28 108 36 19 111 
29 109 108 111 20 
30 14 114 112 113 
31 114 27 52 112 
32 112 52 35 115 
33 113 112 115 36 
34 27 118 116 117 
35 118 43 64 116 
36 116 64 51 119 
37 117 116 119 52 
38 43 122 120 121 
39 122 59 72 120 
40 120 72 63 123 
41 121 120 123 64 
42 59 126 124 125 
43 126 73 88 124 
44 124 88 71 127 
45 125 124 127 72 
46 73 130 128 129 
47 130 89 104 128 
48 128 104 87 131 
49 129 128 131 88 
50 19 38 132 133 
51 38 21 134 132 
52 132 134 9 135 
53 133 132 135 22 
54 35 54 136 137 
55 54 37 138 136 
56 136 138 21 139 
57 137 136 139 38 
58 51 66 140 141 
59 66 53 142 140 
60 140 142 37 143 
61 141 140 143 54 
62 63 75 144 145 
63 75 65 146 144 
64 144 146 53 147 
65 145 144 147 66 
66 71 91 148 149 
67 91 74 150 148 
68 148 150 65 151 
69 149 148 151 75 
70 87 107 152 153 
71 107 90 154 152 
72 152 154 74 155 
73 153 152 155 91 
74 104 158 156 157 
75 158 103 159 156 
76 156 159 107 160 
77 157 156 160 87 
78 82 162 161 98 
79 162 92 163 161 
80 5 165 164 106 
81 165 100 166 164 
82 164 166 99 167 
83 106 164 167 90 
84 18 169 168 45 
85 169 8 170 168 
86 168 170 29 171 
87 45 168 171 28 
88 34 173 172 61 
89 173 18 174 172 
90 172 174 45 175 
91 61 172 175 44 
92 50 177 176 69 
93 177 34 178 176 
94 176 178 61 179 
95 69 176 179 60 
96 181 50 182 180 
97 180 182 69 183 
98 100 189 188 166 
99 189 84 190 188 
100 188 190 101 191 
101 166 188 191 99 
102 15 193 192 33 
103 193 17 194 192 
104 192 194 8 169 
105 33 192 169 18 
106 31 196 195 49 
107 196 33 197 195 
108 195 197 18 173 
109 49 195 173 34 
110 47 199 198 78 
111 199 49 200 198 
112 198 200 34 177 
113 78 198 177 50 
114 76 202 201 94 
115 202 78 203 201 
116 201 203 50 181 
117 92 205 204 163 
118 205 94 206 204 
119 84 208 207 190 
120 207 209 184 210 
121 190 207 210 101 
122 163 213 211 212 
123 213 204 214 211 
124 211 214 185 208 
125 212 211 208 84 
126 68 216 215 186 
127 216 181 217 215 
128 215 217 180 218 
129 186 215 218 85 
130 185 220 219 209 
131 220 68 221 219 
132 219 221 186 222 
133 209 219 222 184 
134 208 225 223 224 
135 225 185 226 223 
136 223 226 209 227 
137 224 223 227 207 
138 11 230 228 229 
139 230 10 24 228 
140 228 24 14 110 
141 229 228 110 6 
142 20 111 231 232 
143 111 19 133 231 
144 231 133 22 233 
145 232 231 233 4 
146 24 236 234 235 
147 236 23 40 234 
148 234 40 27 114 
149 235 234 114 14 
150 21 46 237 134 
151 46 28 238 237 
152 237 238 30 239 
153 134 237 239 9 
154 36 115 240 241 
155 115 35 137 240 
156 240 137 38 242 
157 241 240 242 19 
158 40 245 243 244 
159 245 39 56 243 
160 243 56 43 118 
161 244 243 118 27 
162 37 62 246 138 
163 62 44 247 246 
164 246 247 46 248 
165 138 246 248 21 
166 52 119 249 250 
167 119 51 141 249 
168 249 141 54 251 
169 250 249 251 35 
170 56 254 252 253 
171 254 55 80 252 
172 252 80 59 122 
173 253 252 122 43 
174 53 70 255 142 
175 70 60 256 255 
176 255 256 62 257 
177 142 255 257 37 
178 64 123 258 259 
179 123 63 145 258 
180 258 145 66 260 
181 259 258 260 51 
182 65 86 261 146 
183 86 67 262 261 
184 261 262 70 263 
185 146 261 263 53 
186 72 127 264 265 
187 127 71 149 264 
188 264 149 75 266 
189 265 264 266 63 
190 80 269 267 268 
191 269 79 96 267 
192 267 96 73 126 
193 268 267 126 59 
194 74 102 270 150 
195 102 83 271 270 
196 270 271 86 272 
197 150 270 272 65 
198 88 131 273 274 
199 131 87 153 273 
200 273 153 91 275 
201 274 273 275 71 
202 90 167 276 154 
203 167 99 277 276 
204 276 277 102 278 
205 154 276 278 74 
206 161 281 279 280 
207 281 163 212 279 
208 279 212 84 189 
209 280 279 189 100 
210 98 284 282 283 
211 284 161 280 282 
212 282 280 100 165 
213 283 282 165 5 
214 94 286 285 206 
215 286 201 287 285 
216 285 287 181 216 
217 206 285 216 68 
218 204 289 288 214 
219 289 206 290 288 
220 288 290 68 220 
221 214 288 220 185 
222 28 171 291 238 
223 171 29 292 291 
224 291 292 3 293 
225 238 291 293 30 
226 44 175 294 247 
227 175 45 295 294 
228 294 295 28 296 
229 247 294 296 46 
230 60 179 297 256 
231 179 61 298 297 
232 297 298 44 299 
233 256 297 299 62 
234 67 183 300 262 
235 183 69 301 300 
236 300 301 60 302 
237 262 300 302 70 
238 83 187 303 271 
239 187 85 304 303 
240 303 304 67 305 
241 271 303 305 86 
242 95 308 306 307 
243 308 98 283 306 
244 306 283 5 105 
245 307 306 105 89 
246 96 311 309 310 
247 311 95 307 309 
248 309 307 89 130 
249 310 309 130 73 
250 99 191 312 277 
251 191 101 313 312 
252 312 313 83 314 
253 277 312 314 102 
254 85 218 315 304 
255 218 180 316 315 
256 315 316 183 317 
257 304 315 317 67 
258 101 210 318 313 
259 210 184 319 318 
260 318 319 187 320 
261 313 318 320 83 
262 184 222 321 319 
263 222 186 322 321 
264 321 322 85 323 
265 319 321 323 187 
