2 0.000000 100.000000 410.334720
323 265 
1 -72.961727 0.000000 -73.928940 96.729127 0.000000 25.307520 0.000301 
2 87.806532 0.000000 -73.928940 96.741500 0.000000 25.203039 0.000589 
3 87.806532 0.000000 73.494202 96.835443 0.000000 25.024325 -0.000332 
4 -72.961727 0.000000 73.494202 96.772849 0.000000 25.304672 -0.000531 
5 7.422402 0.000000 -0.217369 89.831615 0.000000 13.512802 0.174769 
6 -72.961727 0.000000 -0.217369 96.752845 0.000000 25.328815 -0.000266 
7 7.422402 0.000000 -73.928940 96.686665 0.000000 25.246569 0.001430 
8 87.806532 0.000000 -0.217369 97.129200 0.000000 23.767958 0.000100 
9 7.422402 0.000000 73.494202 96.844210 0.000000 25.215524 -0.001462 
10 -32.769663 0.000000 -37.073155 96.677519 0.000000 25.330341 0.001183 
11 -72.961727 0.000000 -37.073155 96.732560 0.000000 25.320082 0.000171 
12 -32.769663 0.000000 -73.928940 96.706368 0.000000 25.296020 0.000799 
13 7.422402 0.000000 -37.073155 96.509715 0.000000 25.108199 0.005545 
14 -32.769663 0.000000 -0.217369 96.767372 0.000000 25.413413 -0.000977 
15 47.614467 0.000000 -37.073155 96.715227 0.000000 24.921442 0.002509 
16 47.614467 0.000000 -73.928940 96.713163 0.000000 25.201113 0.001147 
17 87.806532 0.000000 -37.073155 96.780754 0.000000 25.033047 0.000683 
18 47.614467 0.000000 -0.217369 97.448186 0.000000 22.310835 0.000608 
19 -32.769663 0.000000 36.638417 96.847018 0.000000 25.321462 -0.002052 
20 -72.961727 0.000000 36.638417 96.771948 0.000000 25.318137 -0.000582 
21 7.422402 0.000000 36.638417 97.105728 0.000000 25.008677 -0.005496 
22 -32.769663 0.000000 73.494202 96.804597 0.000000 25.287244 -0.001057 
23 -12.673630 0.000000 -18.645262 96.489079 0.000000 25.404702 0.004446 
24 -32.769663 0.000000 -18.645262 96.690081 0.000000 25.378617 0.000695 
25 -12.673630 0.000000 -37.073155 96.589210 0.000000 25.288680 0.003101 
26 7.422402 0.000000 -18.645262 95.955135 0.000000 24.707542 0.018215 
27 -12.673630 0.000000 -0.217369 96.806207 0.000000 25.728131 -0.003338 
28 47.614467 0.000000 36.638417 97.058509 0.000000 24.378882 -0.001468 
29 87.806532 0.000000 36.638417 97.230787 0.000000 23.483469 -0.000530 
30 47.614467 0.000000 73.494202 96.839480 0.000000 25.114938 -0.000865 
31 27.518435 0.000000 -18.645262 96.579631 0.000000 23.992171 0.009675 
32 27.518435 0.000000 -37.073155 96.600510 0.000000 24.927380 0.004697 
33 47.614467 0.000000 -18.645262 96.846462 0.000000 24.322534 0.002918 
34 27.518435 0.000000 -0.217369 96.638853 0.000000 24.834940 0.004416 
35 -12.673630 0.000000 18.210524 97.105908 0.000000 25.382064 -0.007381 
36 -32.769663 0.000000 18.210524 96.841788 0.000000 25.373239 -0.002213 
37 7.422402 0.000000 18.210524 97.903397 0.000000 24.438001 -0.018229 
38 -12.673630 0.000000 36.638417 96.966605 0.000000 25.261574 -0.004067 
39 -2.625614 0.000000 -9.431316 95.803572 0.000000 25.573065 0.016769 
40 -12.673630 0.000000 -9.431316 96.521191 0.000000 25.580401 0.002930 
41 -2.625614 0.000000 -18.645262 96.201193 0.000000 25.251480 0.010769 
42 7.422402 0.000000 -9.431316 94.661120 0.000000 23.911211 0.046753 
43 -2.625614 0.000000 -0.217369 96.873557 0.000000 27.333403 -0.013160 
44 27.518435 0.000000 18.210524 97.607874 0.000000 22.965484 -0.005471 
45 47.614467 0.000000 18.210524 97.596579 0.000000 22.182588 -0.001716 
46 27.518435 0.000000 36.638417 97.091913 0.000000 24.661712 -0.003504 
47 17.470418 0.000000 -9.431316 95.831670 0.000000 22.304655 0.031879 
48 17.470418 0.000000 -18.645262 96.191215 0.000000 24.102467 0.016632 
49 27.518435 0.000000 -9.431316 96.824001 0.000000 22.649810 0.011210 
50 17.470418 0.000000 -0.217369 94.492979 0.000000 32.472495 0.001661 
51 -2.625614 0.000000 8.996577 97.998696 0.000000 25.524117 -0.025522 
52 -12.673630 0.000000 8.996577 97.090350 0.000000 25.569987 -0.008036 
53 7.422402 0.000000 8.996577 99.659736 0.000000 23.335526 -0.047661 
54 -2.625614 0.000000 18.210524 97.490336 0.000000 25.177901 -0.013829 
55 2.398394 0.000000 -4.824342 93.761189 0.000000 25.031665 0.058226 
56 -2.625614 0.000000 -4.824342 95.639704 0.000000 26.227723 0.016515 
57 2.398394 0.000000 -9.431316 95.108315 0.000000 25.008245 0.032900 
58 7.422402 0.000000 -4.824342 92.725705 0.000000 22.760798 0.088389 
59 2.398394 0.000000 -0.217369 97.778973 0.000000 31.092302 -0.052746 
60 17.470418 0.000000 8.996577 98.514928 0.000000 21.577840 -0.017079 
61 27.518435 0.000000 8.996577 93.613185 0.000000 37.586144 -0.017615 
62 17.470418 0.000000 18.210524 97.830119 0.000000 23.540307 -0.012488 
63 2.398394 0.000000 4.389604 100.616493 0.000000 25.149262 -0.075616 
64 -2.625614 0.000000 4.389604 98.177592 0.000000 26.252074 -0.032801 
65 7.422402 0.000000 4.389604 102.204705 0.000000 22.206918 -0.093895 
66 2.398394 0.000000 8.996577 98.948493 0.000000 24.805851 -0.040613 
67 12.446410 0.000000 4.389604 98.276544 0.000000 23.619206 -0.021615 
68 12.446410 0.000000 -0.217369 68.551836 0.000000 -21.912767 0.482048 
69 17.470418 0.000000 4.389604 91.425285 0.000000 41.262926 -0.006121 
70 12.446410 0.000000 8.996577 99.368172 0.000000 21.826635 -0.035044 
71 4.910398 0.000000 2.086117 101.811446 0.000000 28.581270 -0.118246 
72 2.398394 0.000000 2.086117 102.046049 0.000000 26.265974 -0.110330 
73 4.910398 0.000000 -0.217369 84.462726 0.000000 47.208726 0.063738 
74 7.422402 0.000000 2.086117 101.404787 0.000000 32.646060 -0.134870 
75 4.910398 0.000000 4.389604 101.474193 0.000000 23.899207 -0.086818 
76 12.446410 0.000000 -4.824342 94.078848 0.000000 20.675895 0.072168 
77 12.446410 0.000000 -9.431316 94.979315 0.000000 22.756987 0.046105 
78 17.470418 0.000000 -4.824342 95.942706 0.000000 21.264593 0.034281 
79 4.910398 0.000000 -2.520856 92.444995 0.000000 23.715463 0.089150 
80 2.398394 0.000000 -2.520856 91.993933 0.000000 24.490394 0.093734 
81 4.910398 0.000000 -4.824342 93.239862 0.000000 24.012904 0.072971 
82 7.422402 0.000000 -2.520856 91.047060 0.000000 21.678567 0.124047 
83 9.934406 0.000000 2.086117 96.206380 0.000000 35.560291 -0.052020 
84 9.934406 0.000000 -0.217369 95.279098 0.000000 -2.290602 0.091665 
85 12.446410 0.000000 2.086117 91.160414 0.000000 37.754483 0.026438 
86 9.934406 0.000000 4.389604 101.419321 0.000000 21.093469 -0.073081 
87 6.166400 0.000000 0.934374 108.129121 0.000000 42.075013 -0.346221 
88 4.910398 0.000000 0.934374 92.799611 0.000000 55.501770 -0.169221 
89 6.166400 0.000000 -0.217369 80.989180 0.000000 20.032913 0.303944 
90 7.422402 0.000000 0.934374 94.340455 0.000000 -2.260702 0.109477 
91 6.166400 0.000000 2.086117 103.403725 0.000000 29.542766 -0.156511 
92 9.934406 0.000000 -2.520856 91.788873 0.000000 19.870713 0.117996 
93 9.934406 0.000000 -4.824342 92.912569 0.000000 21.355029 0.091122 
94 12.446410 0.000000 -2.520856 95.150433 0.000000 20.067334 0.054370 
95 6.166400 0.000000 -1.369112 89.462472 0.000000 23.277774 0.145461 
96 4.910398 0.000000 -1.369112 93.336392 0.000000 25.502594 0.063794 
97 6.166400 0.000000 -2.520856 91.397971 0.000000 22.925612 0.112083 
98 7.422402 0.000000 -1.369112 90.089897 0.000000 20.787845 0.145168 
99 8.678404 0.000000 0.934374 95.013131 0.000000 -2.505558 0.096623 
100 8.678404 0.000000 -0.217369 95.013131 0.000000 -2.505558 0.096623 
101 9.934406 0.000000 0.934374 97.708948 0.000000 17.729321 0.013863 
102 8.678404 0.000000 2.086117 97.211680 0.000000 39.778640 -0.103245 
103 6.794401 0.000000 0.358503 94.775636 0.000000 -1.882014 0.101404 
104 6.166400 0.000000 0.358503 97.144846 0.000000 10.058938 0.046170 
105 6.794401 0.000000 -0.217369 86.506064 0.000000 14.581748 0.230407 
106 7.422402 0.000000 0.358503 94.460683 0.000000 -2.270149 0.107203 
107 6.794401 0.000000 0.934374 102.150330 0.000000 33.834099 -0.157944 
108 -52.865695 0.000000 18.210524 96.783427 0.000000 25.342388 -0.000927 
109 -72.961727 0.000000 18.210524 96.764637 0.000000 25.325383 -0.000477 
110 -52.865695 0.000000 -0.217369 96.756983 0.000000 25.352210 -0.000465 
111 -52.865695 0.000000 36.638417 96.794549 0.000000 25.324009 -0.001049 
112 -22.721646 0.000000 8.996577 96.879795 0.000000 25.464212 -0.003412 
113 -32.769663 0.000000 8.996577 96.813143 0.000000 25.401164 -0.001800 
114 -22.721646 0.000000 -0.217369 96.778849 0.000000 25.500383 -0.001642 
115 -22.721646 0.000000 18.210524 96.923236 0.000000 25.395678 -0.003905 
116 -7.649622 0.000000 4.389604 97.247837 0.000000 25.904704 -0.012820 
117 -12.673630 0.000000 4.389604 96.984467 0.000000 25.678643 -0.006538 
118 -7.649622 0.000000 -0.217369 96.833321 0.000000 26.069339 -0.005630 
119 -7.649622 0.000000 8.996577 97.383136 0.000000 25.630076 -0.014038 
120 -0.113610 0.000000 2.086117 99.653746 0.000000 27.641837 -0.069494 
121 -2.625614 0.000000 2.086117 97.874133 0.000000 26.957728 -0.030607 
122 -0.113610 0.000000 -0.217369 97.969466 0.000000 29.955735 -0.049536 
123 -0.113610 0.000000 4.389604 99.339423 0.000000 26.100797 -0.054957 
124 3.654396 0.000000 0.934374 95.671127 0.000000 35.367593 -0.040383 
125 2.398394 0.000000 0.934374 102.772943 0.000000 29.158699 -0.141251 
126 3.654396 0.000000 -0.217369 93.964234 0.000000 8.698138 0.109507 
127 3.654396 0.000000 2.086117 101.234964 0.000000 26.471197 -0.094924 
128 5.538399 0.000000 0.358503 90.204240 0.000000 42.131685 0.008812 
129 4.910398 0.000000 0.358503 88.602352 0.000000 55.852690 -0.096990 
130 5.538399 0.000000 -0.217369 85.261162 0.000000 50.136942 0.021682 
131 5.538399 0.000000 0.934374 101.529753 0.000000 56.272709 -0.347491 
132 -12.673630 0.000000 55.066309 96.874831 0.000000 25.252076 -0.002240 
133 -32.769663 0.000000 55.066309 96.825956 0.000000 25.296233 -0.001517 
134 7.422402 0.000000 55.066309 96.916458 0.000000 25.156993 -0.002567 
135 -12.673630 0.000000 73.494202 96.826521 0.000000 25.259986 -0.001344 
136 -2.625614 0.000000 27.424470 97.200995 0.000000 25.141772 -0.008014 
137 -12.673630 0.000000 27.424470 97.034904 0.000000 25.292373 -0.005548 
138 7.422402 0.000000 27.424470 97.336334 0.000000 24.834930 -0.009114 
139 -2.625614 0.000000 36.638417 97.044548 0.000000 25.163796 -0.005086 
140 2.398394 0.000000 13.603551 98.167878 0.000000 24.816574 -0.025279 
141 -2.625614 0.000000 13.603551 97.715690 0.000000 25.270648 -0.018696 
142 7.422402 0.000000 13.603551 98.491061 0.000000 24.063478 -0.027954 
143 2.398394 0.000000 18.210524 97.725744 0.000000 24.887248 -0.016970 
144 4.910398 0.000000 6.693091 100.247461 0.000000 23.929633 -0.062218 
145 2.398394 0.000000 6.693091 99.579431 0.000000 24.879206 -0.053504 
146 7.422402 0.000000 6.693091 100.680996 0.000000 22.752379 -0.065433 
147 4.910398 0.000000 8.996577 99.371528 0.000000 24.148947 -0.045787 
148 6.166400 0.000000 3.237861 102.893652 0.000000 23.876368 -0.115718 
149 4.910398 0.000000 3.237861 102.104925 0.000000 24.586307 -0.102990 
150 7.422402 0.000000 3.237861 102.926915 0.000000 22.958302 -0.112103 
151 6.166400 0.000000 4.389604 101.933639 0.000000 23.127122 -0.092533 
152 6.794401 0.000000 1.510246 100.923309 0.000000 42.339531 -0.197815 
153 6.166400 0.000000 1.510246 102.544056 0.000000 41.939408 -0.227420 
154 7.422402 0.000000 1.510246 99.484242 0.000000 41.816528 -0.164574 
155 6.794401 0.000000 2.086117 102.863482 0.000000 30.293668 -0.149860 
156 6.480401 0.000000 0.646438 95.926397 0.000000 -0.135699 0.079811 
157 6.166400 0.000000 0.646438 97.395569 0.000000 8.288683 0.044540 
158 6.480401 0.000000 0.358503 95.972146 0.000000 -0.390747 0.078919 
159 6.794401 0.000000 0.646438 94.887583 0.000000 -1.813372 0.099306 
160 6.480401 0.000000 0.934374 105.566381 0.000000 36.264601 -0.245938 
161 8.678404 0.000000 -1.369112 91.038748 0.000000 20.518147 0.129095 
162 8.678404 0.000000 -2.520856 91.335806 0.000000 20.657374 0.123104 
163 9.934406 0.000000 -1.369112 91.512687 0.000000 20.724225 0.119593 
164 8.050403 0.000000 0.358503 94.605248 0.000000 -2.441281 0.104389 
165 8.050403 0.000000 -0.217369 94.440525 0.000000 -2.437898 0.107504 
166 8.678404 0.000000 0.358503 95.087923 0.000000 -2.501217 0.095203 
167 8.050403 0.000000 0.934374 94.440525 0.000000 -2.437898 0.107504 
168 67.710499 0.000000 18.210524 93.767970 0.000000 36.713332 -0.014030 
169 67.710499 0.000000 -0.217369 97.293581 0.000000 23.075496 0.000148 
170 87.806532 0.000000 18.210524 94.686395 0.000000 33.165410 -0.006546 
171 67.710499 0.000000 36.638417 97.103105 0.000000 24.032828 -0.000659 
172 37.566451 0.000000 8.996577 91.640836 0.000000 44.837390 -0.040843 
173 37.566451 0.000000 -0.217369 97.333679 0.000000 22.478545 0.002087 
174 47.614467 0.000000 8.996577 96.234895 0.000000 27.190496 -0.000048 
175 37.566451 0.000000 18.210524 97.563451 0.000000 22.521078 -0.002583 
176 22.494427 0.000000 4.389604 88.985551 0.000000 39.323046 0.053527 
177 22.494427 0.000000 -0.217369 96.259280 0.000000 27.538629 -0.002422 
178 27.518435 0.000000 4.389604 96.282756 0.000000 26.732187 0.001502 
179 22.494427 0.000000 8.996577 97.559312 0.000000 22.816300 -0.003840 
180 14.958414 0.000000 2.086117 91.663463 0.000000 39.100675 0.006895 
181 14.958414 0.000000 -0.217369 91.429089 0.000000 39.801649 0.005655 
182 17.470418 0.000000 2.086117 94.779021 0.000000 46.307444 -0.112744 
183 14.958414 0.000000 4.389604 89.119204 0.000000 43.171172 0.019402 
184 11.190408 0.000000 0.934374 96.272065 0.000000 12.161006 0.058380 
185 11.190408 0.000000 -0.217369 83.406565 0.000000 9.889644 0.294554 
186 12.446410 0.000000 0.934374 79.229909 0.000000 24.950910 0.310007 
187 11.190408 0.000000 2.086117 96.358659 0.000000 29.753483 -0.017026 
188 9.306405 0.000000 0.358503 95.537958 0.000000 -2.468770 0.086640 
189 9.306405 0.000000 -0.217369 95.548753 0.000000 -2.470134 0.086433 
190 9.934406 0.000000 0.358503 95.277816 0.000000 -2.290009 0.091689 
191 9.306405 0.000000 0.934374 95.548753 0.000000 -2.470134 0.086433 
192 67.710499 0.000000 -18.645262 96.872421 0.000000 24.580818 0.001152 
193 67.710499 0.000000 -37.073155 96.765220 0.000000 24.978097 0.001259 
194 87.806532 0.000000 -18.645262 96.858570 0.000000 24.755155 0.000560 
195 37.566451 0.000000 -9.431316 97.055036 0.000000 23.138380 0.004494 
196 37.566451 0.000000 -18.645262 96.781169 0.000000 24.161402 0.004963 
197 47.614467 0.000000 -9.431316 97.075271 0.000000 23.547720 0.002190 
198 22.494427 0.000000 -4.824342 96.773706 0.000000 21.653905 0.016596 
199 22.494427 0.000000 -9.431316 96.481855 0.000000 22.398355 0.018957 
200 27.518435 0.000000 -4.824342 97.099230 0.000000 21.951270 0.008988 
201 14.958414 0.000000 -2.520856 95.693853 0.000000 22.776057 0.032394 
202 14.958414 0.000000 -4.824342 95.227332 0.000000 20.952126 0.049276 
203 17.470418 0.000000 -2.520856 96.043383 0.000000 22.820491 0.025489 
204 11.190408 0.000000 -1.369112 92.306973 0.000000 18.987538 0.111890 
205 11.190408 0.000000 -2.520856 93.100519 0.000000 19.386660 0.095645 
206 12.446410 0.000000 -1.369112 98.499655 0.000000 19.019754 -0.006393 
207 10.562407 0.000000 0.358503 93.481787 0.000000 -1.654978 0.125842 
208 10.562407 0.000000 -0.217369 89.360614 0.000000 15.490418 0.177473 
209 11.190408 0.000000 0.358503 87.374259 0.000000 -7.021033 0.231644 
210 10.562407 0.000000 0.934374 98.028364 0.000000 14.526996 0.017941 
211 10.562407 0.000000 -0.793241 90.747749 0.000000 20.764364 0.133369 
212 9.934406 0.000000 -0.793241 91.557860 0.000000 21.431599 0.115784 
213 10.562407 0.000000 -1.369112 91.658203 0.000000 20.276556 0.118764 
214 11.190408 0.000000 -0.793241 89.946377 0.000000 17.971970 0.158666 
215 13.702412 0.000000 0.934374 77.848296 0.000000 52.057935 0.122961 
216 13.702412 0.000000 -0.217369 87.238161 0.000000 57.093443 -0.087016 
217 14.958414 0.000000 0.934374 83.646192 0.000000 55.551974 -0.008271 
218 13.702412 0.000000 2.086117 93.336922 0.000000 32.097002 0.025800 
219 11.818409 0.000000 0.358503 71.537181 0.000000 -24.183534 0.429759 
220 11.818409 0.000000 -0.217369 66.450621 0.000000 -26.335689 0.489075 
221 12.446410 0.000000 0.358503 59.054395 0.000000 13.790763 0.632239 
222 11.818409 0.000000 0.934374 88.085046 0.000000 14.480867 0.203133 
223 10.876408 0.000000 0.070567 91.931080 0.000000 -1.832491 0.154532 
224 10.562407 0.000000 0.070567 93.558348 0.000000 -1.687823 0.124399 
225 10.876408 0.000000 -0.217369 86.645533 0.000000 13.989757 0.229684 
226 11.190408 0.000000 0.070567 85.784779 0.000000 -9.331392 0.255390 
227 10.876408 0.000000 0.358503 91.766087 0.000000 -1.361043 0.157713 
228 -52.865695 0.000000 -18.645262 96.729742 0.000000 25.344507 0.000101 
229 -72.961727 0.000000 -18.645262 96.740738 0.000000 25.326440 -0.000020 
230 -52.865695 0.000000 -37.073155 96.716484 0.000000 25.327784 0.000442 
231 -52.865695 0.000000 55.066309 96.792285 0.000000 25.308472 -0.000927 
232 -72.961727 0.000000 55.066309 96.774097 0.000000 25.310565 -0.000585 
233 -52.865695 0.000000 73.494202 96.785880 0.000000 25.299950 -0.000759 
234 -22.721646 0.000000 -9.431316 96.676760 0.000000 25.468868 0.000494 
235 -32.769663 0.000000 -9.431316 96.720847 0.000000 25.403892 -0.000028 
236 -22.721646 0.000000 -18.645262 96.629101 0.000000 25.405582 0.001737 
237 27.518435 0.000000 55.066309 96.918608 0.000000 25.038288 -0.002013 
238 47.614467 0.000000 55.066309 96.902075 0.000000 24.934895 -0.001176 
239 27.518435 0.000000 73.494202 96.845592 0.000000 25.163359 -0.001226 
240 -22.721646 0.000000 27.424470 96.919101 0.000000 25.339774 -0.003542 
241 -32.769663 0.000000 27.424470 96.850881 0.000000 25.344554 -0.002244 
242 -22.721646 0.000000 36.638417 96.896042 0.000000 25.304872 -0.002918 
243 -7.649622 0.000000 -4.824342 96.425763 0.000000 25.908395 0.003083 
244 -12.673630 0.000000 -4.824342 96.628555 0.000000 25.681465 0.000338 
245 -7.649622 0.000000 -9.431316 96.289092 0.000000 25.649750 0.007050 
246 17.470418 0.000000 27.424470 97.344472 0.000000 24.457918 -0.007414 
247 27.518435 0.000000 27.424470 97.270939 0.000000 24.141460 -0.004445 
248 17.470418 0.000000 36.638417 97.116689 0.000000 24.826803 -0.004802 
249 -7.649622 0.000000 13.603551 97.350148 0.000000 25.435927 -0.012404 
250 -12.673630 0.000000 13.603551 97.120497 0.000000 25.462494 -0.008073 
251 -7.649622 0.000000 18.210524 97.270080 0.000000 25.323700 -0.010276 
252 -0.113610 0.000000 -2.520856 94.006093 0.000000 27.271934 0.041910 
253 -2.625614 0.000000 -2.520856 95.886325 0.000000 26.911812 0.008157 
254 -0.113610 0.000000 -4.824342 94.662716 0.000000 26.024485 0.036170 
255 12.446410 0.000000 13.603551 98.486266 0.000000 23.222449 -0.023883 
256 17.470418 0.000000 13.603551 98.227420 0.000000 22.598530 -0.015932 
257 12.446410 0.000000 18.210524 97.932383 0.000000 23.944737 -0.016410 
258 -0.113610 0.000000 6.693091 98.834423 0.000000 25.525070 -0.041977 
259 -2.625614 0.000000 6.693091 98.141433 0.000000 25.798184 -0.029729 
260 -0.113610 0.000000 8.996577 98.466050 0.000000 25.265874 -0.033393 
261 9.934406 0.000000 6.693091 100.621435 0.000000 21.536738 -0.058850 
262 12.446410 0.000000 6.693091 99.814028 0.000000 20.950612 -0.040177 
263 9.934406 0.000000 8.996577 99.668280 0.000000 22.490949 -0.043961 
264 3.654396 0.000000 3.237861 101.573950 0.000000 24.932533 -0.093890 
265 2.398394 0.000000 3.237861 101.249761 0.000000 25.496046 -0.090156 
266 3.654396 0.000000 4.389604 101.027141 0.000000 24.493919 -0.080644 
267 3.654396 0.000000 -1.369112 93.413066 0.000000 20.491396 0.085410 
268 2.398394 0.000000 -1.369112 90.092437 0.000000 21.038414 0.144074 
269 3.654396 0.000000 -2.520856 92.591401 0.000000 23.621046 0.086888 
270 8.678404 0.000000 3.237861 102.076193 0.000000 22.958781 -0.094665 
271 9.934406 0.000000 3.237861 100.157503 0.000000 25.237680 -0.066847 
272 8.678404 0.000000 4.389604 102.083475 0.000000 21.419913 -0.087985 
273 5.538399 0.000000 1.510246 101.394470 0.000000 40.506694 -0.192163 
274 4.910398 0.000000 1.510246 99.579102 0.000000 36.568023 -0.125322 
275 5.538399 0.000000 2.086117 102.850928 0.000000 29.366190 -0.144069 
276 8.050403 0.000000 1.510246 99.715762 0.000000 39.194664 -0.147945 
277 8.678404 0.000000 1.510246 100.707884 0.000000 34.573621 -0.133741 
278 8.050403 0.000000 2.086117 99.485133 0.000000 36.375736 -0.122049 
279 9.306405 0.000000 -0.793241 91.744094 0.000000 20.959341 0.114373 
280 8.678404 0.000000 -0.793241 91.471522 0.000000 20.251347 0.122284 
281 9.306405 0.000000 -1.369112 91.339220 0.000000 20.692456 0.122897 
282 8.050403 0.000000 -0.793241 90.854566 0.000000 19.605513 0.136107 
283 7.422402 0.000000 -0.793241 89.798135 0.000000 19.460244 0.155759 
284 8.050403 0.000000 -1.369112 90.634536 0.000000 20.429597 0.136801 
285 13.702412 0.000000 -1.369112 98.304751 0.000000 28.350462 -0.046757 
286 13.702412 0.000000 -2.520856 95.943784 0.000000 21.980710 0.031164 
287 14.958414 0.000000 -1.369112 95.290743 0.000000 27.820165 0.014571 
288 11.818409 0.000000 -0.793241 92.493584 0.000000 12.704395 0.128354 
289 11.818409 0.000000 -1.369112 94.548123 0.000000 17.851932 0.074196 
290 12.446410 0.000000 -0.793241 102.896676 0.000000 11.608652 -0.072249 
291 67.710499 0.000000 55.066309 96.898025 0.000000 24.836012 -0.000605 
292 87.806532 0.000000 55.066309 96.916116 0.000000 24.709683 -0.000330 
293 67.710499 0.000000 73.494202 96.834408 0.000000 25.070939 -0.000545 
294 37.566451 0.000000 27.424470 97.235478 0.000000 23.887877 -0.002537 
295 47.614467 0.000000 27.424470 97.251971 0.000000 23.607438 -0.001526 
296 37.566451 0.000000 36.638417 97.064551 0.000000 24.519450 -0.002273 
297 22.494427 0.000000 13.603551 97.960622 0.000000 22.248069 -0.009126 
298 27.518435 0.000000 13.603551 97.802018 0.000000 22.077288 -0.005264 
299 22.494427 0.000000 18.210524 97.702394 0.000000 23.218000 -0.008483 
300 14.958414 0.000000 6.693091 98.552634 0.000000 21.597949 -0.017909 
301 17.470418 0.000000 6.693091 97.094456 0.000000 24.821507 -0.004344 
302 14.958414 0.000000 8.996577 98.907828 0.000000 21.530369 -0.024632 
303 11.190408 0.000000 3.237861 96.073014 0.000000 32.899128 -0.031238 
304 12.446410 0.000000 3.237861 89.996970 0.000000 43.393177 0.001758 
305 11.190408 0.000000 4.389604 100.247077 0.000000 21.502098 -0.051182 
306 6.794401 0.000000 -0.793241 88.233465 0.000000 20.342281 0.180105 
307 6.166400 0.000000 -0.793241 86.865101 0.000000 23.378139 0.190792 
308 6.794401 0.000000 -1.369112 89.516106 0.000000 21.606606 0.152002 
309 5.538399 0.000000 -0.793241 88.097467 0.000000 28.435554 0.143026 
310 4.910398 0.000000 -0.793241 95.242787 0.000000 30.887776 -0.002524 
311 5.538399 0.000000 -1.369112 90.662811 0.000000 25.267477 0.114181 
312 9.306405 0.000000 1.510246 96.539893 0.000000 37.977993 -0.076228 
313 9.934406 0.000000 1.510246 71.365363 0.000000 148.907687 -1.726651 
314 9.306405 0.000000 2.086117 95.708013 0.000000 39.677751 -0.073435 
315 13.702412 0.000000 3.237861 83.372705 0.000000 49.425147 0.060615 
316 14.958414 0.000000 3.237861 93.710925 0.000000 35.034638 -0.000916 
317 13.702412 0.000000 4.389604 94.978557 0.000000 29.689846 0.009759 
318 10.562407 0.000000 1.510246 95.972220 0.000000 36.175102 -0.051930 
319 11.190408 0.000000 1.510246 95.554451 0.000000 33.015477 -0.022067 
320 10.562407 0.000000 2.086117 96.880217 0.000000 31.279204 -0.036417 
321 11.818409 0.000000 1.510246 92.819853 0.000000 51.609161 -0.127903 
322 12.446410 0.000000 1.510246 94.490791 0.000000 -8.980045 0.099085 
323 11.818409 0.000000 2.086117 91.809873 0.000000 32.781965 0.049629 
1 1 12 10 11 
2 12 7 13 10 
3 7 16 15 13 
4 16 2 17 15 
5 10 25 23 24 
6 25 13 26 23 
7 13 32 31 26 
8 32 15 33 31 
9 23 41 39 40 
10 41 26 42 39 
11 26 48 47 42 
12 48 31 49 47 
13 39 57 55 56 
14 57 42 58 55 
15 42 77 76 58 
16 77 47 78 76 
17 55 81 79 80 
18 81 58 82 79 
19 58 93 92 82 
20 93 76 94 92 
21 79 97 95 96 
22 97 82 98 95 
23 89 105 103 104 
24 105 5 106 103 
25 103 106 90 107 
26 6 110 108 109 
27 110 14 36 108 
28 108 36 19 111 
29 109 108 111 20 
30 14 114 112 113 
31 114 27 52 112 
32 112 52 35 115 
33 113 112 115 36 
34 27 118 116 117 
35 118 43 64 116 
36 116 64 51 119 
37 117 116 119 52 
38 43 122 120 121 
39 122 59 72 120 
40 120 72 63 123 
41 121 120 123 64 
42 59 126 124 125 
43 126 73 88 124 
44 124 88 71 127 
45 125 124 127 72 
46 73 130 128 129 
47 130 89 104 128 
48 128 104 87 131 
49 129 128 131 88 
50 19 38 132 133 
51 38 21 134 132 
52 132 134 9 135 
53 133 132 135 22 
54 35 54 136 137 
55 54 37 138 136 
56 136 138 21 139 
57 137 136 139 38 
58 51 66 140 141 
59 66 53 142 140 
60 140 142 37 143 
61 141 140 143 54 
62 63 75 144 145 
63 75 65 146 144 
64 144 146 53 147 
65 145 144 147 66 
66 71 91 148 149 
67 91 74 150 148 
68 148 150 65 151 
69 149 148 151 75 
70 87 107 152 153 
71 107 90 154 152 
72 152 154 74 155 
73 153 152 155 91 
74 104 158 156 157 
75 158 103 159 156 
76 156 159 107 160 
77 157 156 160 87 
78 82 162 161 98 
79 162 92 163 161 
80 5 165 164 106 
81 165 100 166 164 
82 164 166 99 167 
83 106 164 167 90 
84 18 169 168 45 
85 169 8 170 168 
86 168 170 29 171 
87 45 168 171 28 
88 34 173 172 61 
89 173 18 174 172 
90 172 174 45 175 
91 61 172 175 44 
92 50 177 176 69 
93 177 34 178 176 
94 176 178 61 179 
95 69 176 179 60 
96 181 50 182 180 
97 180 182 69 183 
98 100 189 188 166 
99 189 84 190 188 
100 188 190 101 191 
101 166 188 191 99 
102 15 193 192 33 
103 193 17 194 192 
104 192 194 8 169 
105 33 192 169 18 
106 31 196 195 49 
107 196 33 197 195 
108 195 197 18 173 
109 49 195 173 34 
110 47 199 198 78 
111 199 49 200 198 
112 198 200 34 177 
113 78 198 177 50 
114 76 202 201 94 
115 202 78 203 201 
116 201 203 50 181 
117 92 205 204 163 
118 205 94 206 204 
119 84 208 207 190 
120 207 209 184 210 
121 190 207 210 101 
122 163 213 211 212 
123 213 204 214 211 
124 211 214 185 208 
125 212 211 208 84 
126 68 216 215 186 
127 216 181 217 215 
128 215 217 180 218 
129 186 215 218 85 
130 185 220 219 209 
131 220 68 221 219 
132 219 221 186 222 
133 209 219 222 184 
134 208 225 223 224 
135 225 185 226 223 
136 223 226 209 227 
137 224 223 227 207 
138 11 230 228 229 
139 230 10 24 228 
140 228 24 14 110 
141 229 228 110 6 
142 20 111 231 232 
143 111 19 133 231 
144 231 133 22 233 
145 232 231 233 4 
146 24 236 234 235 
147 236 23 40 234 
148 234 40 27 114 
149 235 234 114 14 
150 21 46 237 134 
151 46 28 238 237 
152 237 238 30 239 
153 134 237 239 9 
154 36 115 240 241 
155 115 35 137 240 
156 240 137 38 242 
157 241 240 242 19 
158 40 245 243 244 
159 245 39 56 243 
160 243 56 43 118 
161 244 243 118 27 
162 37 62 246 138 
163 62 44 247 246 
164 246 247 46 248 
165 138 246 248 21 
166 52 119 249 250 
167 119 51 141 249 
168 249 141 54 251 
169 250 249 251 35 
170 56 254 252 253 
171 254 55 80 252 
172 252 80 59 122 
173 253 252 122 43 
174 53 70 255 142 
175 70 60 256 255 
176 255 256 62 257 
177 142 255 257 37 
178 64 123 258 259 
179 123 63 145 258 
180 258 145 66 260 
181 259 258 260 51 
182 65 86 261 146 
183 86 67 262 261 
184 261 262 70 263 
185 146 261 263 53 
186 72 127 264 265 
187 127 71 149 264 
188 264 149 75 266 
189 265 264 266 63 
190 80 269 267 268 
191 269 79 96 267 
192 267 96 73 126 
193 268 267 126 59 
194 74 102 270 150 
195 102 83 271 270 
196 270 271 86 272 
197 150 270 272 65 
198 88 131 273 274 
199 131 87 153 273 
200 273 153 91 275 
201 274 273 275 71 
202 90 167 276 154 
203 167 99 277 276 
204 276 277 102 278 
205 154 276 278 74 
206 161 281 279 280 
207 281 163 212 279 
208 279 212 84 189 
209 280 279 189 100 
210 98 284 282 283 
211 284 161 280 282 
212 282 280 100 165 
213 283 282 165 5 
214 94 286 285 206 
215 286 201 287 285 
216 285 287 181 216 
217 206 285 216 68 
218 204 289 288 214 
219 289 206 290 288 
220 288 290 68 220 
221 214 288 220 185 
222 28 171 291 238 
223 171 29 292 291 
224 291 292 3 293 
225 238 291 293 30 
226 44 175 294 247 
227 175 45 295 294 
228 294 295 28 296 
229 247 294 296 46 
230 60 179 297 256 
231 179 61 298 297 
232 297 298 44 299 
233 256 297 299 62 
234 67 183 300 262 
235 183 69 301 300 
236 300 301 60 302 
237 262 300 302 70 
238 83 187 303 271 
239 187 85 304 303 
240 303 304 67 305 
241 271 303 305 86 
242 95 308 306 307 
243 308 98 283 306 
244 306 283 5 105 
245 307 306 105 89 
246 96 311 309 310 
247 311 95 307 309 
248 309 307 89 130 
249 310 309 130 73 
250 99 191 312 277 
251 191 101 313 312 
252 312 313 83 314 
253 277 312 314 102 
254 85 218 315 304 
255 218 180 316 315 
256 315 316 183 317 
257 304 315 317 67 
258 101 210 318 313 
259 210 184 319 318 
260 318 319 187 320 
261 313 318 320 83 
262 184 222 321 319 
263 222 186 322 321 
264 321 322 85 323 
265 319 321 323 187 
