2 0.000000 100.000000 410.334720
323 265 
1 -72.961727 0.000000 -73.928940 99.556081 0.000000 9.317908 0.000176 
2 87.806532 0.000000 -73.928940 99.558472 0.000000 9.256974 0.000242 
3 87.806532 0.000000 73.494202 99.582954 0.000000 9.230879 -0.000197 
4 -72.961727 0.000000 73.494202 99.575805 0.000000 9.317473 -0.000216 
5 7.422402 0.000000 -0.217369 102.242828 0.000000 10.646582 -0.056695 
6 -72.961727 0.000000 -0.217369 99.566188 0.000000 9.327929 -0.000044 
7 7.422402 0.000000 -73.928940 99.533801 0.000000 9.286726 0.000678 
8 87.806532 0.000000 -0.217369 99.686847 0.000000 7.982335 -0.000119 
9 7.422402 0.000000 73.494202 99.602777 0.000000 9.281436 -0.000686 
10 -32.769663 0.000000 -37.073155 99.530773 0.000000 9.326637 0.000664 
11 -72.961727 0.000000 -37.073155 99.557264 0.000000 9.323704 0.000142 
12 -32.769663 0.000000 -73.928940 99.544655 0.000000 9.311910 0.000415 
13 7.422402 0.000000 -37.073155 99.445779 0.000000 9.218081 0.002556 
14 -32.769663 0.000000 -0.217369 99.568116 0.000000 9.363411 -0.000148 
15 47.614467 0.000000 -37.073155 99.534370 0.000000 9.097632 0.001014 
16 47.614467 0.000000 -73.928940 99.544899 0.000000 9.260768 0.000505 
17 87.806532 0.000000 -37.073155 99.570006 0.000000 9.127469 0.000250 
18 47.614467 0.000000 -0.217369 99.540436 0.000000 9.425995 0.000285 
19 -32.769663 0.000000 36.638417 99.604818 0.000000 9.325498 -0.000808 
20 -72.961727 0.000000 36.638417 99.574984 0.000000 9.323444 -0.000210 
21 7.422402 0.000000 36.638417 99.706552 0.000000 9.201188 -0.002606 
22 -32.769663 0.000000 73.494202 99.588797 0.000000 9.310497 -0.000461 
23 -12.673630 0.000000 -18.645262 99.441476 0.000000 9.359069 0.002380 
24 -32.769663 0.000000 -18.645262 99.535376 0.000000 9.347917 0.000533 
25 -12.673630 0.000000 -37.073155 99.488472 0.000000 9.305987 0.001544 
26 7.422402 0.000000 -18.645262 99.167798 0.000000 9.043744 0.008396 
27 -12.673630 0.000000 -0.217369 99.570460 0.000000 9.495031 -0.000443 
28 47.614467 0.000000 36.638417 99.634659 0.000000 9.014259 -0.000832 
29 87.806532 0.000000 36.638417 99.607488 0.000000 8.950951 -0.000177 
30 47.614467 0.000000 73.494202 99.594623 0.000000 9.246691 -0.000459 
31 27.518435 0.000000 -18.645262 99.423464 0.000000 8.623534 0.004061 
32 27.518435 0.000000 -37.073155 99.481402 0.000000 9.118511 0.002030 
33 47.614467 0.000000 -18.645262 99.567047 0.000000 8.696960 0.001077 
34 27.518435 0.000000 -0.217369 99.108246 0.000000 13.713902 -0.001052 
35 -12.673630 0.000000 18.210524 99.705150 0.000000 9.358153 -0.002869 
36 -32.769663 0.000000 18.210524 99.600935 0.000000 9.347534 -0.000772 
37 7.422402 0.000000 18.210524 100.030136 0.000000 9.000726 -0.008704 
38 -12.673630 0.000000 36.638417 99.652817 0.000000 9.302096 -0.001721 
39 -2.625614 0.000000 -9.431316 99.155097 0.000000 9.445932 0.007904 
40 -12.673630 0.000000 -9.431316 99.455515 0.000000 9.433985 0.001960 
41 -2.625614 0.000000 -18.645262 99.306234 0.000000 9.294358 0.005189 
42 7.422402 0.000000 -9.431316 98.554108 0.000000 8.790424 0.020982 
43 -2.625614 0.000000 -0.217369 99.533469 0.000000 10.063718 -0.000819 
44 27.518435 0.000000 18.210524 99.811393 0.000000 8.449510 -0.003371 
45 47.614467 0.000000 18.210524 99.690837 0.000000 8.346392 -0.000793 
46 27.518435 0.000000 36.638417 99.680923 0.000000 9.073071 -0.001861 
47 17.470418 0.000000 -9.431316 98.995722 0.000000 7.905065 0.013736 
48 17.470418 0.000000 -18.645262 99.246466 0.000000 8.717912 0.007414 
49 27.518435 0.000000 -9.431316 99.463812 0.000000 7.935699 0.004397 
50 17.470418 0.000000 -0.217369 101.656220 0.000000 -11.958036 -0.047698 
51 -2.625614 0.000000 8.996577 100.025462 0.000000 9.455651 -0.009450 
52 -12.673630 0.000000 8.996577 99.689911 0.000000 9.436588 -0.002713 
53 7.422402 0.000000 8.996577 100.742082 0.000000 8.695660 -0.022458 
54 -2.625614 0.000000 18.210524 99.860342 0.000000 9.287492 -0.005835 
55 2.398394 0.000000 -4.824342 98.524456 0.000000 9.428831 0.020403 
56 -2.625614 0.000000 -4.824342 99.131522 0.000000 9.686779 0.007911 
57 2.398394 0.000000 -9.431316 98.843051 0.000000 9.249671 0.014449 
58 7.422402 0.000000 -4.824342 97.586680 0.000000 8.781281 0.039973 
59 2.398394 0.000000 -0.217369 97.994147 0.000000 16.701772 0.011820 
60 17.470418 0.000000 8.996577 100.279543 0.000000 7.729375 -0.011573 
61 27.518435 0.000000 8.996577 99.847455 0.000000 7.775509 -0.002997 
62 17.470418 0.000000 18.210524 99.973073 0.000000 8.626380 -0.006903 
63 2.398394 0.000000 4.389604 100.849276 0.000000 9.574975 -0.026226 
64 -2.625614 0.000000 4.389604 100.032178 0.000000 9.729118 -0.010109 
65 7.422402 0.000000 4.389604 101.870735 0.000000 8.520890 -0.045025 
66 2.398394 0.000000 8.996577 100.395116 0.000000 9.233297 -0.016443 
67 12.446410 0.000000 4.389604 101.125729 0.000000 7.278164 -0.027938 
68 12.446410 0.000000 -0.217369 83.644202 0.000000 -26.777807 0.228660 
69 17.470418 0.000000 4.389604 100.066933 0.000000 8.333634 -0.008284 
70 12.446410 0.000000 8.996577 100.674286 0.000000 8.024317 -0.019970 
71 4.910398 0.000000 2.086117 101.702769 0.000000 11.998622 -0.048742 
72 2.398394 0.000000 2.086117 100.973613 0.000000 10.299757 -0.030176 
73 4.910398 0.000000 -0.217369 83.031197 0.000000 46.269815 0.096492 
74 7.422402 0.000000 2.086117 102.828232 0.000000 8.464867 -0.064530 
75 4.910398 0.000000 4.389604 101.322373 0.000000 9.288465 -0.035250 
76 12.446410 0.000000 -4.824342 98.070738 0.000000 7.288631 0.032901 
77 12.446410 0.000000 -9.431316 98.621798 0.000000 8.192098 0.020663 
78 17.470418 0.000000 -4.824342 99.017046 0.000000 7.658617 0.013697 
79 4.910398 0.000000 -2.520856 98.069003 0.000000 10.581252 0.027051 
80 2.398394 0.000000 -2.520856 98.219606 0.000000 9.864082 0.025561 
81 4.910398 0.000000 -4.824342 98.106819 0.000000 9.280178 0.028893 
82 7.422402 0.000000 -2.520856 97.086946 0.000000 10.330634 0.046740 
83 9.934406 0.000000 2.086117 102.528826 0.000000 8.112519 -0.057797 
84 9.934406 0.000000 -0.217369 99.010695 0.000000 -2.380313 0.019122 
85 12.446410 0.000000 2.086117 99.735283 0.000000 8.071651 -0.001228 
86 9.934406 0.000000 4.389604 101.872725 0.000000 7.684138 -0.043710 
87 6.166400 0.000000 0.934374 113.354440 0.000000 12.921465 -0.301619 
88 4.910398 0.000000 0.934374 98.890604 0.000000 24.063723 -0.035841 
89 6.166400 0.000000 -0.217369 89.576323 0.000000 15.260329 0.174320 
90 7.422402 0.000000 0.934374 100.854630 0.000000 -2.416803 -0.017750 
91 6.166400 0.000000 2.086117 103.575474 0.000000 10.267907 -0.083331 
92 9.934406 0.000000 -2.520856 89.771845 0.000000 2.433000 0.193510 
93 9.934406 0.000000 -4.824342 97.428960 0.000000 7.853288 0.044592 
94 12.446410 0.000000 -2.520856 99.407420 0.000000 3.633241 0.010496 
95 6.166400 0.000000 -1.369112 96.224191 0.000000 12.825649 0.057641 
96 4.910398 0.000000 -1.369112 98.825168 0.000000 15.154777 0.000392 
97 6.166400 0.000000 -2.520856 97.246237 0.000000 10.310014 0.043687 
98 7.422402 0.000000 -1.369112 102.701205 0.000000 16.016981 -0.080408 
99 8.678404 0.000000 0.934374 99.669801 0.000000 -2.628357 0.005902 
100 8.678404 0.000000 -0.217369 99.669801 0.000000 -2.628357 0.005902 
101 9.934406 0.000000 0.934374 102.321837 0.000000 10.690012 -0.058403 
102 8.678404 0.000000 2.086117 102.520993 0.000000 8.347173 -0.058023 
103 6.794401 0.000000 0.358503 102.313247 0.000000 -2.030562 -0.047212 
104 6.166400 0.000000 0.358503 103.565211 0.000000 10.431991 -0.083458 
105 6.794401 0.000000 -0.217369 99.960997 0.000000 11.770485 -0.013075 
106 7.422402 0.000000 0.358503 100.778354 0.000000 -2.421540 -0.016214 
107 6.794401 0.000000 0.934374 106.331892 0.000000 5.101578 -0.133250 
108 -52.865695 0.000000 18.210524 99.578480 0.000000 9.333625 -0.000299 
109 -72.961727 0.000000 18.210524 99.571540 0.000000 9.326564 -0.000148 
110 -52.865695 0.000000 -0.217369 99.566776 0.000000 9.337517 -0.000073 
111 -52.865695 0.000000 36.638417 99.583805 0.000000 9.325905 -0.000391 
112 -22.721646 0.000000 8.996577 99.612128 0.000000 9.385894 -0.001067 
113 -32.769663 0.000000 8.996577 99.587939 0.000000 9.358826 -0.000535 
114 -22.721646 0.000000 -0.217369 99.569191 0.000000 9.399585 -0.000238 
115 -22.721646 0.000000 18.210524 99.632356 0.000000 9.357993 -0.001418 
116 -7.649622 0.000000 4.389604 99.731674 0.000000 9.573703 -0.003806 
117 -12.673630 0.000000 4.389604 99.643290 0.000000 9.477938 -0.001862 
118 -7.649622 0.000000 -0.217369 99.568424 0.000000 9.628564 -0.000658 
119 -7.649622 0.000000 8.996577 99.797419 0.000000 9.470234 -0.004921 
120 -0.113610 0.000000 2.086117 100.367421 0.000000 10.316884 -0.018006 
121 -2.625614 0.000000 2.086117 99.894667 0.000000 9.996782 -0.007888 
122 -0.113610 0.000000 -0.217369 99.386751 0.000000 10.824764 0.000510 
123 -0.113610 0.000000 4.389604 100.404407 0.000000 9.748778 -0.017608 
124 3.654396 0.000000 0.934374 97.832930 0.000000 14.547655 0.021708 
125 2.398394 0.000000 0.934374 100.849918 0.000000 11.833626 -0.031074 
126 3.654396 0.000000 -0.217369 97.914199 0.000000 9.064927 0.033064 
127 3.654396 0.000000 2.086117 100.644924 0.000000 10.897781 -0.024816 
128 5.538399 0.000000 0.358503 89.467593 0.000000 41.511616 0.027234 
129 4.910398 0.000000 0.358503 90.642706 0.000000 37.448911 0.038148 
130 5.538399 0.000000 -0.217369 83.040660 0.000000 48.745092 0.072816 
131 5.538399 0.000000 0.934374 107.427814 0.000000 25.057431 -0.216861 
132 -12.673630 0.000000 55.066309 99.616271 0.000000 9.296499 -0.000983 
133 -32.769663 0.000000 55.066309 99.596874 0.000000 9.314396 -0.000630 
134 7.422402 0.000000 55.066309 99.630747 0.000000 9.258325 -0.001200 
135 -12.673630 0.000000 73.494202 99.597418 0.000000 9.299319 -0.000612 
136 -2.625614 0.000000 27.424470 99.748344 0.000000 9.259425 -0.003547 
137 -12.673630 0.000000 27.424470 99.679881 0.000000 9.318044 -0.002290 
138 7.422402 0.000000 27.424470 99.802658 0.000000 9.135870 -0.004403 
139 -2.625614 0.000000 36.638417 99.684803 0.000000 9.263645 -0.002287 
140 2.398394 0.000000 13.603551 100.125257 0.000000 9.176725 -0.010928 
141 -2.625614 0.000000 13.603551 99.940159 0.000000 9.338032 -0.007523 
142 7.422402 0.000000 13.603551 100.275017 0.000000 8.877793 -0.013389 
143 2.398394 0.000000 18.210524 99.959245 0.000000 9.176622 -0.007606 
144 4.910398 0.000000 6.693091 100.888959 0.000000 9.035131 -0.026022 
145 2.398394 0.000000 6.693091 100.590795 0.000000 9.333461 -0.020562 
146 7.422402 0.000000 6.693091 101.157541 0.000000 8.595081 -0.030672 
147 4.910398 0.000000 8.996577 100.587910 0.000000 9.013403 -0.019917 
148 6.166400 0.000000 3.237861 102.206825 0.000000 9.327631 -0.053324 
149 4.910398 0.000000 3.237861 101.609738 0.000000 9.848584 -0.042153 
150 7.422402 0.000000 3.237861 102.333622 0.000000 8.573417 -0.054567 
151 6.166400 0.000000 4.389604 101.642356 0.000000 8.975808 -0.041173 
152 6.794401 0.000000 1.510246 104.504249 0.000000 8.361964 -0.099106 
153 6.166400 0.000000 1.510246 105.906564 0.000000 11.449993 -0.134730 
154 7.422402 0.000000 1.510246 102.674645 0.000000 8.019550 -0.060640 
155 6.794401 0.000000 2.086117 103.377383 0.000000 8.980898 -0.076754 
156 6.480401 0.000000 0.646438 104.147341 0.000000 -0.169507 -0.084670 
157 6.166400 0.000000 0.646438 104.273553 0.000000 8.675749 -0.094824 
158 6.480401 0.000000 0.358503 104.359537 0.000000 -0.441830 -0.089111 
159 6.794401 0.000000 0.646438 102.521844 0.000000 -1.957222 -0.051456 
160 6.480401 0.000000 0.934374 110.173703 0.000000 7.326583 -0.219192 
161 8.678404 0.000000 -1.369112 99.705024 0.000000 12.768614 -0.010413 
162 8.678404 0.000000 -2.520856 96.439244 0.000000 11.117599 0.057587 
163 9.934406 0.000000 -1.369112 97.421288 0.000000 8.950671 0.042898 
164 8.050403 0.000000 0.358503 100.048057 0.000000 -2.581567 -0.001628 
165 8.050403 0.000000 -0.217369 100.123481 0.000000 -2.584598 -0.003139 
166 8.678404 0.000000 0.358503 99.639795 0.000000 -2.620965 0.006504 
167 8.050403 0.000000 0.934374 100.123481 0.000000 -2.584598 -0.003139 
168 67.710499 0.000000 18.210524 99.676459 0.000000 8.231881 -0.000316 
169 67.710499 0.000000 -0.217369 99.656533 0.000000 8.275450 0.000009 
170 87.806532 0.000000 18.210524 99.682420 0.000000 8.101053 -0.000221 
171 67.710499 0.000000 36.638417 99.613770 0.000000 8.982912 -0.000360 
172 37.566451 0.000000 8.996577 99.736609 0.000000 7.911370 -0.000998 
173 37.566451 0.000000 -0.217369 99.391861 0.000000 10.868928 0.000312 
174 47.614467 0.000000 8.996577 99.690852 0.000000 8.128747 -0.000434 
175 37.566451 0.000000 18.210524 99.723005 0.000000 8.390705 -0.001508 
176 22.494427 0.000000 4.389604 99.578172 0.000000 9.690637 -0.000972 
177 22.494427 0.000000 -0.217369 99.246545 0.000000 13.935330 -0.004407 
178 27.518435 0.000000 4.389604 99.371957 0.000000 11.889106 -0.001614 
179 22.494427 0.000000 8.996577 99.991884 0.000000 7.719855 -0.005797 
180 14.958414 0.000000 2.086117 98.849273 0.000000 13.471805 0.004733 
181 14.958414 0.000000 -0.217369 97.712461 0.000000 19.498059 0.007210 
182 17.470418 0.000000 2.086117 95.947782 0.000000 23.221692 0.025478 
183 14.958414 0.000000 4.389604 100.443520 0.000000 7.755639 -0.014905 
184 11.190408 0.000000 0.934374 104.957271 0.000000 7.052271 -0.106576 
185 11.190408 0.000000 -0.217369 87.092843 0.000000 5.366703 0.238604 
186 12.446410 0.000000 0.934374 93.120173 0.000000 9.496035 0.123846 
187 11.190408 0.000000 2.086117 101.965289 0.000000 7.347604 -0.045091 
188 9.306405 0.000000 0.358503 99.359675 0.000000 -2.567544 0.012106 
189 9.306405 0.000000 -0.217369 99.348802 0.000000 -2.568373 0.012322 
190 9.934406 0.000000 0.358503 99.026924 0.000000 -2.380033 0.018800 
191 9.306405 0.000000 0.934374 99.348802 0.000000 -2.568373 0.012322 
192 67.710499 0.000000 -18.645262 99.595252 0.000000 8.779615 0.000370 
193 67.710499 0.000000 -37.073155 99.560058 0.000000 9.110616 0.000479 
194 87.806532 0.000000 -18.645262 99.599782 0.000000 8.845435 0.000164 
195 37.566451 0.000000 -9.431316 99.596235 0.000000 8.059865 0.001563 
196 37.566451 0.000000 -18.645262 99.524890 0.000000 8.651804 0.001994 
197 47.614467 0.000000 -9.431316 99.632512 0.000000 8.159782 0.000678 
198 22.494427 0.000000 -4.824342 99.369040 0.000000 7.812062 0.006477 
199 22.494427 0.000000 -9.431316 99.295991 0.000000 7.881710 0.007818 
200 27.518435 0.000000 -4.824342 99.525269 0.000000 7.874938 0.003271 
201 14.958414 0.000000 -2.520856 99.349321 0.000000 8.309200 0.006067 
202 14.958414 0.000000 -4.824342 98.685540 0.000000 7.444263 0.020575 
203 17.470418 0.000000 -2.520856 99.151868 0.000000 9.030709 0.008735 
204 11.190408 0.000000 -1.369112 96.830671 0.000000 5.891142 0.058912 
205 11.190408 0.000000 -2.520856 101.235332 0.000000 -7.579593 -0.030604 
206 12.446410 0.000000 -1.369112 101.881183 0.000000 2.657091 -0.038684 
207 10.562407 0.000000 0.358503 98.251533 0.000000 -1.735770 0.034362 
208 10.562407 0.000000 -0.217369 93.192533 0.000000 11.669101 0.117898 
209 11.190408 0.000000 0.358503 95.082594 0.000000 -7.728750 0.089957 
210 10.562407 0.000000 0.934374 103.925126 0.000000 10.518281 -0.091107 
211 10.562407 0.000000 -0.793241 95.250802 0.000000 9.816818 0.083091 
212 9.934406 0.000000 -0.793241 96.750987 0.000000 11.012672 0.051797 
213 10.562407 0.000000 -1.369112 96.754152 0.000000 7.744564 0.057866 
214 11.190408 0.000000 -0.793241 93.976149 0.000000 6.505472 0.112616 
215 13.702412 0.000000 0.934374 93.604223 0.000000 23.509762 0.068554 
216 13.702412 0.000000 -0.217369 96.625196 0.000000 27.507028 -0.009306 
217 14.958414 0.000000 0.934374 96.251592 0.000000 26.168871 0.005082 
218 13.702412 0.000000 2.086117 98.724517 0.000000 11.106083 0.013012 
219 11.818409 0.000000 0.358503 83.434464 0.000000 -28.306430 0.223744 
220 11.818409 0.000000 -0.217369 80.034623 0.000000 -31.724650 0.258801 
221 12.446410 0.000000 0.358503 81.706408 0.000000 -1.640100 0.332137 
222 11.818409 0.000000 0.934374 99.591798 0.000000 4.354865 0.006251 
223 10.876408 0.000000 0.070567 97.624474 0.000000 -1.957630 0.046563 
224 10.562407 0.000000 0.070567 98.268881 0.000000 -1.770109 0.034009 
225 10.876408 0.000000 -0.217369 90.229692 0.000000 9.710892 0.176430 
226 11.190408 0.000000 0.070567 93.921726 0.000000 -10.361550 0.107135 
227 10.876408 0.000000 0.358503 97.608522 0.000000 -1.452547 0.047047 
228 -52.865695 0.000000 -18.645262 99.555027 0.000000 9.333845 0.000168 
229 -72.961727 0.000000 -18.645262 99.560807 0.000000 9.326694 0.000066 
230 -52.865695 0.000000 -37.073155 99.549495 0.000000 9.326388 0.000292 
231 -52.865695 0.000000 55.066309 99.583629 0.000000 9.319517 -0.000375 
232 -72.961727 0.000000 55.066309 99.576159 0.000000 9.320109 -0.000228 
233 -52.865695 0.000000 73.494202 99.581165 0.000000 9.315646 -0.000319 
234 -22.721646 0.000000 -9.431316 99.526773 0.000000 9.385588 0.000633 
235 -32.769663 0.000000 -9.431316 99.548360 0.000000 9.358914 0.000253 
236 -22.721646 0.000000 -18.645262 99.506983 0.000000 9.358480 0.001078 
237 27.518435 0.000000 55.066309 99.625304 0.000000 9.214253 -0.001010 
238 47.614467 0.000000 55.066309 99.609087 0.000000 9.185654 -0.000635 
239 27.518435 0.000000 73.494202 99.601140 0.000000 9.261800 -0.000617 
240 -22.721646 0.000000 27.424470 99.632775 0.000000 9.334300 -0.001382 
241 -32.769663 0.000000 27.424470 99.605672 0.000000 9.335543 -0.000844 
242 -22.721646 0.000000 36.638417 99.624556 0.000000 9.319217 -0.001190 
243 -7.649622 0.000000 -4.824342 99.413888 0.000000 9.564111 0.002541 
244 -12.673630 0.000000 -4.824342 99.499320 0.000000 9.475322 0.001010 
245 -7.649622 0.000000 -9.431316 99.357044 0.000000 9.463791 0.003861 
246 17.470418 0.000000 27.424470 99.789993 0.000000 8.987255 -0.003881 
247 27.518435 0.000000 27.424470 99.732920 0.000000 8.883124 -0.002557 
248 17.470418 0.000000 36.638417 99.703723 0.000000 9.129998 -0.002419 
249 -7.649622 0.000000 13.603551 99.795944 0.000000 9.389472 -0.004739 
250 -12.673630 0.000000 13.603551 99.706987 0.000000 9.393606 -0.002972 
251 -7.649622 0.000000 18.210524 99.770696 0.000000 9.339323 -0.004141 
252 -0.113610 0.000000 -2.520856 98.748389 0.000000 10.096119 0.014682 
253 -2.625614 0.000000 -2.520856 99.223541 0.000000 9.918718 0.005631 
254 -0.113610 0.000000 -4.824342 98.800091 0.000000 9.672394 0.014499 
255 12.446410 0.000000 13.603551 100.271154 0.000000 8.525560 -0.012699 
256 17.470418 0.000000 13.603551 100.123954 0.000000 8.263667 -0.009309 
257 12.446410 0.000000 18.210524 100.036390 0.000000 8.789838 -0.008454 
258 -0.113610 0.000000 6.693091 100.298530 0.000000 9.505319 -0.015015 
259 -2.625614 0.000000 6.693091 100.053368 0.000000 9.564311 -0.010215 
260 -0.113610 0.000000 8.996577 100.198296 0.000000 9.380515 -0.012769 
261 9.934406 0.000000 6.693091 101.273721 0.000000 8.038485 -0.032098 
262 12.446410 0.000000 6.693091 101.011122 0.000000 7.635414 -0.026155 
263 9.934406 0.000000 8.996577 100.780254 0.000000 8.341120 -0.022623 
264 3.654396 0.000000 3.237861 101.125109 0.000000 9.851801 -0.032335 
265 2.398394 0.000000 3.237861 100.937013 0.000000 9.816687 -0.028465 
266 3.654396 0.000000 4.389604 101.032136 0.000000 9.439866 -0.029660 
267 3.654396 0.000000 -1.369112 99.613089 0.000000 10.782227 -0.003902 
268 2.398394 0.000000 -1.369112 97.852594 0.000000 10.716565 0.031003 
269 3.654396 0.000000 -2.520856 98.448309 0.000000 9.986396 0.020820 
270 8.678404 0.000000 3.237861 102.295536 0.000000 8.043480 -0.052907 
271 9.934406 0.000000 3.237861 102.191834 0.000000 7.554187 -0.050024 
272 8.678404 0.000000 4.389604 101.982699 0.000000 8.071381 -0.046562 
273 5.538399 0.000000 1.510246 104.229452 0.000000 15.076878 -0.109109 
274 4.910398 0.000000 1.510246 101.265908 0.000000 15.463926 -0.049392 
275 5.538399 0.000000 2.086117 102.891045 0.000000 11.637989 -0.072201 
276 8.050403 0.000000 1.510246 102.342082 0.000000 8.836796 -0.055199 
277 8.678404 0.000000 1.510246 102.576625 0.000000 8.861625 -0.060049 
278 8.050403 0.000000 2.086117 102.561086 0.000000 8.400540 -0.058935 
279 9.306405 0.000000 -0.793241 97.612557 0.000000 11.321571 0.034361 
280 8.678404 0.000000 -0.793241 98.241459 0.000000 11.813961 0.020905 
281 9.306405 0.000000 -1.369112 98.371083 0.000000 10.295471 0.021713 
282 8.050403 0.000000 -0.793241 99.718962 0.000000 12.721828 -0.010572 
283 7.422402 0.000000 -0.793241 102.816521 0.000000 14.647361 -0.078578 
284 8.050403 0.000000 -1.369112 101.748817 0.000000 16.177876 -0.061455 
285 13.702412 0.000000 -1.369112 104.669941 0.000000 1.019684 -0.095684 
286 13.702412 0.000000 -2.520856 99.634828 0.000000 6.803130 0.002662 
287 14.958414 0.000000 -1.369112 102.671101 0.000000 4.210480 -0.055908 
288 11.818409 0.000000 -0.793241 95.874168 0.000000 1.168710 0.080678 
289 11.818409 0.000000 -1.369112 98.530283 0.000000 3.739224 0.027780 
290 12.446410 0.000000 -0.793241 103.784478 0.000000 -0.573903 -0.077155 
291 67.710499 0.000000 55.066309 99.596584 0.000000 9.170100 -0.000357 
292 87.806532 0.000000 55.066309 99.589787 0.000000 9.158996 -0.000201 
293 67.710499 0.000000 73.494202 99.587854 0.000000 9.237142 -0.000307 
294 37.566451 0.000000 27.424470 99.684957 0.000000 8.831327 -0.001508 
295 47.614467 0.000000 27.424470 99.655583 0.000000 8.799742 -0.000867 
296 37.566451 0.000000 36.638417 99.654741 0.000000 9.036896 -0.001273 
297 22.494427 0.000000 13.603551 99.961077 0.000000 8.140214 -0.005848 
298 27.518435 0.000000 13.603551 99.848540 0.000000 8.091297 -0.003520 
299 22.494427 0.000000 18.210524 99.885873 0.000000 8.520092 -0.004978 
300 14.958414 0.000000 6.693091 100.614634 0.000000 7.514530 -0.017977 
301 17.470418 0.000000 6.693091 100.275755 0.000000 7.585011 -0.011276 
302 14.958414 0.000000 8.996577 100.479236 0.000000 7.823416 -0.015728 
303 11.190408 0.000000 3.237861 101.738736 0.000000 7.230391 -0.040305 
304 12.446410 0.000000 3.237861 100.921560 0.000000 7.372416 -0.023951 
305 11.190408 0.000000 4.389604 101.604973 0.000000 7.328378 -0.037728 
306 6.794401 0.000000 -0.793241 99.846108 0.000000 14.444551 -0.017789 
307 6.166400 0.000000 -0.793241 94.311782 0.000000 14.949218 0.088181 
308 6.794401 0.000000 -1.369112 98.104284 0.000000 12.691044 0.021449 
309 5.538399 0.000000 -0.793241 93.372604 0.000000 20.124746 0.087655 
310 4.910398 0.000000 -0.793241 99.670421 0.000000 24.267420 -0.052310 
311 5.538399 0.000000 -1.369112 96.522783 0.000000 14.538459 0.047199 
312 9.306405 0.000000 1.510246 102.505393 0.000000 8.894763 -0.058647 
313 9.934406 0.000000 1.510246 102.617678 0.000000 9.001081 -0.061141 
314 9.306405 0.000000 2.086117 102.533335 0.000000 8.228888 -0.058080 
315 13.702412 0.000000 3.237861 100.271894 0.000000 8.161061 -0.012106 
316 14.958414 0.000000 3.237861 100.008426 0.000000 8.968197 -0.008211 
317 13.702412 0.000000 4.389604 100.764749 0.000000 7.470227 -0.020934 
318 10.562407 0.000000 1.510246 102.946573 0.000000 8.565130 -0.067136 
319 11.190408 0.000000 1.510246 102.557205 0.000000 7.379033 -0.057243 
320 10.562407 0.000000 2.086117 102.472279 0.000000 7.765337 -0.056087 
321 11.818409 0.000000 1.510246 100.449770 0.000000 6.928889 -0.013817 
322 12.446410 0.000000 1.510246 97.914417 0.000000 8.805066 0.033524 
323 11.818409 0.000000 2.086117 100.925228 0.000000 7.290792 -0.023906 
1 1 12 10 11 
2 12 7 13 10 
3 7 16 15 13 
4 16 2 17 15 
5 10 25 23 24 
6 25 13 26 23 
7 13 32 31 26 
8 32 15 33 31 
9 23 41 39 40 
10 41 26 42 39 
11 26 48 47 42 
12 48 31 49 47 
13 39 57 55 56 
14 57 42 58 55 
15 42 77 76 58 
16 77 47 78 76 
17 55 81 79 80 
18 81 58 82 79 
19 58 93 92 82 
20 93 76 94 92 
21 79 97 95 96 
22 97 82 98 95 
23 89 105 103 104 
24 105 5 106 103 
25 103 106 90 107 
26 6 110 108 109 
27 110 14 36 108 
28 108 36 19 111 
29 109 108 111 20 
30 14 114 112 113 
31 114 27 52 112 
32 112 52 35 115 
33 113 112 115 36 
34 27 118 116 117 
35 118 43 64 116 
36 116 64 51 119 
37 117 116 119 52 
38 43 122 120 121 
39 122 59 72 120 
40 120 72 63 123 
41 121 120 123 64 
42 59 126 124 125 
43 126 73 88 124 
44 124 88 71 127 
45 125 124 127 72 
46 73 130 128 129 
47 130 89 104 128 
48 128 104 87 131 
49 129 128 131 88 
50 19 38 132 133 
51 38 21 134 132 
52 132 134 9 135 
53 133 132 135 22 
54 35 54 136 137 
55 54 37 138 136 
56 136 138 21 139 
57 137 136 139 38 
58 51 66 140 141 
59 66 53 142 140 
60 140 142 37 143 
61 141 140 143 54 
62 63 75 144 145 
63 75 65 146 144 
64 144 146 53 147 
65 145 144 147 66 
66 71 91 148 149 
67 91 74 150 148 
68 148 150 65 151 
69 149 148 151 75 
70 87 107 152 153 
71 107 90 154 152 
72 152 154 74 155 
73 153 152 155 91 
74 104 158 156 157 
75 158 103 159 156 
76 156 159 107 160 
77 157 156 160 87 
78 82 162 161 98 
79 162 92 163 161 
80 5 165 164 106 
81 165 100 166 164 
82 164 166 99 167 
83 106 164 167 90 
84 18 169 168 45 
85 169 8 170 168 
86 168 170 29 171 
87 45 168 171 28 
88 34 173 172 61 
89 173 18 174 172 
90 172 174 45 175 
91 61 172 175 44 
92 50 177 176 69 
93 177 34 178 176 
94 176 178 61 179 
95 69 176 179 60 
96 181 50 182 180 
97 180 182 69 183 
98 100 189 188 166 
99 189 84 190 188 
100 188 190 101 191 
101 166 188 191 99 
102 15 193 192 33 
103 193 17 194 192 
104 192 194 8 169 
105 33 192 169 18 
106 31 196 195 49 
107 196 33 197 195 
108 195 197 18 173 
109 49 195 173 34 
110 47 199 198 78 
111 199 49 200 198 
112 198 200 34 177 
113 78 198 177 50 
114 76 202 201 94 
115 202 78 203 201 
116 201 203 50 181 
117 92 205 204 163 
118 205 94 206 204 
119 84 208 207 190 
120 207 209 184 210 
121 190 207 210 101 
122 163 213 211 212 
123 213 204 214 211 
124 211 214 185 208 
125 212 211 208 84 
126 68 216 215 186 
127 216 181 217 215 
128 215 217 180 218 
129 186 215 218 85 
130 185 220 219 209 
131 220 68 221 219 
132 219 221 186 222 
133 209 219 222 184 
134 208 225 223 224 
135 225 185 226 223 
136 223 226 209 227 
137 224 223 227 207 
138 11 230 228 229 
139 230 10 24 228 
140 228 24 14 110 
141 229 228 110 6 
142 20 111 231 232 
143 111 19 133 231 
144 231 133 22 233 
145 232 231 233 4 
146 24 236 234 235 
147 236 23 40 234 
148 234 40 27 114 
149 235 234 114 14 
150 21 46 237 134 
151 46 28 238 237 
152 237 238 30 239 
153 134 237 239 9 
154 36 115 240 241 
155 115 35 137 240 
156 240 137 38 242 
157 241 240 242 19 
158 40 245 243 244 
159 245 39 56 243 
160 243 56 43 118 
161 244 243 118 27 
162 37 62 246 138 
163 62 44 247 246 
164 246 247 46 248 
165 138 246 248 21 
166 52 119 249 250 
167 119 51 141 249 
168 249 141 54 251 
169 250 249 251 35 
170 56 254 252 253 
171 254 55 80 252 
172 252 80 59 122 
173 253 252 122 43 
174 53 70 255 142 
175 70 60 256 255 
176 255 256 62 257 
177 142 255 257 37 
178 64 123 258 259 
179 123 63 145 258 
180 258 145 66 260 
181 259 258 260 51 
182 65 86 261 146 
183 86 67 262 261 
184 261 262 70 263 
185 146 261 263 53 
186 72 127 264 265 
187 127 71 149 264 
188 264 149 75 266 
189 265 264 266 63 
190 80 269 267 268 
191 269 79 96 267 
192 267 96 73 126 
193 268 267 126 59 
194 74 102 270 150 
195 102 83 271 270 
196 270 271 86 272 
197 150 270 272 65 
198 88 131 273 274 
199 131 87 153 273 
200 273 153 91 275 
201 274 273 275 71 
202 90 167 276 154 
203 167 99 277 276 
204 276 277 102 278 
205 154 276 278 74 
206 161 281 279 280 
207 281 163 212 279 
208 279 212 84 189 
209 280 279 189 100 
210 98 284 282 283 
211 284 161 280 282 
212 282 280 100 165 
213 283 282 165 5 
214 94 286 285 206 
215 286 201 287 285 
216 285 287 181 216 
217 206 285 216 68 
218 204 289 288 214 
219 289 206 290 288 
220 288 290 68 220 
221 214 288 220 185 
222 28 171 291 238 
223 171 29 292 291 
224 291 292 3 293 
225 238 291 293 30 
226 44 175 294 247 
227 175 45 295 294 
228 294 295 28 296 
229 247 294 296 46 
230 60 179 297 256 
231 179 61 298 297 
232 297 298 44 299 
233 256 297 299 62 
234 67 183 300 262 
235 183 69 301 300 
236 300 301 60 302 
237 262 300 302 70 
238 83 187 303 271 
239 187 85 304 303 
240 303 304 67 305 
241 271 303 305 86 
242 95 308 306 307 
243 308 98 283 306 
244 306 283 5 105 
245 307 306 105 89 
246 96 311 309 310 
247 311 95 307 309 
248 309 307 89 130 
249 310 309 130 73 
250 99 191 312 277 
251 191 101 313 312 
252 312 313 83 314 
253 277 312 314 102 
254 85 218 315 304 
255 218 180 316 315 
256 315 316 183 317 
257 304 315 317 67 
258 101 210 318 313 
259 210 184 319 318 
260 318 319 187 320 
261 313 318 320 83 
262 184 222 321 319 
263 222 186 322 321 
264 321 322 85 323 
265 319 321 323 187 
