2 0.000000 100.000000 410.334720
323 265 
1 -72.961727 0.000000 -73.928940 94.651214 0.000000 32.223591 0.000279 
2 87.806532 0.000000 -73.928940 94.666139 0.000000 32.121927 0.000650 
3 87.806532 0.000000 73.494202 94.810339 0.000000 31.844559 -0.000308 
4 -72.961727 0.000000 73.494202 94.698478 0.000000 32.219649 -0.000591 
5 7.422402 0.000000 -0.217369 87.749608 0.000000 17.880967 0.198028 
6 -72.961727 0.000000 -0.217369 94.677470 0.000000 32.246148 -0.000364 
7 7.422402 0.000000 -73.928940 94.608197 0.000000 32.161361 0.001494 
8 87.806532 0.000000 -0.217369 95.038798 0.000000 31.055273 0.000320 
9 7.422402 0.000000 73.494202 94.781640 0.000000 32.118651 -0.001517 
10 -32.769663 0.000000 -37.073155 94.598299 0.000000 32.249224 0.001115 
11 -72.961727 0.000000 -37.073155 94.655316 0.000000 32.237023 0.000115 
12 -32.769663 0.000000 -73.928940 94.627751 0.000000 32.212010 0.000798 
13 7.422402 0.000000 -37.073155 94.430634 0.000000 32.016158 0.005782 
14 -32.769663 0.000000 -0.217369 94.697961 0.000000 32.339357 -0.001354 
15 47.614467 0.000000 -37.073155 94.647357 0.000000 31.845383 0.002775 
16 47.614467 0.000000 -73.928940 94.636988 0.000000 32.116948 0.001234 
17 87.806532 0.000000 -37.073155 94.709679 0.000000 31.972313 0.000785 
18 47.614467 0.000000 -0.217369 95.611582 0.000000 29.124722 0.001018 
19 -32.769663 0.000000 36.638417 94.782612 0.000000 32.236632 -0.002294 
20 -72.961727 0.000000 36.638417 94.697921 0.000000 32.234284 -0.000675 
21 7.422402 0.000000 36.638417 95.083251 0.000000 31.880192 -0.005717 
22 -32.769663 0.000000 73.494202 94.734336 0.000000 32.199907 -0.001143 
23 -12.673630 0.000000 -18.645262 94.400436 0.000000 32.333221 0.004312 
24 -32.769663 0.000000 -18.645262 94.613069 0.000000 32.301461 0.000498 
25 -12.673630 0.000000 -37.073155 94.505795 0.000000 32.206412 0.003140 
26 7.422402 0.000000 -18.645262 93.843339 0.000000 31.579961 0.019613 
27 -12.673630 0.000000 -0.217369 94.756312 0.000000 32.685979 -0.004713 
28 47.614467 0.000000 36.638417 95.134327 0.000000 31.031352 -0.001349 
29 87.806532 0.000000 36.638417 95.683056 0.000000 29.251178 -0.001088 
30 47.614467 0.000000 73.494202 94.788469 0.000000 31.994054 -0.000847 
31 27.518435 0.000000 -18.645262 94.542710 0.000000 30.895487 0.010714 
32 27.518435 0.000000 -37.073155 94.532712 0.000000 31.839022 0.004984 
33 47.614467 0.000000 -18.645262 94.800930 0.000000 31.288474 0.003382 
34 27.518435 0.000000 -0.217369 95.099789 0.000000 29.807445 0.006755 
35 -12.673630 0.000000 18.210524 95.078981 0.000000 32.296669 -0.008309 
36 -32.769663 0.000000 18.210524 94.778445 0.000000 32.293492 -0.002582 
37 7.422402 0.000000 18.210524 95.997582 0.000000 31.202737 -0.018915 
38 -12.673630 0.000000 36.638417 94.918277 0.000000 32.168424 -0.004429 
39 -2.625614 0.000000 -9.431316 93.658810 0.000000 32.525937 0.017009 
40 -12.673630 0.000000 -9.431316 94.438651 0.000000 32.525462 0.002344 
41 -2.625614 0.000000 -18.645262 94.093535 0.000000 32.168754 0.011158 
42 7.422402 0.000000 -9.431316 92.399427 0.000000 30.657902 0.052244 
43 -2.625614 0.000000 -0.217369 94.891639 0.000000 34.492223 -0.019414 
44 27.518435 0.000000 18.210524 95.830837 0.000000 29.433276 -0.004987 
45 47.614467 0.000000 18.210524 88.145925 0.000000 51.456379 -0.041746 
46 27.518435 0.000000 36.638417 95.103230 0.000000 31.461981 -0.003448 
47 17.470418 0.000000 -9.431316 93.818207 0.000000 28.898538 0.036302 
48 17.470418 0.000000 -18.645262 94.126251 0.000000 30.958025 0.018185 
49 27.518435 0.000000 -9.431316 94.882374 0.000000 29.432940 0.013104 
50 17.470418 0.000000 -0.217369 92.100633 0.000000 38.031939 0.007104 
51 -2.625614 0.000000 8.996577 96.110038 0.000000 32.438803 -0.028942 
52 -12.673630 0.000000 8.996577 95.067879 0.000000 32.506559 -0.009458 
53 7.422402 0.000000 8.996577 98.064073 0.000000 29.863707 -0.050840 
54 -2.625614 0.000000 18.210524 95.517056 0.000000 32.059983 -0.015135 
55 2.398394 0.000000 -4.824342 91.383433 0.000000 31.904977 0.063114 
56 -2.625614 0.000000 -4.824342 93.478394 0.000000 33.256304 0.015581 
57 2.398394 0.000000 -9.431316 92.892020 0.000000 31.906281 0.035306 
58 7.422402 0.000000 -4.824342 90.113095 0.000000 29.297512 0.102129 
59 2.398394 0.000000 -0.217369 96.579156 0.000000 35.663774 -0.059944 
60 17.470418 0.000000 8.996577 95.510411 0.000000 29.529734 0.000576 
61 27.518435 0.000000 8.996577 91.286710 0.000000 42.084685 -0.010438 
62 17.470418 0.000000 18.210524 95.962538 0.000000 30.163395 -0.011864 
63 2.398394 0.000000 4.389604 99.130368 0.000000 31.954774 -0.084794 
64 -2.625614 0.000000 4.389604 96.333647 0.000000 33.248226 -0.038562 
65 7.422402 0.000000 4.389604 100.944490 0.000000 28.832700 -0.102111 
66 2.398394 0.000000 8.996577 97.213117 0.000000 31.609980 -0.044958 
67 12.446410 0.000000 4.389604 86.890096 0.000000 47.892948 0.015638 
68 12.446410 0.000000 -0.217369 60.789310 0.000000 -19.404889 0.592811 
69 17.470418 0.000000 4.389604 91.647012 0.000000 36.804174 0.024628 
70 12.446410 0.000000 8.996577 97.638938 0.000000 28.149117 -0.032573 
71 4.910398 0.000000 2.086117 99.767203 0.000000 36.409395 -0.127914 
72 2.398394 0.000000 2.086117 100.804165 0.000000 32.911529 -0.124465 
73 4.910398 0.000000 -0.217369 84.230892 0.000000 47.090801 0.068761 
74 7.422402 0.000000 2.086117 94.826842 0.000000 50.295614 -0.152178 
75 4.910398 0.000000 4.389604 100.162033 0.000000 30.575226 -0.096728 
76 12.446410 0.000000 -4.824342 91.779771 0.000000 26.734999 0.086171 
77 12.446410 0.000000 -9.431316 92.819577 0.000000 29.344894 0.052340 
78 17.470418 0.000000 -4.824342 94.014583 0.000000 27.420235 0.040939 
79 4.910398 0.000000 -2.520856 89.927089 0.000000 30.005567 0.101278 
80 2.398394 0.000000 -2.520856 89.357544 0.000000 30.839493 0.106415 
81 4.910398 0.000000 -4.824342 90.770474 0.000000 30.772783 0.081376 
82 7.422402 0.000000 -2.520856 88.162229 0.000000 27.949177 0.144626 
83 9.934406 0.000000 2.086117 85.986151 0.000000 71.319748 -0.248012 
84 9.934406 0.000000 -0.217369 93.626447 0.000000 -2.250871 0.122902 
85 12.446410 0.000000 2.086117 97.503964 0.000000 20.351628 0.007879 
86 9.934406 0.000000 4.389604 99.111240 0.000000 29.168616 -0.067385 
87 6.166400 0.000000 0.934374 105.484208 0.000000 43.186329 -0.299198 
88 4.910398 0.000000 0.934374 87.130985 0.000000 67.382987 -0.213228 
89 6.166400 0.000000 -0.217369 79.662204 0.000000 22.965206 0.312653 
90 7.422402 0.000000 0.934374 94.020060 0.000000 -2.253025 0.115515 
91 6.166400 0.000000 2.086117 99.512611 0.000000 41.695743 -0.164129 
92 9.934406 0.000000 -2.520856 88.975787 0.000000 25.862965 0.141442 
93 9.934406 0.000000 -4.824342 90.345656 0.000000 27.593591 0.107626 
94 12.446410 0.000000 -2.520856 92.902949 0.000000 25.988430 0.069364 
95 6.166400 0.000000 -1.369112 86.943145 0.000000 28.892693 0.160610 
96 4.910398 0.000000 -1.369112 91.149175 0.000000 30.443501 0.076502 
97 6.166400 0.000000 -2.520856 88.687183 0.000000 29.258584 0.127852 
98 7.422402 0.000000 -1.369112 87.267060 0.000000 26.786620 0.166694 
99 8.678404 0.000000 0.934374 94.403681 0.000000 -2.489486 0.108175 
100 8.678404 0.000000 -0.217369 94.403681 0.000000 -2.489486 0.108175 
101 9.934406 0.000000 0.934374 98.082120 0.000000 13.851348 0.018804 
102 8.678404 0.000000 2.086117 95.869962 0.000000 42.649018 -0.100999 
103 6.794401 0.000000 0.358503 94.315489 0.000000 -1.872951 0.110108 
104 6.166400 0.000000 0.358503 96.684272 0.000000 10.013364 0.055188 
105 6.794401 0.000000 -0.217369 84.700964 0.000000 18.336970 0.248950 
106 7.422402 0.000000 0.358503 94.137276 0.000000 -2.262411 0.113305 
107 6.794401 0.000000 0.934374 101.256384 0.000000 28.381486 -0.105836 
108 -52.865695 0.000000 18.210524 94.711831 0.000000 32.260528 -0.001107 
109 -72.961727 0.000000 18.210524 94.690172 0.000000 32.242255 -0.000579 
110 -52.865695 0.000000 -0.217369 94.683286 0.000000 32.271579 -0.000638 
111 -52.865695 0.000000 36.638417 94.723424 0.000000 32.240343 -0.001197 
112 -22.721646 0.000000 8.996577 94.825096 0.000000 32.390296 -0.004093 
113 -32.769663 0.000000 8.996577 94.747873 0.000000 32.324802 -0.002205 
114 -22.721646 0.000000 -0.217369 94.715571 0.000000 32.431181 -0.002282 
115 -22.721646 0.000000 18.210524 94.870278 0.000000 32.313304 -0.004452 
116 -7.649622 0.000000 4.389604 95.260260 0.000000 32.875818 -0.015534 
117 -12.673630 0.000000 4.389604 94.952985 0.000000 32.628751 -0.008070 
118 -7.649622 0.000000 -0.217369 94.800889 0.000000 33.065507 -0.008054 
119 -7.649622 0.000000 8.996577 95.404132 0.000000 32.566877 -0.016255 
120 -0.113610 0.000000 2.086117 98.097667 0.000000 34.742746 -0.083021 
121 -2.625614 0.000000 2.086117 96.010509 0.000000 34.035922 -0.037646 
122 -0.113610 0.000000 -0.217369 96.514703 0.000000 37.517280 -0.072263 
123 -0.113610 0.000000 4.389604 97.660585 0.000000 33.047861 -0.062975 
124 3.654396 0.000000 0.934374 92.313679 0.000000 43.865275 -0.044598 
125 2.398394 0.000000 0.934374 101.780331 0.000000 35.638733 -0.162936 
126 3.654396 0.000000 -0.217369 91.896528 0.000000 8.505664 0.148268 
127 3.654396 0.000000 2.086117 99.761429 0.000000 33.182877 -0.105345 
128 5.538399 0.000000 0.358503 89.927768 0.000000 42.004832 0.014859 
129 4.910398 0.000000 0.358503 86.947232 0.000000 57.243103 -0.083659 
130 5.538399 0.000000 -0.217369 85.142217 0.000000 50.060323 0.024477 
131 5.538399 0.000000 0.934374 97.324345 0.000000 63.681150 -0.352732 
132 -12.673630 0.000000 55.066309 94.814158 0.000000 32.159616 -0.002397 
133 -32.769663 0.000000 55.066309 94.758436 0.000000 32.209416 -0.001661 
134 7.422402 0.000000 55.066309 94.864883 0.000000 32.051341 -0.002663 
135 -12.673630 0.000000 73.494202 94.759670 0.000000 32.169215 -0.001425 
136 -2.625614 0.000000 27.424470 95.185151 0.000000 32.029489 -0.008610 
137 -12.673630 0.000000 27.424470 94.997004 0.000000 32.202202 -0.006141 
138 7.422402 0.000000 27.424470 95.346722 0.000000 31.679180 -0.009457 
139 -2.625614 0.000000 36.638417 95.009170 0.000000 32.058622 -0.005450 
140 2.398394 0.000000 13.603551 96.302513 0.000000 31.620863 -0.027405 
141 -2.625614 0.000000 13.603551 95.778361 0.000000 32.158803 -0.020768 
142 7.422402 0.000000 13.603551 96.679395 0.000000 30.750682 -0.029251 
143 2.398394 0.000000 18.210524 95.787179 0.000000 31.725614 -0.018170 
144 4.910398 0.000000 6.693091 98.754616 0.000000 30.589135 -0.068817 
145 2.398394 0.000000 6.693091 97.945803 0.000000 31.676888 -0.059681 
146 7.422402 0.000000 6.693091 99.280658 0.000000 29.189468 -0.070867 
147 4.910398 0.000000 8.996577 97.719856 0.000000 30.831383 -0.049974 
148 6.166400 0.000000 3.237861 101.499969 0.000000 30.990139 -0.126263 
149 4.910398 0.000000 3.237861 100.779034 0.000000 31.367050 -0.114031 
150 7.422402 0.000000 3.237861 101.028842 0.000000 31.183016 -0.117921 
151 6.166400 0.000000 4.389604 100.692485 0.000000 29.744010 -0.102368 
152 6.794401 0.000000 1.510246 96.036254 0.000000 55.227443 -0.227303 
153 6.166400 0.000000 1.510246 96.637019 0.000000 56.827625 -0.256809 
154 7.422402 0.000000 1.510246 93.793443 0.000000 59.402653 -0.232589 
155 6.794401 0.000000 2.086117 97.256030 0.000000 46.283528 -0.160090 
156 6.480401 0.000000 0.646438 95.448543 0.000000 -0.134716 0.088956 
157 6.166400 0.000000 0.646438 96.927701 0.000000 8.249350 0.053697 
158 6.480401 0.000000 0.358503 95.493817 0.000000 -0.388576 0.088078 
159 6.794401 0.000000 0.646438 94.428533 0.000000 -1.804688 0.108000 
160 6.480401 0.000000 0.934374 103.744650 0.000000 33.940776 -0.191493 
161 8.678404 0.000000 -1.369112 88.143730 0.000000 26.761652 0.151450 
162 8.678404 0.000000 -2.520856 88.419152 0.000000 26.781179 0.146482 
163 9.934406 0.000000 -1.369112 88.711078 0.000000 27.139871 0.139377 
164 8.050403 0.000000 0.358503 94.233371 0.000000 -2.431661 0.111416 
165 8.050403 0.000000 -0.217369 94.124323 0.000000 -2.429735 0.113471 
166 8.678404 0.000000 0.358503 94.423104 0.000000 -2.483749 0.107811 
167 8.050403 0.000000 0.934374 94.124323 0.000000 -2.429735 0.113471 
168 67.710499 0.000000 18.210524 94.673674 0.000000 32.180549 0.000131 
169 67.710499 0.000000 -0.217369 95.254325 0.000000 30.356194 0.000512 
170 87.806532 0.000000 18.210524 95.787578 0.000000 28.903571 -0.001068 
171 67.710499 0.000000 36.638417 95.325806 0.000000 30.343021 -0.000771 
172 37.566451 0.000000 8.996577 94.161726 0.000000 33.574469 0.000632 
173 37.566451 0.000000 -0.217369 95.711884 0.000000 28.545663 0.002438 
174 47.614467 0.000000 8.996577 92.859029 0.000000 37.409083 -0.002224 
175 37.566451 0.000000 18.210524 95.789129 0.000000 29.112737 -0.002311 
176 22.494427 0.000000 4.389604 92.210121 0.000000 34.517616 0.030583 
177 22.494427 0.000000 -0.217369 94.488949 0.000000 32.286901 0.002939 
178 27.518435 0.000000 4.389604 94.554381 0.000000 32.041231 0.003283 
179 22.494427 0.000000 8.996577 90.534780 0.000000 43.776248 -0.011291 
180 14.958414 0.000000 2.086117 85.462375 0.000000 52.924932 -0.010487 
181 14.958414 0.000000 -0.217369 88.391888 0.000000 46.824182 -0.000563 
182 17.470418 0.000000 2.086117 84.217393 0.000000 40.167130 0.129403 
183 14.958414 0.000000 4.389604 91.375333 0.000000 40.225255 0.003248 
184 11.190408 0.000000 0.934374 93.781324 0.000000 13.843535 0.101342 
185 11.190408 0.000000 -0.217369 80.473154 0.000000 15.781058 0.327503 
186 12.446410 0.000000 0.934374 73.409981 0.000000 33.086314 0.351627 
187 11.190408 0.000000 2.086117 95.186469 0.000000 34.473998 -0.024892 
188 9.306405 0.000000 0.358503 94.324058 0.000000 -2.437426 0.109703 
189 9.306405 0.000000 -0.217369 94.321417 0.000000 -2.438405 0.109752 
190 9.934406 0.000000 0.358503 93.639415 0.000000 -2.250749 0.122659 
191 9.306405 0.000000 0.934374 94.321417 0.000000 -2.438405 0.109752 
192 67.710499 0.000000 -18.645262 94.812276 0.000000 31.573827 0.001373 
193 67.710499 0.000000 -37.073155 94.696438 0.000000 31.912295 0.001419 
194 87.806532 0.000000 -18.645262 94.789147 0.000000 31.751774 0.000684 
195 37.566451 0.000000 -9.431316 95.084018 0.000000 30.086353 0.005384 
196 37.566451 0.000000 -18.645262 94.747170 0.000000 31.100610 0.005573 
197 47.614467 0.000000 -9.431316 95.065505 0.000000 30.584476 0.002714 
198 22.494427 0.000000 -4.824342 94.943013 0.000000 27.933357 0.020555 
199 22.494427 0.000000 -9.431316 94.529954 0.000000 29.082705 0.021828 
200 27.518435 0.000000 -4.824342 95.288140 0.000000 28.412074 0.011292 
201 14.958414 0.000000 -2.520856 93.642459 0.000000 28.810837 0.040103 
202 14.958414 0.000000 -4.824342 93.174869 0.000000 27.045175 0.058700 
203 17.470418 0.000000 -2.520856 94.099372 0.000000 28.736874 0.031950 
204 11.190408 0.000000 -1.369112 89.671732 0.000000 25.326025 0.131757 
205 11.190408 0.000000 -2.520856 90.530262 0.000000 25.282253 0.116508 
206 12.446410 0.000000 -1.369112 96.431476 0.000000 25.217509 0.006505 
207 10.562407 0.000000 0.358503 91.239492 0.000000 -1.616783 0.167274 
208 10.562407 0.000000 -0.217369 86.722649 0.000000 21.448629 0.201914 
209 11.190408 0.000000 0.358503 83.676375 0.000000 -6.668805 0.295379 
210 10.562407 0.000000 0.934374 97.136144 0.000000 13.959620 0.036970 
211 10.562407 0.000000 -0.793241 88.045227 0.000000 27.655358 0.148322 
212 9.934406 0.000000 -0.793241 88.855958 0.000000 28.277790 0.130499 
213 10.562407 0.000000 -1.369112 88.930682 0.000000 26.710117 0.137790 
214 11.190408 0.000000 -0.793241 87.192149 0.000000 24.793267 0.178282 
215 13.702412 0.000000 0.934374 68.741456 0.000000 66.820563 0.080962 
216 13.702412 0.000000 -0.217369 82.826968 0.000000 67.294372 -0.138884 
217 14.958414 0.000000 0.934374 78.778911 0.000000 64.582076 -0.037696 
218 13.702412 0.000000 2.086117 89.035023 0.000000 36.043943 0.077360 
219 11.818409 0.000000 0.358503 65.160370 0.000000 -21.972552 0.527133 
220 11.818409 0.000000 -0.217369 59.201028 0.000000 -23.459494 0.594489 
221 12.446410 0.000000 0.358503 49.618962 0.000000 22.035307 0.705240 
222 11.818409 0.000000 0.934374 83.878193 0.000000 18.677951 0.261558 
223 10.876408 0.000000 0.070567 89.292423 0.000000 -1.773805 0.202372 
224 10.562407 0.000000 0.070567 91.325133 0.000000 -1.648581 0.165700 
225 10.876408 0.000000 -0.217369 83.898268 0.000000 19.973092 0.256216 
226 11.190408 0.000000 0.070567 81.789659 0.000000 -8.804480 0.323293 
227 10.876408 0.000000 0.358503 89.086857 0.000000 -1.318616 0.206179 
228 -52.865695 0.000000 -18.645262 94.653545 0.000000 32.263586 -0.000023 
229 -72.961727 0.000000 -18.645262 94.664310 0.000000 32.243757 -0.000099 
230 -52.865695 0.000000 -37.073155 94.638833 0.000000 32.245686 0.000371 
231 -52.865695 0.000000 55.066309 94.720495 0.000000 32.223415 -0.001032 
232 -72.961727 0.000000 55.066309 94.700036 0.000000 32.226031 -0.000661 
233 -52.865695 0.000000 73.494202 94.713143 0.000000 32.214241 -0.000834 
234 -22.721646 0.000000 -9.431316 94.602541 0.000000 32.400075 0.000059 
235 -32.769663 0.000000 -9.431316 94.646985 0.000000 32.328957 -0.000321 
236 -22.721646 0.000000 -18.645262 94.548913 0.000000 32.332045 0.001514 
237 27.518435 0.000000 55.066309 94.878142 0.000000 31.910434 -0.002014 
238 47.614467 0.000000 55.066309 94.879159 0.000000 31.768753 -0.001131 
239 27.518435 0.000000 73.494202 94.787837 0.000000 32.056873 -0.001238 
240 -22.721646 0.000000 27.424470 94.865005 0.000000 32.255642 -0.003980 
241 -32.769663 0.000000 27.424470 94.787595 0.000000 32.261509 -0.002549 
242 -22.721646 0.000000 36.638417 94.837828 0.000000 32.217626 -0.003219 
243 -7.649622 0.000000 -4.824342 94.344799 0.000000 32.886347 0.001755 
244 -12.673630 0.000000 -4.824342 94.558802 0.000000 32.636181 -0.000649 
245 -7.649622 0.000000 -9.431316 94.190053 0.000000 32.600071 0.006547 
246 17.470418 0.000000 27.424470 95.376860 0.000000 31.231852 -0.007217 
247 27.518435 0.000000 27.424470 95.347476 0.000000 30.837295 -0.004208 
248 17.470418 0.000000 36.638417 95.109105 0.000000 31.669726 -0.004871 
249 -7.649622 0.000000 13.603551 95.358471 0.000000 32.347199 -0.013958 
250 -12.673630 0.000000 13.603551 95.098053 0.000000 32.386939 -0.009255 
251 -7.649622 0.000000 18.210524 95.265135 0.000000 32.230292 -0.011424 
252 -0.113610 0.000000 -2.520856 91.555987 0.000000 34.395880 0.043442 
253 -2.625614 0.000000 -2.520856 93.759697 0.000000 34.024313 0.005147 
254 -0.113610 0.000000 -4.824342 92.387753 0.000000 33.023653 0.037394 
255 12.446410 0.000000 13.603551 96.683665 0.000000 29.771736 -0.023409 
256 17.470418 0.000000 13.603551 96.410870 0.000000 29.089204 -0.014124 
257 12.446410 0.000000 18.210524 96.036916 0.000000 30.660627 -0.016316 
258 -0.113610 0.000000 6.693091 97.077083 0.000000 32.421065 -0.047509 
259 -2.625614 0.000000 6.693091 96.279717 0.000000 32.741431 -0.034179 
260 -0.113610 0.000000 8.996577 96.649908 0.000000 32.137136 -0.037400 
261 9.934406 0.000000 6.693091 99.106184 0.000000 27.819657 -0.059597 
262 12.446410 0.000000 6.693091 97.769833 0.000000 27.638875 -0.032285 
263 9.934406 0.000000 8.996577 98.055581 0.000000 28.862212 -0.044792 
264 3.654396 0.000000 3.237861 100.229693 0.000000 31.653167 -0.104791 
265 2.398394 0.000000 3.237861 99.861686 0.000000 32.276291 -0.101412 
266 3.654396 0.000000 4.389604 99.626413 0.000000 31.228378 -0.090063 
267 3.654396 0.000000 -1.369112 91.045010 0.000000 24.857817 0.109290 
268 2.398394 0.000000 -1.369112 87.112670 0.000000 25.348225 0.176885 
269 3.654396 0.000000 -2.520856 90.100644 0.000000 29.842969 0.099127 
270 8.678404 0.000000 3.237861 98.217975 0.000000 35.049053 -0.087521 
271 9.934406 0.000000 3.237861 91.369611 0.000000 47.313106 -0.058694 
272 8.678404 0.000000 4.389604 100.554908 0.000000 28.348506 -0.091493 
273 5.538399 0.000000 1.510246 95.748088 0.000000 54.876363 -0.217911 
274 4.910398 0.000000 1.510246 95.587522 0.000000 47.445935 -0.138809 
275 5.538399 0.000000 2.086117 100.126688 0.000000 38.762252 -0.152787 
276 8.050403 0.000000 1.510246 91.689336 0.000000 58.762577 -0.185997 
277 8.678404 0.000000 1.510246 96.174631 0.000000 38.047887 -0.069720 
278 8.050403 0.000000 2.086117 94.888805 0.000000 48.226895 -0.132972 
279 9.306405 0.000000 -0.793241 89.029484 0.000000 27.607861 0.131156 
280 8.678404 0.000000 -0.793241 88.763717 0.000000 26.666281 0.140991 
281 9.306405 0.000000 -1.369112 88.477547 0.000000 27.030240 0.144109 
282 8.050403 0.000000 -0.793241 88.188599 0.000000 25.701938 0.156218 
283 7.422402 0.000000 -0.793241 87.224849 0.000000 25.188692 0.175736 
284 8.050403 0.000000 -1.369112 87.751536 0.000000 26.563868 0.159403 
285 13.702412 0.000000 -1.369112 96.311256 0.000000 35.184367 -0.051380 
286 13.702412 0.000000 -2.520856 93.862547 0.000000 28.011131 0.040520 
287 14.958414 0.000000 -1.369112 93.038919 0.000000 34.248361 0.017081 
288 11.818409 0.000000 -0.793241 89.764595 0.000000 19.141625 0.157592 
289 11.818409 0.000000 -1.369112 92.105008 0.000000 24.078164 0.093691 
290 12.446410 0.000000 -0.793241 100.897960 0.000000 17.536389 -0.048792 
291 67.710499 0.000000 55.066309 94.905625 0.000000 31.600321 -0.000566 
292 87.806532 0.000000 55.066309 94.979339 0.000000 31.340260 -0.000329 
293 67.710499 0.000000 73.494202 94.793523 0.000000 31.927606 -0.000518 
294 37.566451 0.000000 27.424470 95.379522 0.000000 30.441479 -0.002394 
295 47.614467 0.000000 27.424470 95.491953 0.000000 29.951935 -0.001583 
296 37.566451 0.000000 36.638417 95.104949 0.000000 31.258821 -0.002207 
297 22.494427 0.000000 13.603551 96.125114 0.000000 28.858569 -0.007285 
298 27.518435 0.000000 13.603551 95.744274 0.000000 29.480990 -0.003609 
299 22.494427 0.000000 18.210524 95.871092 0.000000 29.767531 -0.007737 
300 14.958414 0.000000 6.693091 94.808001 0.000000 31.084942 0.004517 
301 17.470418 0.000000 6.693091 81.587404 0.000000 46.476612 0.118342 
302 14.958414 0.000000 8.996577 96.924796 0.000000 28.076832 -0.018272 
303 11.190408 0.000000 3.237861 90.383382 0.000000 43.886530 -0.009518 
304 12.446410 0.000000 3.237861 84.837986 0.000000 44.372628 0.083359 
305 11.190408 0.000000 4.389604 95.669118 0.000000 33.468449 -0.027272 
306 6.794401 0.000000 -0.793241 85.835916 0.000000 25.645603 0.197450 
307 6.166400 0.000000 -0.793241 84.760639 0.000000 28.184144 0.202129 
308 6.794401 0.000000 -1.369112 86.809309 0.000000 27.431779 0.171164 
309 5.538399 0.000000 -0.793241 86.350196 0.000000 32.519536 0.148612 
310 4.910398 0.000000 -0.793241 93.682996 0.000000 33.979436 0.006889 
311 5.538399 0.000000 -1.369112 88.349733 0.000000 30.594869 0.125828 
312 9.306405 0.000000 1.510246 97.656526 0.000000 33.982468 -0.069161 
313 9.934406 0.000000 1.510246 93.833743 0.000000 49.417099 -0.124682 
314 9.306405 0.000000 2.086117 91.509254 0.000000 50.206274 -0.089461 
315 13.702412 0.000000 3.237861 93.364565 0.000000 33.994494 0.012743 
316 14.958414 0.000000 3.237861 92.959367 0.000000 34.261607 0.018470 
317 13.702412 0.000000 4.389604 84.237026 0.000000 52.347641 0.016385 
318 10.562407 0.000000 1.510246 91.857808 0.000000 48.545947 -0.079457 
319 11.190408 0.000000 1.510246 93.807249 0.000000 28.891588 0.036548 
320 10.562407 0.000000 2.086117 94.138180 0.000000 43.003274 -0.071128 
321 11.818409 0.000000 1.510246 89.476926 0.000000 28.041196 0.120757 
322 12.446410 0.000000 1.510246 84.296334 0.000000 30.689003 0.195231 
323 11.818409 0.000000 2.086117 96.121540 0.000000 34.639405 -0.043924 
1 1 12 10 11 
2 12 7 13 10 
3 7 16 15 13 
4 16 2 17 15 
5 10 25 23 24 
6 25 13 26 23 
7 13 32 31 26 
8 32 15 33 31 
9 23 41 39 40 
10 41 26 42 39 
11 26 48 47 42 
12 48 31 49 47 
13 39 57 55 56 
14 57 42 58 55 
15 42 77 76 58 
16 77 47 78 76 
17 55 81 79 80 
18 81 58 82 79 
19 58 93 92 82 
20 93 76 94 92 
21 79 97 95 96 
22 97 82 98 95 
23 89 105 103 104 
24 105 5 106 103 
25 103 106 90 107 
26 6 110 108 109 
27 110 14 36 108 
28 108 36 19 111 
29 109 108 111 20 
30 14 114 112 113 
31 114 27 52 112 
32 112 52 35 115 
33 113 112 115 36 
34 27 118 116 117 
35 118 43 64 116 
36 116 64 51 119 
37 117 116 119 52 
38 43 122 120 121 
39 122 59 72 120 
40 120 72 63 123 
41 121 120 123 64 
42 59 126 124 125 
43 126 73 88 124 
44 124 88 71 127 
45 125 124 127 72 
46 73 130 128 129 
47 130 89 104 128 
48 128 104 87 131 
49 129 128 131 88 
50 19 38 132 133 
51 38 21 134 132 
52 132 134 9 135 
53 133 132 135 22 
54 35 54 136 137 
55 54 37 138 136 
56 136 138 21 139 
57 137 136 139 38 
58 51 66 140 141 
59 66 53 142 140 
60 140 142 37 143 
61 141 140 143 54 
62 63 75 144 145 
63 75 65 146 144 
64 144 146 53 147 
65 145 144 147 66 
66 71 91 148 149 
67 91 74 150 148 
68 148 150 65 151 
69 149 148 151 75 
70 87 107 152 153 
71 107 90 154 152 
72 152 154 74 155 
73 153 152 155 91 
74 104 158 156 157 
75 158 103 159 156 
76 156 159 107 160 
77 157 156 160 87 
78 82 162 161 98 
79 162 92 163 161 
80 5 165 164 106 
81 165 100 166 164 
82 164 166 99 167 
83 106 164 167 90 
84 18 169 168 45 
85 169 8 170 168 
86 168 170 29 171 
87 45 168 171 28 
88 34 173 172 61 
89 173 18 174 172 
90 172 174 45 175 
91 61 172 175 44 
92 50 177 176 69 
93 177 34 178 176 
94 176 178 61 179 
95 69 176 179 60 
96 181 50 182 180 
97 180 182 69 183 
98 100 189 188 166 
99 189 84 190 188 
100 188 190 101 191 
101 166 188 191 99 
102 15 193 192 33 
103 193 17 194 192 
104 192 194 8 169 
105 33 192 169 18 
106 31 196 195 49 
107 196 33 197 195 
108 195 197 18 173 
109 49 195 173 34 
110 47 199 198 78 
111 199 49 200 198 
112 198 200 34 177 
113 78 198 177 50 
114 76 202 201 94 
115 202 78 203 201 
116 201 203 50 181 
117 92 205 204 163 
118 205 94 206 204 
119 84 208 207 190 
120 207 209 184 210 
121 190 207 210 101 
122 163 213 211 212 
123 213 204 214 211 
124 211 214 185 208 
125 212 211 208 84 
126 68 216 215 186 
127 216 181 217 215 
128 215 217 180 218 
129 186 215 218 85 
130 185 220 219 209 
131 220 68 221 219 
132 219 221 186 222 
133 209 219 222 184 
134 208 225 223 224 
135 225 185 226 223 
136 223 226 209 227 
137 224 223 227 207 
138 11 230 228 229 
139 230 10 24 228 
140 228 24 14 110 
141 229 228 110 6 
142 20 111 231 232 
143 111 19 133 231 
144 231 133 22 233 
145 232 231 233 4 
146 24 236 234 235 
147 236 23 40 234 
148 234 40 27 114 
149 235 234 114 14 
150 21 46 237 134 
151 46 28 238 237 
152 237 238 30 239 
153 134 237 239 9 
154 36 115 240 241 
155 115 35 137 240 
156 240 137 38 242 
157 241 240 242 19 
158 40 245 243 244 
159 245 39 56 243 
160 243 56 43 118 
161 244 243 118 27 
162 37 62 246 138 
163 62 44 247 246 
164 246 247 46 248 
165 138 246 248 21 
166 52 119 249 250 
167 119 51 141 249 
168 249 141 54 251 
169 250 249 251 35 
170 56 254 252 253 
171 254 55 80 252 
172 252 80 59 122 
173 253 252 122 43 
174 53 70 255 142 
175 70 60 256 255 
176 255 256 62 257 
177 142 255 257 37 
178 64 123 258 259 
179 123 63 145 258 
180 258 145 66 260 
181 259 258 260 51 
182 65 86 261 146 
183 86 67 262 261 
184 261 262 70 263 
185 146 261 263 53 
186 72 127 264 265 
187 127 71 149 264 
188 264 149 75 266 
189 265 264 266 63 
190 80 269 267 268 
191 269 79 96 267 
192 267 96 73 126 
193 268 267 126 59 
194 74 102 270 150 
195 102 83 271 270 
196 270 271 86 272 
197 150 270 272 65 
198 88 131 273 274 
199 131 87 153 273 
200 273 153 91 275 
201 274 273 275 71 
202 90 167 276 154 
203 167 99 277 276 
204 276 277 102 278 
205 154 276 278 74 
206 161 281 279 280 
207 281 163 212 279 
208 279 212 84 189 
209 280 279 189 100 
210 98 284 282 283 
211 284 161 280 282 
212 282 280 100 165 
213 283 282 165 5 
214 94 286 285 206 
215 286 201 287 285 
216 285 287 181 216 
217 206 285 216 68 
218 204 289 288 214 
219 289 206 290 288 
220 288 290 68 220 
221 214 288 220 185 
222 28 171 291 238 
223 171 29 292 291 
224 291 292 3 293 
225 238 291 293 30 
226 44 175 294 247 
227 175 45 295 294 
228 294 295 28 296 
229 247 294 296 46 
230 60 179 297 256 
231 179 61 298 297 
232 297 298 44 299 
233 256 297 299 62 
234 67 183 300 262 
235 183 69 301 300 
236 300 301 60 302 
237 262 300 302 70 
238 83 187 303 271 
239 187 85 304 303 
240 303 304 67 305 
241 271 303 305 86 
242 95 308 306 307 
243 308 98 283 306 
244 306 283 5 105 
245 307 306 105 89 
246 96 311 309 310 
247 311 95 307 309 
248 309 307 89 130 
249 310 309 130 73 
250 99 191 312 277 
251 191 101 313 312 
252 312 313 83 314 
253 277 312 314 102 
254 85 218 315 304 
255 218 180 316 315 
256 315 316 183 317 
257 304 315 317 67 
258 101 210 318 313 
259 210 184 319 318 
260 318 319 187 320 
261 313 318 320 83 
262 184 222 321 319 
263 222 186 322 321 
264 321 322 85 323 
265 319 321 323 187 
