2 0.000000 100.000000 410.334720
323 265 
1 -72.961727 0.000000 -73.928940 99.973440 0.000000 2.107554 0.000087 
2 87.806532 0.000000 -73.928940 99.973148 0.000000 2.075900 0.000106 
3 87.806532 0.000000 73.494202 99.983570 0.000000 2.073036 -0.000101 
4 -72.961727 0.000000 73.494202 99.982329 0.000000 2.107559 -0.000091 
5 7.422402 0.000000 -0.217369 95.347451 0.000000 1.169944 0.090749 
6 -72.961727 0.000000 -0.217369 99.977840 0.000000 2.112095 -0.000003 
7 7.422402 0.000000 -73.928940 99.962406 0.000000 2.092835 0.000314 
8 87.806532 0.000000 -0.217369 99.929436 0.000000 4.381305 -0.000509 
9 7.422402 0.000000 73.494202 99.994039 0.000000 2.092206 -0.000319 
10 -32.769663 0.000000 -37.073155 99.961800 0.000000 2.111464 0.000318 
11 -72.961727 0.000000 -37.073155 99.973925 0.000000 2.110166 0.000076 
12 -32.769663 0.000000 -73.928940 99.968030 0.000000 2.104765 0.000196 
13 7.422402 0.000000 -37.073155 99.919989 0.000000 2.062468 0.001174 
14 -32.769663 0.000000 -0.217369 99.977544 0.000000 2.127221 -0.000003 
15 47.614467 0.000000 -37.073155 99.957618 0.000000 1.995488 0.000449 
16 47.614467 0.000000 -73.928940 99.966946 0.000000 2.079383 0.000229 
17 87.806532 0.000000 -37.073155 99.974821 0.000000 1.999015 0.000104 
18 47.614467 0.000000 -0.217369 99.874600 0.000000 6.890841 -0.002242 
19 -32.769663 0.000000 36.638417 99.994268 0.000000 2.111720 -0.000331 
20 -72.961727 0.000000 36.638417 99.981813 0.000000 2.110209 -0.000082 
21 7.422402 0.000000 36.638417 100.039193 0.000000 2.060296 -0.001208 
22 -32.769663 0.000000 73.494202 99.987969 0.000000 2.104701 -0.000202 
23 -12.673630 0.000000 -18.645262 99.924363 0.000000 2.126791 0.001060 
24 -32.769663 0.000000 -18.645262 99.963885 0.000000 2.120645 0.000272 
25 -12.673630 0.000000 -37.073155 99.942343 0.000000 2.102645 0.000711 
26 7.422402 0.000000 -18.645262 99.789831 0.000000 2.001577 0.003798 
27 -12.673630 0.000000 -0.217369 99.973914 0.000000 2.177245 0.000048 
28 47.614467 0.000000 36.638417 100.001684 0.000000 1.985667 -0.000428 
29 87.806532 0.000000 36.638417 99.985133 0.000000 1.980973 -0.000095 
30 47.614467 0.000000 73.494202 99.989674 0.000000 2.077679 -0.000225 
31 27.518435 0.000000 -18.645262 99.891621 0.000000 1.777127 0.001851 
32 27.518435 0.000000 -37.073155 99.933357 0.000000 2.011424 0.000928 
33 47.614467 0.000000 -18.645262 99.961146 0.000000 1.784429 0.000459 
34 27.518435 0.000000 -0.217369 99.842980 0.000000 8.367671 -0.003864 
35 -12.673630 0.000000 18.210524 100.032087 0.000000 2.129397 -0.001095 
36 -32.769663 0.000000 18.210524 99.991744 0.000000 2.121121 -0.000285 
37 7.422402 0.000000 18.210524 100.180437 0.000000 1.995736 -0.004010 
38 -12.673630 0.000000 36.638417 100.014755 0.000000 2.102875 -0.000737 
39 -2.625614 0.000000 -9.431316 99.830226 0.000000 2.179144 0.002918 
40 -12.673630 0.000000 -9.431316 99.932584 0.000000 2.155829 0.000883 
41 -2.625614 0.000000 -18.645262 99.865299 0.000000 2.105628 0.002249 
42 7.422402 0.000000 -9.431316 99.494968 0.000000 1.978960 0.009684 
43 -2.625614 0.000000 -0.217369 99.911792 0.000000 2.300660 0.001234 
44 27.518435 0.000000 18.210524 100.073161 0.000000 1.754213 -0.001771 
45 47.614467 0.000000 18.210524 100.005492 0.000000 1.749238 -0.000416 
46 27.518435 0.000000 36.638417 100.025960 0.000000 2.005013 -0.000921 
47 17.470418 0.000000 -9.431316 99.664080 0.000000 1.526014 0.006474 
48 17.470418 0.000000 -18.645262 99.811122 0.000000 1.843460 0.003434 
49 27.518435 0.000000 -9.431316 99.891767 0.000000 1.517865 0.001933 
50 17.470418 0.000000 -0.217369 99.669694 0.000000 9.389964 -0.002222 
51 -2.625614 0.000000 8.996577 100.126907 0.000000 2.198321 -0.003023 
52 -12.673630 0.000000 8.996577 100.020027 0.000000 2.160029 -0.000867 
53 7.422402 0.000000 8.996577 100.518137 0.000000 1.972975 -0.010779 
54 -2.625614 0.000000 18.210524 100.096154 0.000000 2.109425 -0.002369 
55 2.398394 0.000000 -4.824342 99.766343 0.000000 2.433707 0.004075 
56 -2.625614 0.000000 -4.824342 99.863159 0.000000 2.253153 0.002227 
57 2.398394 0.000000 -9.431316 99.684455 0.000000 2.155840 0.005836 
58 7.422402 0.000000 -4.824342 98.956814 0.000000 2.218282 0.020263 
59 2.398394 0.000000 -0.217369 96.683717 0.000000 10.346877 0.054520 
60 17.470418 0.000000 8.996577 100.300439 0.000000 1.494847 -0.006241 
61 27.518435 0.000000 8.996577 100.070366 0.000000 1.526690 -0.001641 
62 17.470418 0.000000 18.210524 100.157163 0.000000 1.824739 -0.003479 
63 2.398394 0.000000 4.389604 100.256537 0.000000 2.580385 -0.005803 
64 -2.625614 0.000000 4.389604 100.071835 0.000000 2.298602 -0.001966 
65 7.422402 0.000000 4.389604 101.165097 0.000000 2.162979 -0.023906 
66 2.398394 0.000000 8.996577 100.296391 0.000000 2.180149 -0.006412 
67 12.446410 0.000000 4.389604 100.747987 0.000000 1.264214 -0.015176 
68 12.446410 0.000000 -0.217369 88.702408 0.000000 -28.424888 0.132391 
69 17.470418 0.000000 4.389604 100.236235 0.000000 1.798998 -0.005054 
70 12.446410 0.000000 8.996577 100.507403 0.000000 1.635498 -0.010441 
71 4.910398 0.000000 2.086117 100.629093 0.000000 5.644244 -0.015807 
72 2.398394 0.000000 2.086117 99.700323 0.000000 3.263405 0.004920 
73 4.910398 0.000000 -0.217369 80.007723 0.000000 44.489827 0.161942 
74 7.422402 0.000000 2.086117 102.387212 0.000000 2.112384 -0.048760 
75 4.910398 0.000000 4.389604 100.658082 0.000000 2.694167 -0.013931 
76 12.446410 0.000000 -4.824342 99.201238 0.000000 1.391761 0.015718 
77 12.446410 0.000000 -9.431316 99.490022 0.000000 1.679206 0.009892 
78 17.470418 0.000000 -4.824342 99.665785 0.000000 1.628877 0.006408 
79 4.910398 0.000000 -2.520856 99.384919 0.000000 4.405101 0.010323 
80 2.398394 0.000000 -2.520856 100.103180 0.000000 3.293038 -0.003149 
81 4.910398 0.000000 -4.824342 99.375878 0.000000 2.559121 0.011789 
82 7.422402 0.000000 -2.520856 98.078821 0.000000 2.709636 0.037320 
83 9.934406 0.000000 2.086117 101.732797 0.000000 1.150126 -0.035088 
84 9.934406 0.000000 -0.217369 99.368586 0.000000 -2.388917 0.012018 
85 12.446410 0.000000 2.086117 99.882038 0.000000 0.708588 0.002308 
86 9.934406 0.000000 4.389604 101.188280 0.000000 1.559540 -0.024150 
87 6.166400 0.000000 0.934374 110.943275 0.000000 8.654728 -0.238331 
88 4.910398 0.000000 0.934374 97.329797 0.000000 15.750060 0.027885 
89 6.166400 0.000000 -0.217369 84.617460 0.000000 9.957293 0.274074 
90 7.422402 0.000000 0.934374 99.329816 0.000000 -2.380264 0.012792 
91 6.166400 0.000000 2.086117 102.707221 0.000000 4.320379 -0.056744 
92 9.934406 0.000000 -2.520856 98.243938 0.000000 1.403972 0.034616 
93 9.934406 0.000000 -4.824342 98.889873 0.000000 1.669852 0.021800 
94 12.446410 0.000000 -2.520856 99.619916 0.000000 0.952982 0.007496 
95 6.166400 0.000000 -1.369112 96.019352 0.000000 6.253464 0.074118 
96 4.910398 0.000000 -1.369112 99.667451 0.000000 10.143496 -0.003649 
97 6.166400 0.000000 -2.520856 98.334822 0.000000 3.769409 0.031605 
98 7.422402 0.000000 -1.369112 96.966513 0.000000 2.881894 0.058919 
99 8.678404 0.000000 0.934374 99.664980 0.000000 -2.628230 0.005998 
100 8.678404 0.000000 -0.217369 99.664980 0.000000 -2.628230 0.005998 
101 9.934406 0.000000 0.934374 101.923598 0.000000 0.437615 -0.038861 
102 8.678404 0.000000 2.086117 101.776171 0.000000 1.447563 -0.036048 
103 6.794401 0.000000 0.358503 98.866773 0.000000 -1.964734 0.022150 
104 6.166400 0.000000 0.358503 96.834441 0.000000 9.757108 0.052789 
105 6.794401 0.000000 -0.217369 91.512226 0.000000 2.968241 0.161670 
106 7.422402 0.000000 0.358503 99.347557 0.000000 -2.387837 0.012436 
107 6.794401 0.000000 0.934374 106.666203 0.000000 1.562216 -0.138012 
108 -52.865695 0.000000 18.210524 99.982958 0.000000 2.114735 -0.000106 
109 -72.961727 0.000000 18.210524 99.980225 0.000000 2.111547 -0.000050 
110 -52.865695 0.000000 -0.217369 99.977803 0.000000 2.116288 -0.000004 
111 -52.865695 0.000000 36.638417 99.985489 0.000000 2.111455 -0.000156 
112 -22.721646 0.000000 8.996577 99.994415 0.000000 2.137150 -0.000345 
113 -32.769663 0.000000 8.996577 99.985916 0.000000 2.125610 -0.000170 
114 -22.721646 0.000000 -0.217369 99.976893 0.000000 2.141799 0.000003 
115 -22.721646 0.000000 18.210524 100.003907 0.000000 2.126298 -0.000530 
116 -7.649622 0.000000 4.389604 100.020386 0.000000 2.210229 -0.000896 
117 -12.673630 0.000000 4.389604 100.000262 0.000000 2.173225 -0.000478 
118 -7.649622 0.000000 -0.217369 99.967112 0.000000 2.219349 0.000165 
119 -7.649622 0.000000 8.996577 100.053634 0.000000 2.179381 -0.001548 
120 -0.113610 0.000000 2.086117 99.903254 0.000000 2.547869 0.001285 
121 -2.625614 0.000000 2.086117 99.997432 0.000000 2.366255 -0.000509 
122 -0.113610 0.000000 -0.217369 99.200193 0.000000 2.248656 0.015427 
123 -0.113610 0.000000 4.389604 100.117002 0.000000 2.390227 -0.002913 
124 3.654396 0.000000 0.934374 96.842226 0.000000 6.800968 0.057533 
125 2.398394 0.000000 0.934374 98.963605 0.000000 4.314319 0.018759 
126 3.654396 0.000000 -0.217369 97.736854 0.000000 9.050079 0.036560 
127 3.654396 0.000000 2.086117 99.519406 0.000000 4.276006 0.007760 
128 5.538399 0.000000 0.358503 84.435174 0.000000 39.193861 0.133454 
129 4.910398 0.000000 0.358503 87.814937 0.000000 28.796710 0.145929 
130 5.538399 0.000000 -0.217369 78.616116 0.000000 46.117121 0.169272 
131 5.538399 0.000000 0.934374 104.921133 0.000000 17.945907 -0.133050 
132 -12.673630 0.000000 55.066309 99.999788 0.000000 2.099204 -0.000436 
133 -32.769663 0.000000 55.066309 99.991300 0.000000 2.106623 -0.000270 
134 7.422402 0.000000 55.066309 100.006192 0.000000 2.082857 -0.000558 
135 -12.673630 0.000000 73.494202 99.991746 0.000000 2.099938 -0.000276 
136 -2.625614 0.000000 27.424470 100.054918 0.000000 2.088809 -0.001535 
137 -12.673630 0.000000 27.424470 100.024962 0.000000 2.110989 -0.000945 
138 7.422402 0.000000 27.424470 100.081077 0.000000 2.036754 -0.002037 
139 -2.625614 0.000000 36.638417 100.029089 0.000000 2.087128 -0.001017 
140 2.398394 0.000000 13.603551 100.203942 0.000000 2.092241 -0.004521 
141 -2.625614 0.000000 13.603551 100.119147 0.000000 2.139822 -0.002842 
142 7.422402 0.000000 13.603551 100.287381 0.000000 1.971447 -0.006145 
143 2.398394 0.000000 18.210524 100.142564 0.000000 2.069046 -0.003281 
144 4.910398 0.000000 6.693091 100.531062 0.000000 2.243306 -0.011153 
145 2.398394 0.000000 6.693091 100.315703 0.000000 2.295555 -0.006851 
146 7.422402 0.000000 6.693091 100.740399 0.000000 2.027526 -0.015274 
147 4.910398 0.000000 8.996577 100.413155 0.000000 2.112959 -0.008727 
148 6.166400 0.000000 3.237861 101.419355 0.000000 3.024980 -0.029504 
149 4.910398 0.000000 3.237861 100.778726 0.000000 3.407198 -0.016796 
150 7.422402 0.000000 3.237861 101.578700 0.000000 2.280359 -0.032343 
151 6.166400 0.000000 4.389604 100.968721 0.000000 2.512878 -0.020100 
152 6.794401 0.000000 1.510246 104.225521 0.000000 2.945354 -0.087163 
153 6.166400 0.000000 1.510246 104.791432 0.000000 5.958902 -0.101675 
154 7.422402 0.000000 1.510246 103.028504 0.000000 1.548498 -0.061727 
155 6.794401 0.000000 2.086117 102.775013 0.000000 2.988286 -0.057163 
156 6.480401 0.000000 0.646438 98.434016 0.000000 -0.184720 0.031071 
157 6.166400 0.000000 0.646438 97.352370 0.000000 8.103493 0.045685 
158 6.480401 0.000000 0.358503 98.416807 0.000000 -0.433357 0.031394 
159 6.794401 0.000000 0.646438 98.830846 0.000000 -1.891637 0.022889 
160 6.480401 0.000000 0.934374 109.163285 0.000000 3.919209 -0.193198 
161 8.678404 0.000000 -1.369112 97.742121 0.000000 1.996044 0.044249 
162 8.678404 0.000000 -2.520856 98.215912 0.000000 2.002428 0.034962 
163 9.934406 0.000000 -1.369112 97.675255 0.000000 1.502511 0.045729 
164 8.050403 0.000000 0.358503 99.587337 0.000000 -2.569813 0.007576 
165 8.050403 0.000000 -0.217369 99.588563 0.000000 -2.570790 0.007551 
166 8.678404 0.000000 0.358503 99.653083 0.000000 -2.621315 0.006239 
167 8.050403 0.000000 0.934374 99.588563 0.000000 -2.570790 0.007551 
168 67.710499 0.000000 18.210524 99.991791 0.000000 1.748342 -0.000141 
169 67.710499 0.000000 -0.217369 99.907419 0.000000 5.403856 -0.001069 
170 87.806532 0.000000 18.210524 99.988184 0.000000 1.742889 -0.000067 
171 67.710499 0.000000 36.638417 99.989920 0.000000 1.982218 -0.000191 
172 37.566451 0.000000 8.996577 100.016153 0.000000 1.569561 -0.000569 
173 37.566451 0.000000 -0.217369 99.854419 0.000000 7.730314 -0.003066 
174 47.614467 0.000000 8.996577 100.000169 0.000000 1.592413 -0.000257 
175 37.566451 0.000000 18.210524 100.025452 0.000000 1.746601 -0.000814 
176 22.494427 0.000000 4.389604 100.048837 0.000000 2.104959 -0.001420 
177 22.494427 0.000000 -0.217369 99.891654 0.000000 8.643152 -0.005305 
178 27.518435 0.000000 4.389604 100.009106 0.000000 2.318834 -0.000720 
179 22.494427 0.000000 8.996577 100.146483 0.000000 1.496337 -0.003156 
180 14.958414 0.000000 2.086117 99.726002 0.000000 3.632626 0.004153 
181 14.958414 0.000000 -0.217369 99.363475 0.000000 10.082758 0.002524 
182 17.470418 0.000000 2.086117 99.941916 0.000000 4.380479 -0.000758 
183 14.958414 0.000000 4.389604 100.387358 0.000000 1.553894 -0.008004 
184 11.190408 0.000000 0.934374 104.166436 0.000000 -2.880119 -0.085894 
185 11.190408 0.000000 -0.217369 89.707500 0.000000 -4.988473 0.192768 
186 12.446410 0.000000 0.934374 95.343192 0.000000 -1.786105 0.090649 
187 11.190408 0.000000 2.086117 101.411439 0.000000 0.391793 -0.028443 
188 9.306405 0.000000 0.358503 99.563579 0.000000 -2.572805 0.008047 
189 9.306405 0.000000 -0.217369 99.564082 0.000000 -2.573939 0.008037 
190 9.934406 0.000000 0.358503 99.371972 0.000000 -2.388284 0.011951 
191 9.306405 0.000000 0.934374 99.564082 0.000000 -2.573939 0.008037 
192 67.710499 0.000000 -18.645262 99.976390 0.000000 1.800308 0.000148 
193 67.710499 0.000000 -37.073155 99.969779 0.000000 1.995963 0.000206 
194 87.806532 0.000000 -18.645262 99.980530 0.000000 1.812409 0.000061 
195 37.566451 0.000000 -9.431316 99.954745 0.000000 1.550758 0.000664 
196 37.566451 0.000000 -18.645262 99.939904 0.000000 1.776241 0.000886 
197 47.614467 0.000000 -9.431316 99.973382 0.000000 1.569026 0.000286 
198 22.494427 0.000000 -4.824342 99.848579 0.000000 1.743909 0.002722 
199 22.494427 0.000000 -9.431316 99.810797 0.000000 1.502970 0.003555 
200 27.518435 0.000000 -4.824342 99.919243 0.000000 1.802397 0.001290 
201 14.958414 0.000000 -2.520856 99.811805 0.000000 2.469859 0.003150 
202 14.958414 0.000000 -4.824342 99.510986 0.000000 1.508870 0.009529 
203 17.470418 0.000000 -2.520856 99.756202 0.000000 2.712509 0.004134 
204 11.190408 0.000000 -1.369112 97.645398 0.000000 -0.378505 0.046523 
205 11.190408 0.000000 -2.520856 98.682645 0.000000 0.880883 0.026096 
206 12.446410 0.000000 -1.369112 101.267599 0.000000 -1.089921 -0.025631 
207 10.562407 0.000000 0.358503 98.815663 0.000000 -1.745327 0.023242 
208 10.562407 0.000000 -0.217369 94.712210 0.000000 0.242268 0.102954 
209 11.190408 0.000000 0.358503 96.798362 0.000000 -7.924984 0.056727 
210 10.562407 0.000000 0.934374 103.069301 0.000000 0.102670 -0.062329 
211 10.562407 0.000000 -0.793241 96.360657 0.000000 0.672009 0.071417 
212 9.934406 0.000000 -0.793241 97.297672 0.000000 1.625813 0.053052 
213 10.562407 0.000000 -1.369112 97.477045 0.000000 0.811928 0.049757 
214 11.190408 0.000000 -0.793241 95.495247 0.000000 -1.990201 0.087670 
215 13.702412 0.000000 0.934374 96.811230 0.000000 7.764805 0.056729 
216 13.702412 0.000000 -0.217369 98.723460 0.000000 14.405713 0.004615 
217 14.958414 0.000000 0.934374 99.160582 0.000000 9.199971 0.008254 
218 13.702412 0.000000 2.086117 99.378224 0.000000 2.578494 0.011732 
219 11.818409 0.000000 0.358503 88.108802 0.000000 -29.933226 0.134084 
220 11.818409 0.000000 -0.217369 85.333388 0.000000 -33.828037 0.157388 
221 12.446410 0.000000 0.358503 85.797046 0.000000 -10.982355 0.251825 
222 11.818409 0.000000 0.934374 100.030956 0.000000 -5.523666 -0.003670 
223 10.876408 0.000000 0.070567 98.375364 0.000000 -1.978030 0.031838 
224 10.562407 0.000000 0.070567 98.833580 0.000000 -1.780010 0.022875 
225 10.876408 0.000000 -0.217369 92.349480 0.000000 -1.330072 0.146980 
226 11.190408 0.000000 0.070567 96.001638 0.000000 -10.687047 0.066947 
227 10.876408 0.000000 0.358503 98.330825 0.000000 -1.465933 0.032890 
228 -52.865695 0.000000 -18.645262 99.972729 0.000000 2.114621 0.000098 
229 -72.961727 0.000000 -18.645262 99.975475 0.000000 2.111511 0.000045 
230 -52.865695 0.000000 -37.073155 99.970321 0.000000 2.111347 0.000148 
231 -52.865695 0.000000 55.066309 99.985602 0.000000 2.108610 -0.000157 
232 -72.961727 0.000000 55.066309 99.982415 0.000000 2.108742 -0.000093 
233 -52.865695 0.000000 73.494202 99.984647 0.000000 2.106838 -0.000137 
234 -22.721646 0.000000 -9.431316 99.960082 0.000000 2.136093 0.000342 
235 -32.769663 0.000000 -9.431316 99.969356 0.000000 2.125255 0.000161 
236 -22.721646 0.000000 -18.645262 99.951708 0.000000 2.125217 0.000514 
237 27.518435 0.000000 55.066309 100.003167 0.000000 2.063814 -0.000489 
238 47.614467 0.000000 55.066309 99.994803 0.000000 2.052793 -0.000317 
239 27.518435 0.000000 73.494202 99.993036 0.000000 2.083772 -0.000295 
240 -22.721646 0.000000 27.424470 100.005284 0.000000 2.115974 -0.000553 
241 -32.769663 0.000000 27.424470 99.994223 0.000000 2.116142 -0.000332 
242 -22.721646 0.000000 36.638417 100.002626 0.000000 2.109514 -0.000498 
243 -7.649622 0.000000 -4.824342 99.921790 0.000000 2.200354 0.001079 
244 -12.673630 0.000000 -4.824342 99.949207 0.000000 2.170056 0.000545 
245 -7.649622 0.000000 -9.431316 99.898304 0.000000 2.169986 0.001562 
246 17.470418 0.000000 27.424470 100.076013 0.000000 1.971007 -0.001909 
247 27.518435 0.000000 27.424470 100.046836 0.000000 1.927577 -0.001308 
248 17.470418 0.000000 36.638417 100.037626 0.000000 2.029140 -0.001164 
249 -7.649622 0.000000 13.603551 100.062623 0.000000 2.148088 -0.001714 
250 -12.673630 0.000000 13.603551 100.029985 0.000000 2.144013 -0.001059 
251 -7.649622 0.000000 18.210524 100.058318 0.000000 2.125440 -0.001618 
252 -0.113610 0.000000 -2.520856 100.041526 0.000000 2.381760 -0.001398 
253 -2.625614 0.000000 -2.520856 99.892391 0.000000 2.288094 0.001627 
254 -0.113610 0.000000 -4.824342 99.822246 0.000000 2.315732 0.003016 
255 12.446410 0.000000 13.603551 100.297178 0.000000 1.809213 -0.006280 
256 17.470418 0.000000 13.603551 100.225891 0.000000 1.685604 -0.004807 
257 12.446410 0.000000 18.210524 100.187144 0.000000 1.901352 -0.004108 
258 -0.113610 0.000000 6.693091 100.195631 0.000000 2.279841 -0.004436 
259 -2.625614 0.000000 6.693091 100.120369 0.000000 2.254010 -0.002917 
260 -0.113610 0.000000 8.996577 100.200787 0.000000 2.204587 -0.004506 
261 9.934406 0.000000 6.693091 100.848050 0.000000 1.705501 -0.017324 
262 12.446410 0.000000 6.693091 100.696935 0.000000 1.493633 -0.014210 
263 9.934406 0.000000 8.996577 100.555285 0.000000 1.796731 -0.011459 
264 3.654396 0.000000 3.237861 100.248321 0.000000 3.180964 -0.005984 
265 2.398394 0.000000 3.237861 100.077956 0.000000 2.830619 -0.002361 
266 3.654396 0.000000 4.389604 100.381026 0.000000 2.669872 -0.008348 
267 3.654396 0.000000 -1.369112 101.283920 0.000000 6.375118 -0.029907 
268 2.398394 0.000000 -1.369112 100.407462 0.000000 6.083474 -0.011867 
269 3.654396 0.000000 -2.520856 100.064257 0.000000 3.797854 -0.002728 
270 8.678404 0.000000 3.237861 101.495354 0.000000 1.754298 -0.030438 
271 9.934406 0.000000 3.237861 101.410067 0.000000 1.348822 -0.028582 
272 8.678404 0.000000 4.389604 101.249684 0.000000 1.828229 -0.025484 
273 5.538399 0.000000 1.510246 102.825391 0.000000 8.864981 -0.065165 
274 4.910398 0.000000 1.510246 99.986475 0.000000 8.772876 -0.007426 
275 5.538399 0.000000 2.086117 101.848872 0.000000 5.495718 -0.040340 
276 8.050403 0.000000 1.510246 102.232806 0.000000 1.098005 -0.045275 
277 8.678404 0.000000 1.510246 101.849500 0.000000 0.971663 -0.037426 
278 8.050403 0.000000 2.086117 102.009916 0.000000 1.649788 -0.040874 
279 9.306405 0.000000 -0.793241 97.690603 0.000000 1.840086 0.045316 
280 8.678404 0.000000 -0.793241 97.644720 0.000000 1.841239 0.046212 
281 9.306405 0.000000 -1.369112 97.798012 0.000000 1.824951 0.043222 
282 8.050403 0.000000 -0.793241 97.182727 0.000000 1.938689 0.055176 
283 7.422402 0.000000 -0.793241 96.149665 0.000000 2.550529 0.074874 
284 8.050403 0.000000 -1.369112 97.482329 0.000000 2.243385 0.049216 
285 13.702412 0.000000 -1.369112 101.458104 0.000000 4.028411 -0.030997 
286 13.702412 0.000000 -2.520856 100.004185 0.000000 1.945961 -0.000462 
287 14.958414 0.000000 -1.369112 99.945916 0.000000 4.598206 -0.001033 
288 11.818409 0.000000 -0.793241 97.291597 0.000000 -6.166233 0.049632 
289 11.818409 0.000000 -1.369112 98.930638 0.000000 -1.522566 0.021041 
290 12.446410 0.000000 -0.793241 103.919506 0.000000 -6.776705 -0.084519 
291 67.710499 0.000000 55.066309 99.988188 0.000000 2.048713 -0.000184 
292 87.806532 0.000000 55.066309 99.984345 0.000000 2.047390 -0.000106 
293 67.710499 0.000000 73.494202 99.986173 0.000000 2.074463 -0.000154 
294 37.566451 0.000000 27.424470 100.020760 0.000000 1.911015 -0.000780 
295 47.614467 0.000000 27.424470 100.004600 0.000000 1.906195 -0.000455 
296 37.566451 0.000000 36.638417 100.012342 0.000000 1.991648 -0.000644 
297 22.494427 0.000000 13.603551 100.140990 0.000000 1.633713 -0.003089 
298 27.518435 0.000000 13.603551 100.080843 0.000000 1.622343 -0.001881 
299 22.494427 0.000000 18.210524 100.112983 0.000000 1.778450 -0.002577 
300 14.958414 0.000000 6.693091 100.485056 0.000000 1.430035 -0.009929 
301 17.470418 0.000000 6.693091 100.303527 0.000000 1.469319 -0.006296 
302 14.958414 0.000000 8.996577 100.407586 0.000000 1.535192 -0.008404 
303 11.190408 0.000000 3.237861 101.136987 0.000000 1.080862 -0.022986 
304 12.446410 0.000000 3.237861 100.635009 0.000000 1.104847 -0.012863 
305 11.190408 0.000000 4.389604 101.035142 0.000000 1.306887 -0.020981 
306 6.794401 0.000000 -0.793241 94.364661 0.000000 4.303128 0.107679 
307 6.166400 0.000000 -0.793241 92.393245 0.000000 8.451142 0.139207 
308 6.794401 0.000000 -1.369112 96.324830 0.000000 4.129893 0.070447 
309 5.538399 0.000000 -0.793241 92.818100 0.000000 15.478122 0.114523 
310 4.910398 0.000000 -0.793241 99.726955 0.000000 20.974332 -0.038539 
311 5.538399 0.000000 -1.369112 96.971399 0.000000 8.907695 0.051720 
312 9.306405 0.000000 1.510246 101.759850 0.000000 1.025367 -0.035612 
313 9.934406 0.000000 1.510246 101.909195 0.000000 0.951468 -0.038639 
314 9.306405 0.000000 2.086117 101.721393 0.000000 1.303053 -0.034894 
315 13.702412 0.000000 3.237861 100.266309 0.000000 1.588040 -0.005585 
316 14.958414 0.000000 3.237861 100.173675 0.000000 2.026765 -0.003887 
317 13.702412 0.000000 4.389604 100.556367 0.000000 1.384359 -0.011350 
318 10.562407 0.000000 1.510246 102.196556 0.000000 0.468363 -0.044436 
319 11.190408 0.000000 1.510246 101.997278 0.000000 -0.586489 -0.040379 
320 10.562407 0.000000 2.086117 101.732386 0.000000 0.799288 -0.035012 
321 11.818409 0.000000 1.510246 100.467753 0.000000 -1.134995 -0.009506 
322 12.446410 0.000000 1.510246 98.668977 0.000000 0.075692 0.026443 
323 11.818409 0.000000 2.086117 100.690627 0.000000 0.249035 -0.013866 
1 1 12 10 11 
2 12 7 13 10 
3 7 16 15 13 
4 16 2 17 15 
5 10 25 23 24 
6 25 13 26 23 
7 13 32 31 26 
8 32 15 33 31 
9 23 41 39 40 
10 41 26 42 39 
11 26 48 47 42 
12 48 31 49 47 
13 39 57 55 56 
14 57 42 58 55 
15 42 77 76 58 
16 77 47 78 76 
17 55 81 79 80 
18 81 58 82 79 
19 58 93 92 82 
20 93 76 94 92 
21 79 97 95 96 
22 97 82 98 95 
23 89 105 103 104 
24 105 5 106 103 
25 103 106 90 107 
26 6 110 108 109 
27 110 14 36 108 
28 108 36 19 111 
29 109 108 111 20 
30 14 114 112 113 
31 114 27 52 112 
32 112 52 35 115 
33 113 112 115 36 
34 27 118 116 117 
35 118 43 64 116 
36 116 64 51 119 
37 117 116 119 52 
38 43 122 120 121 
39 122 59 72 120 
40 120 72 63 123 
41 121 120 123 64 
42 59 126 124 125 
43 126 73 88 124 
44 124 88 71 127 
45 125 124 127 72 
46 73 130 128 129 
47 130 89 104 128 
48 128 104 87 131 
49 129 128 131 88 
50 19 38 132 133 
51 38 21 134 132 
52 132 134 9 135 
53 133 132 135 22 
54 35 54 136 137 
55 54 37 138 136 
56 136 138 21 139 
57 137 136 139 38 
58 51 66 140 141 
59 66 53 142 140 
60 140 142 37 143 
61 141 140 143 54 
62 63 75 144 145 
63 75 65 146 144 
64 144 146 53 147 
65 145 144 147 66 
66 71 91 148 149 
67 91 74 150 148 
68 148 150 65 151 
69 149 148 151 75 
70 87 107 152 153 
71 107 90 154 152 
72 152 154 74 155 
73 153 152 155 91 
74 104 158 156 157 
75 158 103 159 156 
76 156 159 107 160 
77 157 156 160 87 
78 82 162 161 98 
79 162 92 163 161 
80 5 165 164 106 
81 165 100 166 164 
82 164 166 99 167 
83 106 164 167 90 
84 18 169 168 45 
85 169 8 170 168 
86 168 170 29 171 
87 45 168 171 28 
88 34 173 172 61 
89 173 18 174 172 
90 172 174 45 175 
91 61 172 175 44 
92 50 177 176 69 
93 177 34 178 176 
94 176 178 61 179 
95 69 176 179 60 
96 181 50 182 180 
97 180 182 69 183 
98 100 189 188 166 
99 189 84 190 188 
100 188 190 101 191 
101 166 188 191 99 
102 15 193 192 33 
103 193 17 194 192 
104 192 194 8 169 
105 33 192 169 18 
106 31 196 195 49 
107 196 33 197 195 
108 195 197 18 173 
109 49 195 173 34 
110 47 199 198 78 
111 199 49 200 198 
112 198 200 34 177 
113 78 198 177 50 
114 76 202 201 94 
115 202 78 203 201 
116 201 203 50 181 
117 92 205 204 163 
118 205 94 206 204 
119 84 208 207 190 
120 207 209 184 210 
121 190 207 210 101 
122 163 213 211 212 
123 213 204 214 211 
124 211 214 185 208 
125 212 211 208 84 
126 68 216 215 186 
127 216 181 217 215 
128 215 217 180 218 
129 186 215 218 85 
130 185 220 219 209 
131 220 68 221 219 
132 219 221 186 222 
133 209 219 222 184 
134 208 225 223 224 
135 225 185 226 223 
136 223 226 209 227 
137 224 223 227 207 
138 11 230 228 229 
139 230 10 24 228 
140 228 24 14 110 
141 229 228 110 6 
142 20 111 231 232 
143 111 19 133 231 
144 231 133 22 233 
145 232 231 233 4 
146 24 236 234 235 
147 236 23 40 234 
148 234 40 27 114 
149 235 234 114 14 
150 21 46 237 134 
151 46 28 238 237 
152 237 238 30 239 
153 134 237 239 9 
154 36 115 240 241 
155 115 35 137 240 
156 240 137 38 242 
157 241 240 242 19 
158 40 245 243 244 
159 245 39 56 243 
160 243 56 43 118 
161 244 243 118 27 
162 37 62 246 138 
163 62 44 247 246 
164 246 247 46 248 
165 138 246 248 21 
166 52 119 249 250 
167 119 51 141 249 
168 249 141 54 251 
169 250 249 251 35 
170 56 254 252 253 
171 254 55 80 252 
172 252 80 59 122 
173 253 252 122 43 
174 53 70 255 142 
175 70 60 256 255 
176 255 256 62 257 
177 142 255 257 37 
178 64 123 258 259 
179 123 63 145 258 
180 258 145 66 260 
181 259 258 260 51 
182 65 86 261 146 
183 86 67 262 261 
184 261 262 70 263 
185 146 261 263 53 
186 72 127 264 265 
187 127 71 149 264 
188 264 149 75 266 
189 265 264 266 63 
190 80 269 267 268 
191 269 79 96 267 
192 267 96 73 126 
193 268 267 126 59 
194 74 102 270 150 
195 102 83 271 270 
196 270 271 86 272 
197 150 270 272 65 
198 88 131 273 274 
199 131 87 153 273 
200 273 153 91 275 
201 274 273 275 71 
202 90 167 276 154 
203 167 99 277 276 
204 276 277 102 278 
205 154 276 278 74 
206 161 281 279 280 
207 281 163 212 279 
208 279 212 84 189 
209 280 279 189 100 
210 98 284 282 283 
211 284 161 280 282 
212 282 280 100 165 
213 283 282 165 5 
214 94 286 285 206 
215 286 201 287 285 
216 285 287 181 216 
217 206 285 216 68 
218 204 289 288 214 
219 289 206 290 288 
220 288 290 68 220 
221 214 288 220 185 
222 28 171 291 238 
223 171 29 292 291 
224 291 292 3 293 
225 238 291 293 30 
226 44 175 294 247 
227 175 45 295 294 
228 294 295 28 296 
229 247 294 296 46 
230 60 179 297 256 
231 179 61 298 297 
232 297 298 44 299 
233 256 297 299 62 
234 67 183 300 262 
235 183 69 301 300 
236 300 301 60 302 
237 262 300 302 70 
238 83 187 303 271 
239 187 85 304 303 
240 303 304 67 305 
241 271 303 305 86 
242 95 308 306 307 
243 308 98 283 306 
244 306 283 5 105 
245 307 306 105 89 
246 96 311 309 310 
247 311 95 307 309 
248 309 307 89 130 
249 310 309 130 73 
250 99 191 312 277 
251 191 101 313 312 
252 312 313 83 314 
253 277 312 314 102 
254 85 218 315 304 
255 218 180 316 315 
256 315 316 183 317 
257 304 315 317 67 
258 101 210 318 313 
259 210 184 319 318 
260 318 319 187 320 
261 313 318 320 83 
262 184 222 321 319 
263 222 186 322 321 
264 321 322 85 323 
265 319 321 323 187 
