2 0.000000 100.000000 410.334720
323 265 
1 -72.961727 0.000000 -73.928940 99.869748 0.000000 -5.113434 -0.000011 
2 87.806532 0.000000 -73.928940 99.869442 0.000000 -5.110596 -0.000002 
3 87.806532 0.000000 73.494202 99.869123 0.000000 -5.111181 0.000003 
4 -72.961727 0.000000 73.494202 99.868634 0.000000 -5.113424 0.000011 
5 7.422402 0.000000 -0.217369 95.567499 0.000000 -5.470831 0.083692 
6 -72.961727 0.000000 -0.217369 99.869170 0.000000 -5.114185 -0.000001 
7 7.422402 0.000000 -73.928940 99.870452 0.000000 -5.111258 -0.000023 
8 87.806532 0.000000 -0.217369 99.890395 0.000000 -4.697130 -0.000015 
9 7.422402 0.000000 73.494202 99.868085 0.000000 -5.111379 0.000024 
10 -32.769663 0.000000 -37.073155 99.872161 0.000000 -5.113303 -0.000059 
11 -72.961727 0.000000 -37.073155 99.869794 0.000000 -5.113822 -0.000013 
12 -32.769663 0.000000 -73.928940 99.870393 0.000000 -5.112834 -0.000024 
13 7.422402 0.000000 -37.073155 99.874047 0.000000 -5.101554 -0.000085 
14 -32.769663 0.000000 -0.217369 99.868998 0.000000 -5.117709 -0.000001 
15 47.614467 0.000000 -37.073155 99.869295 0.000000 -5.101525 0.000010 
16 47.614467 0.000000 -73.928940 99.869682 0.000000 -5.110640 -0.000007 
17 87.806532 0.000000 -37.073155 99.869831 0.000000 -5.100448 0.000000 
18 47.614467 0.000000 -0.217369 99.863885 0.000000 -5.207897 0.000008 
19 -32.769663 0.000000 36.638417 99.866238 0.000000 -5.113184 0.000059 
20 -72.961727 0.000000 36.638417 99.868570 0.000000 -5.113802 0.000012 
21 7.422402 0.000000 36.638417 99.865198 0.000000 -5.101990 0.000091 
22 -32.769663 0.000000 73.494202 99.868040 0.000000 -5.112829 0.000023 
23 -12.673630 0.000000 -18.645262 99.887677 0.000000 -5.111556 -0.000368 
24 -32.769663 0.000000 -18.645262 99.872658 0.000000 -5.115456 -0.000072 
25 -12.673630 0.000000 -37.073155 99.875281 0.000000 -5.109568 -0.000118 
26 7.422402 0.000000 -18.645262 99.890019 0.000000 -5.049026 -0.000351 
27 -12.673630 0.000000 -0.217369 99.867011 0.000000 -5.144100 0.000012 
28 47.614467 0.000000 36.638417 99.869885 0.000000 -5.104128 -0.000005 
29 87.806532 0.000000 36.638417 99.869505 0.000000 -5.105320 0.000002 
30 47.614467 0.000000 73.494202 99.868874 0.000000 -5.110997 0.000009 
31 27.518435 0.000000 -18.645262 99.865767 0.000000 -5.060093 0.000122 
32 27.518435 0.000000 -37.073155 99.869986 0.000000 -5.100519 -0.000003 
33 47.614467 0.000000 -18.645262 99.870799 0.000000 -5.058207 0.000024 
34 27.518435 0.000000 -0.217369 99.783928 0.000000 -6.650833 -0.000107 
35 -12.673630 0.000000 18.210524 99.850459 0.000000 -5.110381 0.000377 
36 -32.769663 0.000000 18.210524 99.865548 0.000000 -5.115267 0.000071 
37 7.422402 0.000000 18.210524 99.853070 0.000000 -5.049458 0.000387 
38 -12.673630 0.000000 36.638417 99.863372 0.000000 -5.109381 0.000120 
39 -2.625614 0.000000 -9.431316 99.988270 0.000000 -5.081323 -0.002347 
40 -12.673630 0.000000 -9.431316 99.893290 0.000000 -5.126025 -0.000495 
41 -2.625614 0.000000 -18.645262 99.903466 0.000000 -5.087636 -0.000659 
42 7.422402 0.000000 -9.431316 99.908298 0.000000 -4.825983 -0.000496 
43 -2.625614 0.000000 -0.217369 99.805067 0.000000 -5.453671 0.000921 
44 27.518435 0.000000 18.210524 99.876178 0.000000 -5.070840 -0.000096 
45 47.614467 0.000000 18.210524 99.871635 0.000000 -5.077811 -0.000013 
46 27.518435 0.000000 36.638417 99.869641 0.000000 -5.102190 0.000002 
47 17.470418 0.000000 -9.431316 99.833369 0.000000 -4.919049 0.000910 
48 17.470418 0.000000 -18.645262 99.866068 0.000000 -5.050824 0.000126 
49 27.518435 0.000000 -9.431316 99.866792 0.000000 -4.925540 0.000236 
50 17.470418 0.000000 -0.217369 99.685608 0.000000 -7.817856 0.000166 
51 -2.625614 0.000000 8.996577 99.746584 0.000000 -5.070776 0.002491 
52 -12.673630 0.000000 8.996577 99.842996 0.000000 -5.124197 0.000512 
53 7.422402 0.000000 8.996577 99.855415 0.000000 -4.816639 0.000570 
54 -2.625614 0.000000 18.210524 99.836045 0.000000 -5.085376 0.000690 
55 2.398394 0.000000 -4.824342 100.536330 0.000000 -4.566001 -0.012840 
56 -2.625614 0.000000 -4.824342 100.093798 0.000000 -5.178536 -0.004559 
57 2.398394 0.000000 -9.431316 100.015438 0.000000 -4.930457 -0.002740 
58 7.422402 0.000000 -4.824342 99.768619 0.000000 -4.211369 0.002849 
59 2.398394 0.000000 -0.217369 94.670563 0.000000 3.996923 0.102151 
60 17.470418 0.000000 8.996577 99.918578 0.000000 -4.946114 -0.000819 
61 27.518435 0.000000 8.996577 99.884610 0.000000 -4.968380 -0.000162 
62 17.470418 0.000000 18.210524 99.877038 0.000000 -5.057705 -0.000100 
63 2.398394 0.000000 4.389604 99.224973 0.000000 -4.458527 0.013453 
64 -2.625614 0.000000 4.389604 99.631334 0.000000 -5.148491 0.004709 
65 7.422402 0.000000 4.389604 100.042186 0.000000 -4.141436 -0.002559 
66 2.398394 0.000000 8.996577 99.728927 0.000000 -4.910416 0.003003 
67 12.446410 0.000000 4.389604 100.144980 0.000000 -4.884945 -0.005288 
68 12.446410 0.000000 -0.217369 93.024954 0.000000 -29.836275 0.045615 
69 17.470418 0.000000 4.389604 99.947805 0.000000 -4.829097 -0.001288 
70 12.446410 0.000000 8.996577 99.936990 0.000000 -4.889054 -0.001130 
71 4.910398 0.000000 2.086117 99.040894 0.000000 -0.642145 0.019049 
72 2.398394 0.000000 2.086117 98.023573 0.000000 -3.781340 0.037708 
73 4.910398 0.000000 -0.217369 75.830883 0.000000 42.094334 0.247774 
74 7.422402 0.000000 2.086117 100.936728 0.000000 -3.219723 -0.019859 
75 4.910398 0.000000 4.389604 99.553460 0.000000 -3.954479 0.007347 
76 12.446410 0.000000 -4.824342 99.655284 0.000000 -4.806378 0.004572 
77 12.446410 0.000000 -9.431316 99.826309 0.000000 -4.873204 0.001096 
78 17.470418 0.000000 -4.824342 99.812011 0.000000 -4.822439 0.001431 
79 4.910398 0.000000 -2.520856 100.321261 0.000000 -1.843269 -0.006775 
80 2.398394 0.000000 -2.520856 101.474165 0.000000 -3.302431 -0.030791 
81 4.910398 0.000000 -4.824342 100.171466 0.000000 -4.119151 -0.005129 
82 7.422402 0.000000 -2.520856 99.085829 0.000000 -3.636960 0.016877 
83 9.934406 0.000000 2.086117 100.914639 0.000000 -4.287643 -0.020215 
84 9.934406 0.000000 -0.217369 99.702250 0.000000 -2.396939 0.005372 
85 12.446410 0.000000 2.086117 100.179240 0.000000 -6.216549 -0.007453 
86 9.934406 0.000000 4.389604 100.240118 0.000000 -4.518460 -0.006850 
87 6.166400 0.000000 0.934374 108.124456 0.000000 5.153477 -0.171746 
88 4.910398 0.000000 0.934374 94.896927 0.000000 9.213410 0.090969 
89 6.166400 0.000000 -0.217369 84.216303 0.000000 4.463000 0.288770 
90 7.422402 0.000000 0.934374 98.573497 0.000000 -2.362140 0.027769 
91 6.166400 0.000000 2.086117 101.051743 0.000000 -1.395043 -0.021340 
92 9.934406 0.000000 -2.520856 99.015181 0.000000 -4.870539 0.017227 
93 9.934406 0.000000 -4.824342 99.605464 0.000000 -4.553164 0.005802 
94 12.446410 0.000000 -2.520856 99.584294 0.000000 -5.865471 0.004856 
95 6.166400 0.000000 -1.369112 96.732458 0.000000 -0.282751 0.064275 
96 4.910398 0.000000 -1.369112 100.121124 0.000000 4.505631 -0.004454 
97 6.166400 0.000000 -2.520856 99.295367 0.000000 -2.569614 0.013383 
98 7.422402 0.000000 -1.369112 97.879066 0.000000 -4.052809 0.040326 
99 8.678404 0.000000 0.934374 99.374555 0.000000 -2.620572 0.011783 
100 8.678404 0.000000 -0.217369 99.374555 0.000000 -2.620572 0.011783 
101 9.934406 0.000000 0.934374 101.648960 0.000000 -3.285969 -0.034331 
102 8.678404 0.000000 2.086117 100.605486 0.000000 -3.816619 -0.013603 
103 6.794401 0.000000 0.358503 97.740277 0.000000 -1.942891 0.044306 
104 6.166400 0.000000 0.358503 94.222983 0.000000 9.403021 0.103361 
105 6.794401 0.000000 -0.217369 91.585612 0.000000 -3.172083 0.160201 
106 7.422402 0.000000 0.358503 98.605586 0.000000 -2.370148 0.027132 
107 6.794401 0.000000 0.934374 104.660467 0.000000 -1.236377 -0.095534 
108 -52.865695 0.000000 18.210524 99.868154 0.000000 -5.114465 0.000019 
109 -72.961727 0.000000 18.210524 99.868773 0.000000 -5.114059 0.000007 
110 -52.865695 0.000000 -0.217369 99.869140 0.000000 -5.114896 -0.000001 
111 -52.865695 0.000000 36.638417 99.867922 0.000000 -5.113766 0.000025 
112 -22.721646 0.000000 8.996577 99.862251 0.000000 -5.119644 0.000132 
113 -32.769663 0.000000 8.996577 99.866619 0.000000 -5.116873 0.000048 
114 -22.721646 0.000000 -0.217369 99.868677 0.000000 -5.122781 0.000000 
115 -22.721646 0.000000 18.210524 99.861219 0.000000 -5.115081 0.000157 
116 -7.649622 0.000000 4.389604 99.810461 0.000000 -5.156074 0.001129 
117 -12.673630 0.000000 4.389604 99.849224 0.000000 -5.136852 0.000375 
118 -7.649622 0.000000 -0.217369 99.862506 0.000000 -5.188113 0.000056 
119 -7.649622 0.000000 8.996577 99.811307 0.000000 -5.119311 0.001150 
120 -0.113610 0.000000 2.086117 98.994235 0.000000 -5.216034 0.017293 
121 -2.625614 0.000000 2.086117 99.623164 0.000000 -5.263195 0.004752 
122 -0.113610 0.000000 -0.217369 98.551501 0.000000 -6.290297 0.024803 
123 -0.113610 0.000000 4.389604 99.376461 0.000000 -4.986016 0.009946 
124 3.654396 0.000000 0.934374 95.178598 0.000000 -0.339087 0.094092 
125 2.398394 0.000000 0.934374 96.620628 0.000000 -3.117524 0.065474 
126 3.654396 0.000000 -0.217369 96.196058 0.000000 8.908897 0.066695 
127 3.654396 0.000000 2.086117 97.973011 0.000000 -2.347675 0.039578 
128 5.538399 0.000000 0.358503 80.144741 0.000000 37.121243 0.219883 
129 4.910398 0.000000 0.358503 84.162746 0.000000 22.085389 0.242887 
130 5.538399 0.000000 -0.217369 73.974385 0.000000 43.375239 0.264638 
131 5.538399 0.000000 0.934374 101.835621 0.000000 12.769889 -0.053356 
132 -12.673630 0.000000 55.066309 99.866808 0.000000 -5.111189 0.000050 
133 -32.769663 0.000000 55.066309 99.867409 0.000000 -5.112723 0.000036 
134 7.422402 0.000000 55.066309 99.867411 0.000000 -5.109408 0.000039 
135 -12.673630 0.000000 73.494202 99.867872 0.000000 -5.112124 0.000027 
136 -2.625614 0.000000 27.424470 99.856513 0.000000 -5.099148 0.000268 
137 -12.673630 0.000000 27.424470 99.859039 0.000000 -5.108388 0.000208 
138 7.422402 0.000000 27.424470 99.861628 0.000000 -5.089931 0.000175 
139 -2.625614 0.000000 36.638417 99.863156 0.000000 -5.105428 0.000128 
140 2.398394 0.000000 13.603551 99.808190 0.000000 -5.022719 0.001310 
141 -2.625614 0.000000 13.603551 99.808202 0.000000 -5.074387 0.001257 
142 7.422402 0.000000 13.603551 99.844049 0.000000 -4.987546 0.000629 
143 2.398394 0.000000 18.210524 99.838881 0.000000 -5.063864 0.000656 
144 4.910398 0.000000 6.693091 99.715303 0.000000 -4.608238 0.003562 
145 2.398394 0.000000 6.693091 99.592421 0.000000 -4.776643 0.005853 
146 7.422402 0.000000 6.693091 99.893684 0.000000 -4.594798 0.000014 
147 4.910398 0.000000 8.996577 99.781270 0.000000 -4.836975 0.002030 
148 6.166400 0.000000 3.237861 100.091994 0.000000 -3.216289 -0.002875 
149 4.910398 0.000000 3.237861 99.481975 0.000000 -3.072434 0.009390 
150 7.422402 0.000000 3.237861 100.296306 0.000000 -3.737943 -0.007332 
151 6.166400 0.000000 4.389604 99.849459 0.000000 -3.955351 0.001444 
152 6.794401 0.000000 1.510246 102.448467 0.000000 -1.665248 -0.049846 
153 6.166400 0.000000 1.510246 102.760624 0.000000 0.925579 -0.056060 
154 7.422402 0.000000 1.510246 101.519971 0.000000 -2.940306 -0.031495 
155 6.794401 0.000000 2.086117 101.198494 0.000000 -2.477645 -0.024727 
156 6.480401 0.000000 0.646438 96.747493 0.000000 -0.196706 0.063988 
157 6.166400 0.000000 0.646438 94.820577 0.000000 7.832979 0.094770 
158 6.480401 0.000000 0.358503 96.706223 0.000000 -0.436698 0.064772 
159 6.794401 0.000000 0.646438 97.652545 0.000000 -1.870130 0.046048 
160 6.480401 0.000000 0.934374 106.767589 0.000000 0.915205 -0.140016 
161 8.678404 0.000000 -1.369112 98.590182 0.000000 -5.186763 0.025307 
162 8.678404 0.000000 -2.520856 99.157196 0.000000 -4.277981 0.014955 
163 9.934406 0.000000 -1.369112 98.272677 0.000000 -6.022467 0.030621 
164 8.050403 0.000000 0.358503 99.086444 0.000000 -2.556928 0.017534 
165 8.050403 0.000000 -0.217369 99.064062 0.000000 -2.557250 0.017977 
166 8.678404 0.000000 0.358503 99.389332 0.000000 -2.614367 0.011493 
167 8.050403 0.000000 0.934374 99.064062 0.000000 -2.557250 0.017977 
168 67.710499 0.000000 18.210524 99.870878 0.000000 -5.081464 -0.000001 
169 67.710499 0.000000 -0.217369 99.886812 0.000000 -4.765713 -0.000009 
170 87.806532 0.000000 18.210524 99.870600 0.000000 -5.084365 0.000001 
171 67.710499 0.000000 36.638417 99.869624 0.000000 -5.104892 -0.000000 
172 37.566451 0.000000 8.996577 99.877771 0.000000 -4.978507 -0.000035 
173 37.566451 0.000000 -0.217369 99.835059 0.000000 -5.759093 -0.000021 
174 47.614467 0.000000 8.996577 99.875928 0.000000 -4.988958 -0.000009 
175 37.566451 0.000000 18.210524 99.872995 0.000000 -5.075161 -0.000037 
176 22.494427 0.000000 4.389604 99.897720 0.000000 -4.774519 -0.000235 
177 22.494427 0.000000 -0.217369 99.748274 0.000000 -7.187346 -0.000138 
178 27.518435 0.000000 4.389604 99.890052 0.000000 -4.773088 -0.000080 
179 22.494427 0.000000 8.996577 99.895187 0.000000 -4.961919 -0.000367 
180 14.958414 0.000000 2.086117 99.791299 0.000000 -5.161704 0.001505 
181 14.958414 0.000000 -0.217369 99.577090 0.000000 -8.081268 0.001910 
182 17.470418 0.000000 2.086117 99.879683 0.000000 -4.940667 -0.000036 
183 14.958414 0.000000 4.389604 99.991004 0.000000 -4.872161 -0.002194 
184 11.190408 0.000000 0.934374 105.279019 0.000000 -8.059012 -0.114862 
185 11.190408 0.000000 -0.217369 90.666659 0.000000 -11.786236 0.164064 
186 12.446410 0.000000 0.934374 98.294778 0.000000 -11.319645 0.021000 
187 11.190408 0.000000 2.086117 101.138274 0.000000 -5.495212 -0.025915 
188 9.306405 0.000000 0.358503 99.622256 0.000000 -2.574307 0.006878 
189 9.306405 0.000000 -0.217369 99.627989 0.000000 -2.575591 0.006763 
190 9.934406 0.000000 0.358503 99.697807 0.000000 -2.396040 0.005461 
191 9.306405 0.000000 0.934374 99.627989 0.000000 -2.575591 0.006763 
192 67.710499 0.000000 -18.645262 99.872116 0.000000 -5.050401 0.000005 
193 67.710499 0.000000 -37.073155 99.869640 0.000000 -5.101219 0.000003 
194 87.806532 0.000000 -18.645262 99.872838 0.000000 -5.040884 0.000001 
195 37.566451 0.000000 -9.431316 99.876449 0.000000 -4.908641 0.000060 
196 37.566451 0.000000 -18.645262 99.869216 0.000000 -5.060187 0.000053 
197 47.614467 0.000000 -9.431316 99.879550 0.000000 -4.889569 0.000017 
198 22.494427 0.000000 -4.824342 99.858064 0.000000 -4.817788 0.000516 
199 22.494427 0.000000 -9.431316 99.854647 0.000000 -4.929068 0.000475 
200 27.518435 0.000000 -4.824342 99.872758 0.000000 -4.827056 0.000213 
201 14.958414 0.000000 -2.520856 99.802514 0.000000 -5.442553 0.000984 
202 14.958414 0.000000 -4.824342 99.762562 0.000000 -4.837800 0.002403 
203 17.470418 0.000000 -2.520856 99.786556 0.000000 -5.473036 0.001269 
204 11.190408 0.000000 -1.369112 97.857905 0.000000 -8.075280 0.035862 
205 11.190408 0.000000 -2.520856 99.107717 0.000000 -5.514142 0.014725 
206 12.446410 0.000000 -1.369112 100.078038 0.000000 -9.472681 -0.010535 
207 10.562407 0.000000 0.358503 99.577518 0.000000 -1.757552 0.008123 
208 10.562407 0.000000 -0.217369 95.204469 0.000000 -7.191661 0.088439 
209 11.190408 0.000000 0.358503 98.906788 0.000000 -8.139301 0.015120 
210 10.562407 0.000000 0.934374 103.290554 0.000000 -4.147802 -0.068614 
211 10.562407 0.000000 -0.793241 96.714159 0.000000 -8.391662 0.057595 
212 9.934406 0.000000 -0.793241 97.686537 0.000000 -7.315932 0.040382 
213 10.562407 0.000000 -1.369112 97.927957 0.000000 -6.852750 0.036316 
214 11.190408 0.000000 -0.793241 95.790364 0.000000 -10.912868 0.070512 
215 13.702412 0.000000 0.934374 98.638378 0.000000 -6.565812 0.022736 
216 13.702412 0.000000 -0.217369 99.295043 0.000000 -6.755505 0.009486 
217 14.958414 0.000000 0.934374 99.598199 0.000000 -5.964454 0.004462 
218 13.702412 0.000000 2.086117 99.704129 0.000000 -5.574053 0.002802 
219 11.818409 0.000000 0.358503 92.321281 0.000000 -31.393589 0.049122 
220 11.818409 0.000000 -0.217369 90.032122 0.000000 -35.691095 0.062036 
221 12.446410 0.000000 0.358503 92.233547 0.000000 -18.857906 0.113735 
222 11.818409 0.000000 0.934374 102.212761 0.000000 -12.575717 -0.060560 
223 10.876408 0.000000 0.070567 99.498869 0.000000 -2.005916 0.009595 
224 10.562407 0.000000 0.070567 99.578898 0.000000 -1.792544 0.008083 
225 10.876408 0.000000 -0.217369 93.030928 0.000000 -8.559352 0.127198 
226 11.190408 0.000000 0.070567 98.366619 0.000000 -11.018351 0.020260 
227 10.876408 0.000000 0.358503 99.489994 0.000000 -1.485563 0.009953 
228 -52.865695 0.000000 -18.645262 99.870158 0.000000 -5.114510 -0.000021 
229 -72.961727 0.000000 -18.645262 99.869575 0.000000 -5.114074 -0.000009 
230 -52.865695 0.000000 -37.073155 99.870443 0.000000 -5.113814 -0.000026 
231 -52.865695 0.000000 55.066309 99.868083 0.000000 -5.113416 0.000022 
232 -72.961727 0.000000 55.066309 99.868556 0.000000 -5.113571 0.000012 
233 -52.865695 0.000000 73.494202 99.868359 0.000000 -5.113244 0.000017 
234 -22.721646 0.000000 -9.431316 99.875392 0.000000 -5.120058 -0.000131 
235 -32.769663 0.000000 -9.431316 99.871444 0.000000 -5.117010 -0.000049 
236 -22.721646 0.000000 -18.645262 99.876883 0.000000 -5.115561 -0.000156 
237 27.518435 0.000000 55.066309 99.868608 0.000000 -5.108788 0.000016 
238 47.614467 0.000000 55.066309 99.869145 0.000000 -5.109137 0.000005 
239 27.518435 0.000000 73.494202 99.868532 0.000000 -5.111016 0.000015 
240 -22.721646 0.000000 27.424470 99.862958 0.000000 -5.112694 0.000125 
241 -32.769663 0.000000 27.424470 99.865650 0.000000 -5.114026 0.000070 
242 -22.721646 0.000000 36.638417 99.864815 0.000000 -5.111966 0.000089 
243 -7.649622 0.000000 -4.824342 99.919208 0.000000 -5.160960 -0.001048 
244 -12.673630 0.000000 -4.824342 99.885581 0.000000 -5.138240 -0.000353 
245 -7.649622 0.000000 -9.431316 99.923617 0.000000 -5.123773 -0.001098 
246 17.470418 0.000000 27.424470 99.869016 0.000000 -5.089523 0.000028 
247 27.518435 0.000000 27.424470 99.871343 0.000000 -5.093555 -0.000023 
248 17.470418 0.000000 36.638417 99.867680 0.000000 -5.101253 0.000042 
249 -7.649622 0.000000 13.603551 99.828402 0.000000 -5.104682 0.000823 
250 -12.673630 0.000000 13.603551 99.845435 0.000000 -5.115206 0.000472 
251 -7.649622 0.000000 18.210524 99.842387 0.000000 -5.101666 0.000547 
252 -0.113610 0.000000 -2.520856 100.835599 0.000000 -5.311086 -0.019603 
253 -2.625614 0.000000 -2.520856 100.067618 0.000000 -5.339358 -0.004204 
254 -0.113610 0.000000 -4.824342 100.340951 0.000000 -5.025648 -0.009356 
255 12.446410 0.000000 13.603551 99.880297 0.000000 -4.995794 -0.000103 
256 17.470418 0.000000 13.603551 99.890166 0.000000 -5.019355 -0.000324 
257 12.446410 0.000000 18.210524 99.868974 0.000000 -5.049158 0.000069 
258 -0.113610 0.000000 6.693091 99.620234 0.000000 -4.973855 0.005107 
259 -2.625614 0.000000 6.693091 99.701354 0.000000 -5.077814 0.003386 
260 -0.113610 0.000000 8.996577 99.723736 0.000000 -4.998348 0.003019 
261 9.934406 0.000000 6.693091 100.053638 0.000000 -4.714936 -0.003296 
262 12.446410 0.000000 6.693091 100.042742 0.000000 -4.819213 -0.003178 
263 9.934406 0.000000 8.996577 99.912586 0.000000 -4.843806 -0.000599 
264 3.654396 0.000000 3.237861 98.946550 0.000000 -3.550639 0.019697 
265 2.398394 0.000000 3.237861 98.802534 0.000000 -4.194378 0.022047 
266 3.654396 0.000000 4.389604 99.297230 0.000000 -4.159100 0.012276 
267 3.654396 0.000000 -1.369112 102.313683 0.000000 1.667672 -0.047087 
268 2.398394 0.000000 -1.369112 102.381283 0.000000 1.348406 -0.048375 
269 3.654396 0.000000 -2.520856 101.187771 0.000000 -2.467914 -0.024506 
270 8.678404 0.000000 3.237861 100.337839 0.000000 -4.110237 -0.008458 
271 9.934406 0.000000 3.237861 100.449376 0.000000 -4.456813 -0.010994 
272 8.678404 0.000000 4.389604 100.177888 0.000000 -4.334662 -0.005440 
273 5.538399 0.000000 1.510246 100.753713 0.000000 3.146074 -0.016121 
274 4.910398 0.000000 1.510246 98.122983 0.000000 2.490414 0.036568 
275 5.538399 0.000000 2.086117 100.187761 0.000000 -0.531135 -0.003787 
276 8.050403 0.000000 1.510246 100.937038 0.000000 -3.377494 -0.019969 
277 8.678404 0.000000 1.510246 100.754271 0.000000 -3.581525 -0.016425 
278 8.050403 0.000000 2.086117 100.699130 0.000000 -3.625251 -0.015346 
279 9.306405 0.000000 -0.793241 98.168227 0.000000 -6.789942 0.031690 
280 8.678404 0.000000 -0.793241 98.263811 0.000000 -6.419284 0.030302 
281 9.306405 0.000000 -1.369112 98.525060 0.000000 -5.521740 0.026232 
282 8.050403 0.000000 -0.793241 97.872261 0.000000 -5.947408 0.038565 
283 7.422402 0.000000 -0.793241 96.833345 0.000000 -4.970889 0.059859 
284 8.050403 0.000000 -1.369112 98.394528 0.000000 -4.803854 0.029544 
285 13.702412 0.000000 -1.369112 100.316988 0.000000 -7.374122 -0.011788 
286 13.702412 0.000000 -2.520856 99.847572 0.000000 -5.572913 -0.000060 
287 14.958414 0.000000 -1.369112 99.755216 0.000000 -7.287762 -0.000421 
288 11.818409 0.000000 -0.793241 97.079449 0.000000 -14.523959 0.036464 
289 11.818409 0.000000 -1.369112 98.633287 0.000000 -9.324766 0.018452 
290 12.446410 0.000000 -0.793241 101.542944 0.000000 -15.066409 -0.053797 
291 67.710499 0.000000 55.066309 99.869198 0.000000 -5.109388 0.000004 
292 87.806532 0.000000 55.066309 99.869240 0.000000 -5.109601 0.000003 
293 67.710499 0.000000 73.494202 99.869044 0.000000 -5.111089 0.000005 
294 37.566451 0.000000 27.424470 99.870997 0.000000 -5.095916 -0.000018 
295 47.614467 0.000000 27.424470 99.870612 0.000000 -5.097352 -0.000012 
296 37.566451 0.000000 36.638417 99.869989 0.000000 -5.103365 -0.000006 
297 22.494427 0.000000 13.603551 99.885689 0.000000 -5.034371 -0.000250 
298 27.518435 0.000000 13.603551 99.880127 0.000000 -5.041317 -0.000145 
299 22.494427 0.000000 18.210524 99.877981 0.000000 -5.065559 -0.000127 
300 14.958414 0.000000 6.693091 99.992018 0.000000 -4.883711 -0.002225 
301 17.470418 0.000000 6.693091 99.934206 0.000000 -4.886496 -0.001072 
302 14.958414 0.000000 8.996577 99.933767 0.000000 -4.927498 -0.001104 
303 11.190408 0.000000 3.237861 100.463602 0.000000 -4.856568 -0.011652 
304 12.446410 0.000000 3.237861 100.237967 0.000000 -5.147203 -0.007414 
305 11.190408 0.000000 4.389604 100.255431 0.000000 -4.761943 -0.007383 
306 6.794401 0.000000 -0.793241 94.943784 0.000000 -2.825449 0.097769 
307 6.166400 0.000000 -0.793241 92.685059 0.000000 1.776616 0.140632 
308 6.794401 0.000000 -1.369112 97.183532 0.000000 -2.625719 0.054847 
309 5.538399 0.000000 -0.793241 92.667791 0.000000 9.581810 0.132087 
310 4.910398 0.000000 -0.793241 99.256163 0.000000 16.368667 -0.011972 
311 5.538399 0.000000 -1.369112 97.507291 0.000000 2.718349 0.048494 
312 9.306405 0.000000 1.510246 100.877975 0.000000 -3.708232 -0.019012 
313 9.934406 0.000000 1.510246 101.281522 0.000000 -4.026954 -0.027416 
314 9.306405 0.000000 2.086117 100.709042 0.000000 -4.016568 -0.015844 
315 13.702412 0.000000 3.237861 100.007993 0.000000 -5.060955 -0.002721 
316 14.958414 0.000000 3.237861 99.939249 0.000000 -4.940054 -0.001226 
317 13.702412 0.000000 4.389604 100.079316 0.000000 -4.906882 -0.003995 
318 10.562407 0.000000 1.510246 101.912270 0.000000 -4.828185 -0.040942 
319 11.190408 0.000000 1.510246 102.188775 0.000000 -6.383658 -0.048330 
320 10.562407 0.000000 2.086117 101.148988 0.000000 -4.803008 -0.025419 
321 11.818409 0.000000 1.510246 101.204016 0.000000 -7.798841 -0.030307 
322 12.446410 0.000000 1.510246 99.827641 0.000000 -7.788574 -0.002622 
323 11.818409 0.000000 2.086117 100.734930 0.000000 -6.073201 -0.018441 
1 1 12 10 11 
2 12 7 13 10 
3 7 16 15 13 
4 16 2 17 15 
5 10 25 23 24 
6 25 13 26 23 
7 13 32 31 26 
8 32 15 33 31 
9 23 41 39 40 
10 41 26 42 39 
11 26 48 47 42 
12 48 31 49 47 
13 39 57 55 56 
14 57 42 58 55 
15 42 77 76 58 
16 77 47 78 76 
17 55 81 79 80 
18 81 58 82 79 
19 58 93 92 82 
20 93 76 94 92 
21 79 97 95 96 
22 97 82 98 95 
23 89 105 103 104 
24 105 5 106 103 
25 103 106 90 107 
26 6 110 108 109 
27 110 14 36 108 
28 108 36 19 111 
29 109 108 111 20 
30 14 114 112 113 
31 114 27 52 112 
32 112 52 35 115 
33 113 112 115 36 
34 27 118 116 117 
35 118 43 64 116 
36 116 64 51 119 
37 117 116 119 52 
38 43 122 120 121 
39 122 59 72 120 
40 120 72 63 123 
41 121 120 123 64 
42 59 126 124 125 
43 126 73 88 124 
44 124 88 71 127 
45 125 124 127 72 
46 73 130 128 129 
47 130 89 104 128 
48 128 104 87 131 
49 129 128 131 88 
50 19 38 132 133 
51 38 21 134 132 
52 132 134 9 135 
53 133 132 135 22 
54 35 54 136 137 
55 54 37 138 136 
56 136 138 21 139 
57 137 136 139 38 
58 51 66 140 141 
59 66 53 142 140 
60 140 142 37 143 
61 141 140 143 54 
62 63 75 144 145 
63 75 65 146 144 
64 144 146 53 147 
65 145 144 147 66 
66 71 91 148 149 
67 91 74 150 148 
68 148 150 65 151 
69 149 148 151 75 
70 87 107 152 153 
71 107 90 154 152 
72 152 154 74 155 
73 153 152 155 91 
74 104 158 156 157 
75 158 103 159 156 
76 156 159 107 160 
77 157 156 160 87 
78 82 162 161 98 
79 162 92 163 161 
80 5 165 164 106 
81 165 100 166 164 
82 164 166 99 167 
83 106 164 167 90 
84 18 169 168 45 
85 169 8 170 168 
86 168 170 29 171 
87 45 168 171 28 
88 34 173 172 61 
89 173 18 174 172 
90 172 174 45 175 
91 61 172 175 44 
92 50 177 176 69 
93 177 34 178 176 
94 176 178 61 179 
95 69 176 179 60 
96 181 50 182 180 
97 180 182 69 183 
98 100 189 188 166 
99 189 84 190 188 
100 188 190 101 191 
101 166 188 191 99 
102 15 193 192 33 
103 193 17 194 192 
104 192 194 8 169 
105 33 192 169 18 
106 31 196 195 49 
107 196 33 197 195 
108 195 197 18 173 
109 49 195 173 34 
110 47 199 198 78 
111 199 49 200 198 
112 198 200 34 177 
113 78 198 177 50 
114 76 202 201 94 
115 202 78 203 201 
116 201 203 50 181 
117 92 205 204 163 
118 205 94 206 204 
119 84 208 207 190 
120 207 209 184 210 
121 190 207 210 101 
122 163 213 211 212 
123 213 204 214 211 
124 211 214 185 208 
125 212 211 208 84 
126 68 216 215 186 
127 216 181 217 215 
128 215 217 180 218 
129 186 215 218 85 
130 185 220 219 209 
131 220 68 221 219 
132 219 221 186 222 
133 209 219 222 184 
134 208 225 223 224 
135 225 185 226 223 
136 223 226 209 227 
137 224 223 227 207 
138 11 230 228 229 
139 230 10 24 228 
140 228 24 14 110 
141 229 228 110 6 
142 20 111 231 232 
143 111 19 133 231 
144 231 133 22 233 
145 232 231 233 4 
146 24 236 234 235 
147 236 23 40 234 
148 234 40 27 114 
149 235 234 114 14 
150 21 46 237 134 
151 46 28 238 237 
152 237 238 30 239 
153 134 237 239 9 
154 36 115 240 241 
155 115 35 137 240 
156 240 137 38 242 
157 241 240 242 19 
158 40 245 243 244 
159 245 39 56 243 
160 243 56 43 118 
161 244 243 118 27 
162 37 62 246 138 
163 62 44 247 246 
164 246 247 46 248 
165 138 246 248 21 
166 52 119 249 250 
167 119 51 141 249 
168 249 141 54 251 
169 250 249 251 35 
170 56 254 252 253 
171 254 55 80 252 
172 252 80 59 122 
173 253 252 122 43 
174 53 70 255 142 
175 70 60 256 255 
176 255 256 62 257 
177 142 255 257 37 
178 64 123 258 259 
179 123 63 145 258 
180 258 145 66 260 
181 259 258 260 51 
182 65 86 261 146 
183 86 67 262 261 
184 261 262 70 263 
185 146 261 263 53 
186 72 127 264 265 
187 127 71 149 264 
188 264 149 75 266 
189 265 264 266 63 
190 80 269 267 268 
191 269 79 96 267 
192 267 96 73 126 
193 268 267 126 59 
194 74 102 270 150 
195 102 83 271 270 
196 270 271 86 272 
197 150 270 272 65 
198 88 131 273 274 
199 131 87 153 273 
200 273 153 91 275 
201 274 273 275 71 
202 90 167 276 154 
203 167 99 277 276 
204 276 277 102 278 
205 154 276 278 74 
206 161 281 279 280 
207 281 163 212 279 
208 279 212 84 189 
209 280 279 189 100 
210 98 284 282 283 
211 284 161 280 282 
212 282 280 100 165 
213 283 282 165 5 
214 94 286 285 206 
215 286 201 287 285 
216 285 287 181 216 
217 206 285 216 68 
218 204 289 288 214 
219 289 206 290 288 
220 288 290 68 220 
221 214 288 220 185 
222 28 171 291 238 
223 171 29 292 291 
224 291 292 3 293 
225 238 291 293 30 
226 44 175 294 247 
227 175 45 295 294 
228 294 295 28 296 
229 247 294 296 46 
230 60 179 297 256 
231 179 61 298 297 
232 297 298 44 299 
233 256 297 299 62 
234 67 183 300 262 
235 183 69 301 300 
236 300 301 60 302 
237 262 300 302 70 
238 83 187 303 271 
239 187 85 304 303 
240 303 304 67 305 
241 271 303 305 86 
242 95 308 306 307 
243 308 98 283 306 
244 306 283 5 105 
245 307 306 105 89 
246 96 311 309 310 
247 311 95 307 309 
248 309 307 89 130 
249 310 309 130 73 
250 99 191 312 277 
251 191 101 313 312 
252 312 313 83 314 
253 277 312 314 102 
254 85 218 315 304 
255 218 180 316 315 
256 315 316 183 317 
257 304 315 317 67 
258 101 210 318 313 
259 210 184 319 318 
260 318 319 187 320 
261 313 318 320 83 
262 184 222 321 319 
263 222 186 322 321 
264 321 322 85 323 
265 319 321 323 187 
