2 0.000000 100.000000 410.334720
323 265 
1 -72.961727 0.000000 -73.928940 93.427878 0.000000 35.620140 0.000244 
2 87.806532 0.000000 -73.928940 93.442644 0.000000 35.528162 0.000622 
3 87.806532 0.000000 73.494202 93.609127 0.000000 35.213723 -0.000267 
4 -72.961727 0.000000 73.494202 93.472914 0.000000 35.615980 -0.000568 
5 7.422402 0.000000 -0.217369 86.566138 0.000000 20.754914 0.207554 
6 -72.961727 0.000000 -0.217369 93.453193 0.000000 35.641429 -0.000381 
7 7.422402 0.000000 -73.928940 93.388213 0.000000 35.562404 0.001396 
8 87.806532 0.000000 -0.217369 93.775079 0.000000 34.675495 0.000384 
9 7.422402 0.000000 73.494202 93.554661 0.000000 35.517550 -0.001397 
10 -32.769663 0.000000 -37.073155 93.379081 0.000000 35.644583 0.000981 
11 -72.961727 0.000000 -37.073155 93.431963 0.000000 35.632876 0.000077 
12 -32.769663 0.000000 -73.928940 93.406025 0.000000 35.609466 0.000728 
13 7.422402 0.000000 -37.073155 93.223052 0.000000 35.426278 0.005444 
14 -32.769663 0.000000 -0.217369 93.474945 0.000000 35.730103 -0.001421 
15 47.614467 0.000000 -37.073155 93.429703 0.000000 35.277073 0.002642 
16 47.614467 0.000000 -73.928940 93.415690 0.000000 35.522245 0.001168 
17 87.806532 0.000000 -37.073155 93.484100 0.000000 35.399009 0.000763 
18 47.614467 0.000000 -0.217369 94.416420 0.000000 32.764343 0.001204 
19 -32.769663 0.000000 36.638417 93.554561 0.000000 35.631097 -0.002203 
20 -72.961727 0.000000 36.638417 93.472591 0.000000 35.629961 -0.000662 
21 7.422402 0.000000 36.638417 93.848440 0.000000 35.283460 -0.005245 
22 -32.769663 0.000000 73.494202 93.507803 0.000000 35.596726 -0.001084 
23 -12.673630 0.000000 -18.645262 93.192651 0.000000 35.727130 0.003870 
24 -32.769663 0.000000 -18.645262 93.393724 0.000000 35.694011 0.000355 
25 -12.673630 0.000000 -37.073155 93.292590 0.000000 35.604535 0.002881 
26 7.422402 0.000000 -18.645262 92.666196 0.000000 35.003568 0.018773 
27 -12.673630 0.000000 -0.217369 93.537890 0.000000 36.063554 -0.004992 
28 47.614467 0.000000 36.638417 93.968358 0.000000 34.377092 -0.001184 
29 87.806532 0.000000 36.638417 93.085593 0.000000 36.565781 -0.000198 
30 47.614467 0.000000 73.494202 93.568754 0.000000 35.390352 -0.000759 
31 27.518435 0.000000 -18.645262 93.351313 0.000000 34.383921 0.010328 
32 27.518435 0.000000 -37.073155 93.322132 0.000000 35.264616 0.004739 
33 47.614467 0.000000 -18.645262 93.579884 0.000000 34.781394 0.003306 
34 27.518435 0.000000 -0.217369 94.230413 0.000000 32.259995 0.007992 
35 -12.673630 0.000000 18.210524 93.844749 0.000000 35.686956 -0.008040 
36 -32.769663 0.000000 18.210524 93.551324 0.000000 35.685294 -0.002529 
37 7.422402 0.000000 18.210524 94.748013 0.000000 34.611148 -0.017512 
38 -12.673630 0.000000 36.638417 93.686265 0.000000 35.564146 -0.004192 
39 -2.625614 0.000000 -9.431316 92.487907 0.000000 35.920154 0.015573 
40 -12.673630 0.000000 -9.431316 93.231474 0.000000 35.910758 0.001831 
41 -2.625614 0.000000 -18.645262 92.901050 0.000000 35.570530 0.010413 
42 7.422402 0.000000 -9.431316 91.229005 0.000000 34.088296 0.051526 
43 -2.625614 0.000000 -0.217369 93.698957 0.000000 37.803256 -0.020858 
44 27.518435 0.000000 18.210524 94.631154 0.000000 32.949008 -0.004069 
45 47.614467 0.000000 18.210524 91.528295 0.000000 40.660957 -0.003074 
46 27.518435 0.000000 36.638417 93.883612 0.000000 34.864274 -0.002965 
47 17.470418 0.000000 -9.431316 92.704114 0.000000 32.349913 0.035943 
48 17.470418 0.000000 -18.645262 92.953170 0.000000 34.420907 0.017491 
49 27.518435 0.000000 -9.431316 93.716585 0.000000 32.963411 0.013062 
50 17.470418 0.000000 -0.217369 90.749989 0.000000 40.565072 0.011891 
51 -2.625614 0.000000 8.996577 94.853021 0.000000 35.821378 -0.028027 
52 -12.673630 0.000000 8.996577 93.836104 0.000000 35.889298 -0.009326 
53 7.422402 0.000000 8.996577 96.840550 0.000000 33.269359 -0.048494 
54 -2.625614 0.000000 18.210524 94.273745 0.000000 35.452936 -0.014445 
55 2.398394 0.000000 -4.824342 90.311304 0.000000 35.353971 0.059397 
56 -2.625614 0.000000 -4.824342 92.322072 0.000000 36.622401 0.013543 
57 2.398394 0.000000 -9.431316 91.738158 0.000000 35.327346 0.033609 
58 7.422402 0.000000 -4.824342 88.810602 0.000000 32.754037 0.103985 
59 2.398394 0.000000 -0.217369 95.961400 0.000000 36.637609 -0.055090 
60 17.470418 0.000000 8.996577 90.974054 0.000000 35.726321 0.044735 
61 27.518435 0.000000 8.996577 87.181291 0.000000 51.861023 -0.029014 
62 17.470418 0.000000 18.210524 94.721389 0.000000 33.596669 -0.010088 
63 2.398394 0.000000 4.389604 97.778672 0.000000 35.385857 -0.081283 
64 -2.625614 0.000000 4.389604 95.069926 0.000000 36.598800 -0.037776 
65 7.422402 0.000000 4.389604 99.692186 0.000000 32.491191 -0.099421 
66 2.398394 0.000000 8.996577 95.953529 0.000000 35.016858 -0.043326 
67 12.446410 0.000000 4.389604 82.160003 0.000000 54.245763 0.030713 
68 12.446410 0.000000 -0.217369 56.678001 0.000000 -18.075396 0.646088 
69 17.470418 0.000000 4.389604 89.607717 0.000000 39.807927 0.038579 
70 12.446410 0.000000 8.996577 96.325974 0.000000 31.564423 -0.027501 
71 4.910398 0.000000 2.086117 98.064655 0.000000 40.077597 -0.122289 
72 2.398394 0.000000 2.086117 99.354963 0.000000 36.022441 -0.116902 
73 4.910398 0.000000 -0.217369 84.277134 0.000000 47.098465 0.067910 
74 7.422402 0.000000 2.086117 92.788632 0.000000 52.680053 -0.138492 
75 4.910398 0.000000 4.389604 98.901562 0.000000 34.108953 -0.094494 
76 12.446410 0.000000 -4.824342 90.619318 0.000000 29.925652 0.089259 
77 12.446410 0.000000 -9.431316 91.684790 0.000000 32.754977 0.052101 
78 17.470418 0.000000 -4.824342 92.948039 0.000000 30.651358 0.042116 
79 4.910398 0.000000 -2.520856 88.852297 0.000000 33.489854 0.098370 
80 2.398394 0.000000 -2.520856 88.415708 0.000000 33.995664 0.102696 
81 4.910398 0.000000 -4.824342 89.609127 0.000000 34.306455 0.079327 
82 7.422402 0.000000 -2.520856 86.684760 0.000000 31.419497 0.149857 
83 9.934406 0.000000 2.086117 95.555935 0.000000 38.847296 -0.064005 
84 9.934406 0.000000 -0.217369 92.595081 0.000000 -2.226076 0.142120 
85 12.446410 0.000000 2.086117 90.962411 0.000000 23.018104 0.119601 
86 9.934406 0.000000 4.389604 96.616531 0.000000 34.899038 -0.055270 
87 6.166400 0.000000 0.934374 106.327451 0.000000 38.200880 -0.276483 
88 4.910398 0.000000 0.934374 85.180817 0.000000 68.803821 -0.198974 
89 6.166400 0.000000 -0.217369 79.111212 0.000000 25.069017 0.311296 
90 7.422402 0.000000 0.934374 94.309835 0.000000 -2.259969 0.110055 
91 6.166400 0.000000 2.086117 96.401889 0.000000 47.728907 -0.157137 
92 9.934406 0.000000 -2.520856 87.517480 0.000000 29.077002 0.149522 
93 9.934406 0.000000 -4.824342 89.057239 0.000000 30.880833 0.111518 
94 12.446410 0.000000 -2.520856 91.732720 0.000000 29.073504 0.073984 
95 6.166400 0.000000 -1.369112 85.725295 0.000000 32.202885 0.161415 
96 4.910398 0.000000 -1.369112 90.339652 0.000000 33.323095 0.072832 
97 6.166400 0.000000 -2.520856 87.380216 0.000000 32.800192 0.128885 
98 7.422402 0.000000 -1.369112 85.762459 0.000000 30.245112 0.173003 
99 8.678404 0.000000 0.934374 94.079583 0.000000 -2.480940 0.114288 
100 8.678404 0.000000 -0.217369 94.079583 0.000000 -2.480940 0.114288 
101 9.934406 0.000000 0.934374 97.945583 0.000000 13.437153 0.022611 
102 8.678404 0.000000 2.086117 91.316451 0.000000 55.416330 -0.140966 
103 6.794401 0.000000 0.358503 94.708130 0.000000 -1.880685 0.102683 
104 6.166400 0.000000 0.358503 96.989319 0.000000 10.030582 0.049246 
105 6.794401 0.000000 -0.217369 83.750324 0.000000 20.900322 0.254906 
106 7.422402 0.000000 0.358503 94.382968 0.000000 -2.268225 0.108671 
107 6.794401 0.000000 0.934374 102.708440 0.000000 23.283564 -0.109115 
108 -52.865695 0.000000 18.210524 93.486428 0.000000 35.654556 -0.001096 
109 -72.961727 0.000000 18.210524 93.465282 0.000000 35.637627 -0.000580 
110 -52.865695 0.000000 -0.217369 93.459364 0.000000 35.665262 -0.000666 
111 -52.865695 0.000000 36.638417 93.497202 0.000000 35.635254 -0.001160 
112 -22.721646 0.000000 8.996577 93.599168 0.000000 35.778751 -0.004092 
113 -32.769663 0.000000 8.996577 93.522548 0.000000 35.715629 -0.002207 
114 -22.721646 0.000000 -0.217369 93.493819 0.000000 35.818768 -0.002408 
115 -22.721646 0.000000 18.210524 93.641128 0.000000 35.704833 -0.004350 
116 -7.649622 0.000000 4.389604 94.027448 0.000000 36.243350 -0.015474 
117 -12.673630 0.000000 4.389604 93.726495 0.000000 36.007747 -0.008121 
118 -7.649622 0.000000 -0.217369 93.587419 0.000000 36.427761 -0.008559 
119 -7.649622 0.000000 8.996577 94.164346 0.000000 35.945144 -0.015898 
120 -0.113610 0.000000 2.086117 96.814672 0.000000 37.982772 -0.081577 
121 -2.625614 0.000000 2.086117 94.769262 0.000000 37.352204 -0.037640 
122 -0.113610 0.000000 -0.217369 95.563427 0.000000 40.759959 -0.079374 
123 -0.113610 0.000000 4.389604 96.344051 0.000000 36.403531 -0.060739 
124 3.654396 0.000000 0.934374 90.310127 0.000000 46.563131 -0.032404 
125 2.398394 0.000000 0.934374 100.456858 0.000000 38.060203 -0.154016 
126 3.654396 0.000000 -0.217369 91.457057 0.000000 8.464391 0.156396 
127 3.654396 0.000000 2.086117 98.282582 0.000000 36.368785 -0.098215 
128 5.538399 0.000000 0.358503 89.950029 0.000000 41.993501 0.014554 
129 4.910398 0.000000 0.358503 86.808363 0.000000 55.260648 -0.058943 
130 5.538399 0.000000 -0.217369 85.152947 0.000000 50.044539 0.024452 
131 5.538399 0.000000 0.934374 96.637641 0.000000 61.685964 -0.314399 
132 -12.673630 0.000000 55.066309 93.585128 0.000000 35.556986 -0.002248 
133 -32.769663 0.000000 55.066309 93.530896 0.000000 35.605418 -0.001577 
134 7.422402 0.000000 55.066309 93.635981 0.000000 35.451480 -0.002450 
135 -12.673630 0.000000 73.494202 93.532720 0.000000 35.566892 -0.001337 
136 -2.625614 0.000000 27.424470 93.947759 0.000000 35.427905 -0.008132 
137 -12.673630 0.000000 27.424470 93.764024 0.000000 35.595872 -0.005876 
138 7.422402 0.000000 27.424470 94.107675 0.000000 35.084441 -0.008717 
139 -2.625614 0.000000 36.638417 93.776568 0.000000 35.458246 -0.005133 
140 2.398394 0.000000 13.603551 95.050357 0.000000 35.020685 -0.026102 
141 -2.625614 0.000000 13.603551 94.530154 0.000000 35.549225 -0.019970 
142 7.422402 0.000000 13.603551 95.426189 0.000000 34.156130 -0.027280 
143 2.398394 0.000000 18.210524 94.539064 0.000000 35.120753 -0.017110 
144 4.910398 0.000000 6.693091 97.518335 0.000000 34.052469 -0.066940 
145 2.398394 0.000000 6.693091 96.659786 0.000000 35.108311 -0.057571 
146 7.422402 0.000000 6.693091 98.089805 0.000000 32.633550 -0.068656 
147 4.910398 0.000000 8.996577 96.478865 0.000000 34.250288 -0.048125 
148 6.166400 0.000000 3.237861 100.107999 0.000000 34.782467 -0.123143 
149 4.910398 0.000000 3.237861 99.456416 0.000000 34.903724 -0.110985 
150 7.422402 0.000000 3.237861 99.047596 0.000000 36.072891 -0.111168 
151 6.166400 0.000000 4.389604 99.477949 0.000000 33.311119 -0.100549 
152 6.794401 0.000000 1.510246 93.691365 0.000000 58.224257 -0.216814 
153 6.166400 0.000000 1.510246 94.293831 0.000000 59.819256 -0.246967 
154 7.422402 0.000000 1.510246 92.883879 0.000000 53.491773 -0.148878 
155 6.794401 0.000000 2.086117 93.549262 0.000000 52.805821 -0.153992 
156 6.480401 0.000000 0.646438 95.853692 0.000000 -0.136754 0.081205 
157 6.166400 0.000000 0.646438 97.251089 0.000000 8.266903 0.047388 
158 6.480401 0.000000 0.358503 95.903844 0.000000 -0.391332 0.080230 
159 6.794401 0.000000 0.646438 94.821813 0.000000 -1.812119 0.100554 
160 6.480401 0.000000 0.934374 105.008206 0.000000 28.654189 -0.184779 
161 8.678404 0.000000 -1.369112 86.566271 0.000000 30.261926 0.159050 
162 8.678404 0.000000 -2.520856 86.901453 0.000000 30.116440 0.154114 
163 9.934406 0.000000 -1.369112 87.189990 0.000000 30.630221 0.145970 
164 8.050403 0.000000 0.358503 94.218558 0.000000 -2.431226 0.111695 
165 8.050403 0.000000 -0.217369 94.163731 0.000000 -2.430752 0.112728 
166 8.678404 0.000000 0.358503 94.066150 0.000000 -2.474370 0.114544 
167 8.050403 0.000000 0.934374 94.163731 0.000000 -2.430752 0.112728 
168 67.710499 0.000000 18.210524 91.102640 0.000000 41.723083 -0.004051 
169 67.710499 0.000000 -0.217369 93.989533 0.000000 34.051513 0.000646 
170 87.806532 0.000000 18.210524 94.737765 0.000000 32.190883 -0.001150 
171 67.710499 0.000000 36.638417 94.253167 0.000000 33.529036 -0.000786 
172 37.566451 0.000000 8.996577 93.622513 0.000000 34.972075 0.001178 
173 37.566451 0.000000 -0.217369 94.660655 0.000000 31.845303 0.002524 
174 47.614467 0.000000 8.996577 93.431078 0.000000 35.513925 0.000939 
175 37.566451 0.000000 18.210524 93.981572 0.000000 34.321399 -0.001049 
176 22.494427 0.000000 4.389604 92.493765 0.000000 35.530757 0.018247 
177 22.494427 0.000000 -0.217369 93.489548 0.000000 34.432343 0.007412 
178 27.518435 0.000000 4.389604 91.789837 0.000000 39.331110 0.002769 
179 22.494427 0.000000 8.996577 91.627676 0.000000 39.526485 0.004203 
180 14.958414 0.000000 2.086117 81.462831 0.000000 63.554978 -0.067543 
181 14.958414 0.000000 -0.217369 86.691441 0.000000 50.236791 -0.003914 
182 17.470418 0.000000 2.086117 81.599794 0.000000 48.587868 0.098069 
183 14.958414 0.000000 4.389604 92.248725 0.000000 37.451317 0.008757 
184 11.190408 0.000000 0.934374 92.268593 0.000000 14.896358 0.126461 
185 11.190408 0.000000 -0.217369 78.829096 0.000000 19.006534 0.342473 
186 12.446410 0.000000 0.934374 70.061575 0.000000 37.238402 0.370468 
187 11.190408 0.000000 2.086117 95.142110 0.000000 31.213145 -0.002628 
188 9.306405 0.000000 0.358503 93.586313 0.000000 -2.418379 0.123575 
189 9.306405 0.000000 -0.217369 93.574982 0.000000 -2.419108 0.123787 
190 9.934406 0.000000 0.358503 92.618071 0.000000 -2.226275 0.141694 
191 9.306405 0.000000 0.934374 93.574982 0.000000 -2.419108 0.123787 
192 67.710499 0.000000 -18.645262 93.582569 0.000000 35.054323 0.001350 
193 67.710499 0.000000 -37.073155 93.473433 0.000000 35.342579 0.001362 
194 87.806532 0.000000 -18.645262 93.557014 0.000000 35.217338 0.000682 
195 37.566451 0.000000 -9.431316 93.878710 0.000000 33.659393 0.005383 
196 37.566451 0.000000 -18.645262 93.535151 0.000000 34.594393 0.005440 
197 47.614467 0.000000 -9.431316 93.838095 0.000000 34.161762 0.002739 
198 22.494427 0.000000 -4.824342 93.856335 0.000000 31.222667 0.021613 
199 22.494427 0.000000 -9.431316 93.391557 0.000000 32.579924 0.021657 
200 27.518435 0.000000 -4.824342 94.178893 0.000000 31.804792 0.011879 
201 14.958414 0.000000 -2.520856 92.537007 0.000000 31.872223 0.042106 
202 14.958414 0.000000 -4.824342 92.097795 0.000000 30.253708 0.060271 
203 17.470418 0.000000 -2.520856 93.011386 0.000000 31.686100 0.034487 
204 11.190408 0.000000 -1.369112 88.252928 0.000000 28.686141 0.138853 
205 11.190408 0.000000 -2.520856 89.203140 0.000000 28.397243 0.123640 
206 12.446410 0.000000 -1.369112 95.279619 0.000000 28.424026 0.011387 
207 10.562407 0.000000 0.358503 89.885716 0.000000 -1.593591 0.191802 
208 10.562407 0.000000 -0.217369 85.179023 0.000000 24.767306 0.213111 
209 11.190408 0.000000 0.358503 81.577315 0.000000 -6.471140 0.330327 
210 10.562407 0.000000 0.934374 96.386744 0.000000 14.263128 0.050616 
211 10.562407 0.000000 -0.793241 86.535384 0.000000 31.382105 0.152679 
212 9.934406 0.000000 -0.793241 87.330326 0.000000 32.048832 0.134629 
213 10.562407 0.000000 -1.369112 87.456542 0.000000 30.157911 0.144185 
214 11.190408 0.000000 -0.793241 85.674343 0.000000 28.432610 0.185149 
215 13.702412 0.000000 0.934374 64.106060 0.000000 73.473661 0.049203 
216 13.702412 0.000000 -0.217369 80.524862 0.000000 72.197491 -0.169673 
217 14.958414 0.000000 0.934374 76.395987 0.000000 69.422845 -0.065588 
218 13.702412 0.000000 2.086117 86.132382 0.000000 41.770763 0.083642 
219 11.818409 0.000000 0.358503 61.681803 0.000000 -20.767791 0.576405 
220 11.818409 0.000000 -0.217369 55.283306 0.000000 -21.905208 0.646392 
221 12.446410 0.000000 0.358503 44.632041 0.000000 26.329873 0.731472 
222 11.818409 0.000000 0.934374 81.550617 0.000000 20.981454 0.290928 
223 10.876408 0.000000 0.070567 87.737175 0.000000 -1.739615 0.229916 
224 10.562407 0.000000 0.070567 89.973894 0.000000 -1.624735 0.190206 
225 10.876408 0.000000 -0.217369 82.322400 0.000000 23.266457 0.268169 
226 11.190408 0.000000 0.070567 79.536938 0.000000 -8.510782 0.360144 
227 10.876408 0.000000 0.358503 87.512415 0.000000 -1.293850 0.233990 
228 -52.865695 0.000000 -18.645262 93.430989 0.000000 35.657863 -0.000083 
229 -72.961727 0.000000 -18.645262 93.440609 0.000000 35.639234 -0.000130 
230 -52.865695 0.000000 -37.073155 93.416847 0.000000 35.640977 0.000301 
231 -52.865695 0.000000 55.066309 93.494378 0.000000 35.619392 -0.000994 
232 -72.961727 0.000000 55.066309 93.474502 0.000000 35.622064 -0.000641 
233 -52.865695 0.000000 73.494202 93.487158 0.000000 35.610678 -0.000797 
234 -22.721646 0.000000 -9.431316 93.386354 0.000000 35.785572 -0.000162 
235 -32.769663 0.000000 -9.431316 93.426231 0.000000 35.720225 -0.000439 
236 -22.721646 0.000000 -18.645262 93.333677 0.000000 35.723527 0.001265 
237 27.518435 0.000000 55.066309 93.654951 0.000000 35.311096 -0.001812 
238 47.614467 0.000000 55.066309 93.668463 0.000000 35.159048 -0.000994 
239 27.518435 0.000000 73.494202 93.563624 0.000000 35.455987 -0.001128 
240 -22.721646 0.000000 27.424470 93.634889 0.000000 35.648399 -0.003830 
241 -32.769663 0.000000 27.424470 93.559710 0.000000 35.654434 -0.002466 
242 -22.721646 0.000000 36.638417 93.607937 0.000000 35.612266 -0.003068 
243 -7.649622 0.000000 -4.824342 93.147694 0.000000 36.258484 0.000883 
244 -12.673630 0.000000 -4.824342 93.347841 0.000000 36.016563 -0.001101 
245 -7.649622 0.000000 -9.431316 92.996139 0.000000 35.983551 0.005690 
246 17.470418 0.000000 27.424470 94.148356 0.000000 34.647059 -0.006433 
247 27.518435 0.000000 27.424470 94.147713 0.000000 34.241680 -0.003628 
248 17.470418 0.000000 36.638417 93.874010 0.000000 35.073981 -0.004251 
249 -7.649622 0.000000 13.603551 94.122239 0.000000 35.740050 -0.013635 
250 -12.673630 0.000000 13.603551 93.864109 0.000000 35.773966 -0.009025 
251 -7.649622 0.000000 18.210524 94.024207 0.000000 35.615990 -0.010905 
252 -0.113610 0.000000 -2.520856 90.416083 0.000000 37.677318 0.040535 
253 -2.625614 0.000000 -2.520856 92.595224 0.000000 37.362736 0.003015 
254 -0.113610 0.000000 -4.824342 91.275727 0.000000 36.403304 0.034354 
255 12.446410 0.000000 13.603551 95.416739 0.000000 33.172718 -0.020478 
256 17.470418 0.000000 13.603551 95.073153 0.000000 32.620926 -0.010303 
257 12.446410 0.000000 18.210524 94.787149 0.000000 34.075497 -0.014574 
258 -0.113610 0.000000 6.693091 95.793095 0.000000 35.815548 -0.045907 
259 -2.625614 0.000000 6.693091 95.017577 0.000000 36.111539 -0.033238 
260 -0.113610 0.000000 8.996577 95.387322 0.000000 35.526460 -0.036087 
261 9.934406 0.000000 6.693091 97.840197 0.000000 31.288782 -0.055169 
262 12.446410 0.000000 6.693091 96.087742 0.000000 31.645492 -0.023429 
263 9.934406 0.000000 8.996577 96.818607 0.000000 32.244858 -0.041357 
264 3.654396 0.000000 3.237861 98.850889 0.000000 35.099683 -0.100349 
265 2.398394 0.000000 3.237861 98.457611 0.000000 35.639898 -0.096410 
266 3.654396 0.000000 4.389604 98.302355 0.000000 34.717953 -0.086869 
267 3.654396 0.000000 -1.369112 90.392676 0.000000 27.244313 0.108691 
268 2.398394 0.000000 -1.369112 86.258187 0.000000 27.410752 0.180818 
269 3.654396 0.000000 -2.520856 89.184619 0.000000 33.159951 0.094652 
270 8.678404 0.000000 3.237861 93.833165 0.000000 44.231173 -0.076106 
271 9.934406 0.000000 3.237861 88.637390 0.000000 51.024057 -0.046004 
272 8.678404 0.000000 4.389604 99.028305 0.000000 32.433197 -0.085852 
273 5.538399 0.000000 1.510246 92.741006 0.000000 59.709834 -0.216616 
274 4.910398 0.000000 1.510246 93.012701 0.000000 51.837492 -0.133849 
275 5.538399 0.000000 2.086117 97.933660 0.000000 43.285255 -0.146461 
276 8.050403 0.000000 1.510246 96.149634 0.000000 38.243079 -0.070729 
277 8.678404 0.000000 1.510246 98.755838 0.000000 30.347832 -0.067371 
278 8.050403 0.000000 2.086117 94.333480 0.000000 48.757886 -0.127614 
279 9.306405 0.000000 -0.793241 87.489126 0.000000 31.344480 0.136318 
280 8.678404 0.000000 -0.793241 87.230909 0.000000 30.353016 0.146946 
281 9.306405 0.000000 -1.369112 86.917546 0.000000 30.527560 0.151341 
282 8.050403 0.000000 -0.793241 86.694521 0.000000 29.279561 0.162677 
283 7.422402 0.000000 -0.793241 85.814676 0.000000 28.619813 0.181675 
284 8.050403 0.000000 -1.369112 86.191120 0.000000 30.056219 0.166771 
285 13.702412 0.000000 -1.369112 95.192702 0.000000 38.598478 -0.055149 
286 13.702412 0.000000 -2.520856 92.760154 0.000000 31.106916 0.042791 
287 14.958414 0.000000 -1.369112 91.785983 0.000000 37.402319 0.017640 
288 11.818409 0.000000 -0.793241 88.256899 0.000000 22.553897 0.170204 
289 11.818409 0.000000 -1.369112 90.780288 0.000000 27.345383 0.101117 
290 12.446410 0.000000 -0.793241 99.710536 0.000000 20.632700 -0.036790 
291 67.710499 0.000000 55.066309 93.717115 0.000000 34.957637 -0.000493 
292 87.806532 0.000000 55.066309 93.834370 0.000000 34.615148 -0.000310 
293 67.710499 0.000000 73.494202 93.580889 0.000000 35.315411 -0.000456 
294 37.566451 0.000000 27.424470 94.222271 0.000000 33.799215 -0.002022 
295 47.614467 0.000000 27.424470 94.380854 0.000000 33.264606 -0.001428 
296 37.566451 0.000000 36.638417 93.911301 0.000000 34.642415 -0.001943 
297 22.494427 0.000000 13.603551 94.682408 0.000000 32.922030 -0.004862 
298 27.518435 0.000000 13.603551 93.131043 0.000000 36.685692 -0.001923 
299 22.494427 0.000000 18.210524 94.655666 0.000000 33.229446 -0.006389 
300 14.958414 0.000000 6.693091 90.477567 0.000000 39.722891 0.023590 
301 17.470418 0.000000 6.693091 87.516657 0.000000 43.791583 0.042313 
302 14.958414 0.000000 8.996577 95.296204 0.000000 31.709580 -0.008686 
303 11.190408 0.000000 3.237861 90.849204 0.000000 40.918718 0.007208 
304 12.446410 0.000000 3.237861 89.677911 0.000000 39.362440 0.040847 
305 11.190408 0.000000 4.389604 89.624640 0.000000 45.457556 -0.009897 
306 6.794401 0.000000 -0.793241 84.582728 0.000000 28.889713 0.201115 
307 6.166400 0.000000 -0.793241 83.767836 0.000000 31.172306 0.201124 
308 6.794401 0.000000 -1.369112 85.416834 0.000000 30.842663 0.175269 
309 5.538399 0.000000 -0.793241 85.694088 0.000000 35.083037 0.142570 
310 4.910398 0.000000 -0.793241 93.297559 0.000000 35.910125 0.000603 
311 5.538399 0.000000 -1.369112 87.348613 0.000000 33.734839 0.123218 
312 9.306405 0.000000 1.510246 96.587237 0.000000 36.418000 -0.065537 
313 9.934406 0.000000 1.510246 94.696573 0.000000 38.461978 -0.044676 
314 9.306405 0.000000 2.086117 88.134293 0.000000 63.152577 -0.175590 
315 13.702412 0.000000 3.237861 92.866668 0.000000 34.353220 0.019564 
316 14.958414 0.000000 3.237861 91.608385 0.000000 36.699993 0.026101 
317 13.702412 0.000000 4.389604 88.672532 0.000000 43.138435 0.027626 
318 10.562407 0.000000 1.510246 96.515055 0.000000 25.353137 0.004206 
319 11.190408 0.000000 1.510246 94.060401 0.000000 24.348340 0.055980 
320 10.562407 0.000000 2.086117 96.533845 0.000000 31.971686 -0.034097 
321 11.818409 0.000000 1.510246 88.853628 0.000000 27.461606 0.135089 
322 12.446410 0.000000 1.510246 83.243729 0.000000 34.324525 0.189231 
323 11.818409 0.000000 2.086117 93.919717 0.000000 47.623018 -0.108887 
1 1 12 10 11 
2 12 7 13 10 
3 7 16 15 13 
4 16 2 17 15 
5 10 25 23 24 
6 25 13 26 23 
7 13 32 31 26 
8 32 15 33 31 
9 23 41 39 40 
10 41 26 42 39 
11 26 48 47 42 
12 48 31 49 47 
13 39 57 55 56 
14 57 42 58 55 
15 42 77 76 58 
16 77 47 78 76 
17 55 81 79 80 
18 81 58 82 79 
19 58 93 92 82 
20 93 76 94 92 
21 79 97 95 96 
22 97 82 98 95 
23 89 105 103 104 
24 105 5 106 103 
25 103 106 90 107 
26 6 110 108 109 
27 110 14 36 108 
28 108 36 19 111 
29 109 108 111 20 
30 14 114 112 113 
31 114 27 52 112 
32 112 52 35 115 
33 113 112 115 36 
34 27 118 116 117 
35 118 43 64 116 
36 116 64 51 119 
37 117 116 119 52 
38 43 122 120 121 
39 122 59 72 120 
40 120 72 63 123 
41 121 120 123 64 
42 59 126 124 125 
43 126 73 88 124 
44 124 88 71 127 
45 125 124 127 72 
46 73 130 128 129 
47 130 89 104 128 
48 128 104 87 131 
49 129 128 131 88 
50 19 38 132 133 
51 38 21 134 132 
52 132 134 9 135 
53 133 132 135 22 
54 35 54 136 137 
55 54 37 138 136 
56 136 138 21 139 
57 137 136 139 38 
58 51 66 140 141 
59 66 53 142 140 
60 140 142 37 143 
61 141 140 143 54 
62 63 75 144 145 
63 75 65 146 144 
64 144 146 53 147 
65 145 144 147 66 
66 71 91 148 149 
67 91 74 150 148 
68 148 150 65 151 
69 149 148 151 75 
70 87 107 152 153 
71 107 90 154 152 
72 152 154 74 155 
73 153 152 155 91 
74 104 158 156 157 
75 158 103 159 156 
76 156 159 107 160 
77 157 156 160 87 
78 82 162 161 98 
79 162 92 163 161 
80 5 165 164 106 
81 165 100 166 164 
82 164 166 99 167 
83 106 164 167 90 
84 18 169 168 45 
85 169 8 170 168 
86 168 170 29 171 
87 45 168 171 28 
88 34 173 172 61 
89 173 18 174 172 
90 172 174 45 175 
91 61 172 175 44 
92 50 177 176 69 
93 177 34 178 176 
94 176 178 61 179 
95 69 176 179 60 
96 181 50 182 180 
97 180 182 69 183 
98 100 189 188 166 
99 189 84 190 188 
100 188 190 101 191 
101 166 188 191 99 
102 15 193 192 33 
103 193 17 194 192 
104 192 194 8 169 
105 33 192 169 18 
106 31 196 195 49 
107 196 33 197 195 
108 195 197 18 173 
109 49 195 173 34 
110 47 199 198 78 
111 199 49 200 198 
112 198 200 34 177 
113 78 198 177 50 
114 76 202 201 94 
115 202 78 203 201 
116 201 203 50 181 
117 92 205 204 163 
118 205 94 206 204 
119 84 208 207 190 
120 207 209 184 210 
121 190 207 210 101 
122 163 213 211 212 
123 213 204 214 211 
124 211 214 185 208 
125 212 211 208 84 
126 68 216 215 186 
127 216 181 217 215 
128 215 217 180 218 
129 186 215 218 85 
130 185 220 219 209 
131 220 68 221 219 
132 219 221 186 222 
133 209 219 222 184 
134 208 225 223 224 
135 225 185 226 223 
136 223 226 209 227 
137 224 223 227 207 
138 11 230 228 229 
139 230 10 24 228 
140 228 24 14 110 
141 229 228 110 6 
142 20 111 231 232 
143 111 19 133 231 
144 231 133 22 233 
145 232 231 233 4 
146 24 236 234 235 
147 236 23 40 234 
148 234 40 27 114 
149 235 234 114 14 
150 21 46 237 134 
151 46 28 238 237 
152 237 238 30 239 
153 134 237 239 9 
154 36 115 240 241 
155 115 35 137 240 
156 240 137 38 242 
157 241 240 242 19 
158 40 245 243 244 
159 245 39 56 243 
160 243 56 43 118 
161 244 243 118 27 
162 37 62 246 138 
163 62 44 247 246 
164 246 247 46 248 
165 138 246 248 21 
166 52 119 249 250 
167 119 51 141 249 
168 249 141 54 251 
169 250 249 251 35 
170 56 254 252 253 
171 254 55 80 252 
172 252 80 59 122 
173 253 252 122 43 
174 53 70 255 142 
175 70 60 256 255 
176 255 256 62 257 
177 142 255 257 37 
178 64 123 258 259 
179 123 63 145 258 
180 258 145 66 260 
181 259 258 260 51 
182 65 86 261 146 
183 86 67 262 261 
184 261 262 70 263 
185 146 261 263 53 
186 72 127 264 265 
187 127 71 149 264 
188 264 149 75 266 
189 265 264 266 63 
190 80 269 267 268 
191 269 79 96 267 
192 267 96 73 126 
193 268 267 126 59 
194 74 102 270 150 
195 102 83 271 270 
196 270 271 86 272 
197 150 270 272 65 
198 88 131 273 274 
199 131 87 153 273 
200 273 153 91 275 
201 274 273 275 71 
202 90 167 276 154 
203 167 99 277 276 
204 276 277 102 278 
205 154 276 278 74 
206 161 281 279 280 
207 281 163 212 279 
208 279 212 84 189 
209 280 279 189 100 
210 98 284 282 283 
211 284 161 280 282 
212 282 280 100 165 
213 283 282 165 5 
214 94 286 285 206 
215 286 201 287 285 
216 285 287 181 216 
217 206 285 216 68 
218 204 289 288 214 
219 289 206 290 288 
220 288 290 68 220 
221 214 288 220 185 
222 28 171 291 238 
223 171 29 292 291 
224 291 292 3 293 
225 238 291 293 30 
226 44 175 294 247 
227 175 45 295 294 
228 294 295 28 296 
229 247 294 296 46 
230 60 179 297 256 
231 179 61 298 297 
232 297 298 44 299 
233 256 297 299 62 
234 67 183 300 262 
235 183 69 301 300 
236 300 301 60 302 
237 262 300 302 70 
238 83 187 303 271 
239 187 85 304 303 
240 303 304 67 305 
241 271 303 305 86 
242 95 308 306 307 
243 308 98 283 306 
244 306 283 5 105 
245 307 306 105 89 
246 96 311 309 310 
247 311 95 307 309 
248 309 307 89 130 
249 310 309 130 73 
250 99 191 312 277 
251 191 101 313 312 
252 312 313 83 314 
253 277 312 314 102 
254 85 218 315 304 
255 218 180 316 315 
256 315 316 183 317 
257 304 315 317 67 
258 101 210 318 313 
259 210 184 319 318 
260 318 319 187 320 
261 313 318 320 83 
262 184 222 321 319 
263 222 186 322 321 
264 321 322 85 323 
265 319 321 323 187 
