2 0.000000 100.000000 410.334720
323 265 
1 -72.961727 0.000000 -73.928940 99.829848 0.000000 5.716393 0.000132 
2 87.806532 0.000000 -73.928940 99.830652 0.000000 5.669826 0.000169 
3 87.806532 0.000000 73.494202 99.847273 0.000000 5.658326 -0.000149 
4 -72.961727 0.000000 73.494202 99.843981 0.000000 5.716242 -0.000150 
5 7.422402 0.000000 -0.217369 94.675454 0.000000 3.297423 0.102569 
6 -72.961727 0.000000 -0.217369 99.836966 0.000000 5.723627 -0.000018 
7 7.422402 0.000000 -73.928940 99.813229 0.000000 5.693488 0.000490 
8 87.806532 0.000000 -0.217369 99.851549 0.000000 5.427630 0.000021 
9 7.422402 0.000000 73.494202 99.862793 0.000000 5.691093 -0.000497 
10 -32.769663 0.000000 -37.073155 99.811395 0.000000 5.722493 0.000494 
11 -72.961727 0.000000 -37.073155 99.830637 0.000000 5.720556 0.000112 
12 -32.769663 0.000000 -73.928940 99.821468 0.000000 5.711984 0.000305 
13 7.422402 0.000000 -37.073155 99.748380 0.000000 5.643762 0.001841 
14 -32.769663 0.000000 -0.217369 99.837413 0.000000 5.748604 -0.000056 
15 47.614467 0.000000 -37.073155 99.810317 0.000000 5.549501 0.000710 
16 47.614467 0.000000 -73.928940 99.820907 0.000000 5.673748 0.000360 
17 87.806532 0.000000 -37.073155 99.836550 0.000000 5.564099 0.000170 
18 47.614467 0.000000 -0.217369 99.707668 0.000000 7.841933 -0.000311 
19 -32.769663 0.000000 36.638417 99.863995 0.000000 5.722288 -0.000556 
20 -72.961727 0.000000 36.638417 99.843296 0.000000 5.720498 -0.000141 
21 7.422402 0.000000 36.638417 99.935585 0.000000 5.636180 -0.001889 
22 -32.769663 0.000000 73.494202 99.853104 0.000000 5.711428 -0.000326 
23 -12.673630 0.000000 -18.645262 99.748015 0.000000 5.745510 0.001732 
24 -32.769663 0.000000 -18.645262 99.814555 0.000000 5.737548 0.000414 
25 -12.673630 0.000000 -37.073155 99.780693 0.000000 5.707662 0.001124 
26 7.422402 0.000000 -18.645262 99.546246 0.000000 5.526181 0.006001 
27 -12.673630 0.000000 -0.217369 99.835368 0.000000 5.838638 -0.000119 
28 47.614467 0.000000 36.638417 99.879350 0.000000 5.512367 -0.000627 
29 87.806532 0.000000 36.638417 99.856064 0.000000 5.488926 -0.000136 
30 47.614467 0.000000 73.494202 99.856305 0.000000 5.667383 -0.000340 
31 27.518435 0.000000 -18.645262 99.720521 0.000000 5.205348 0.002872 
32 27.518435 0.000000 -37.073155 99.772340 0.000000 5.568657 0.001447 
33 47.614467 0.000000 -18.645262 99.825570 0.000000 5.238824 0.000741 
34 27.518435 0.000000 -0.217369 99.416478 0.000000 12.504902 -0.004001 
35 -12.673630 0.000000 18.210524 99.931569 0.000000 5.747288 -0.001935 
36 -32.769663 0.000000 18.210524 99.860750 0.000000 5.737828 -0.000509 
37 7.422402 0.000000 18.210524 100.162433 0.000000 5.506643 -0.006284 
38 -12.673630 0.000000 36.638417 99.897525 0.000000 5.706407 -0.001208 
39 -2.625614 0.000000 -9.431316 99.556352 0.000000 5.811743 0.005476 
40 -12.673630 0.000000 -9.431316 99.758294 0.000000 5.797214 0.001468 
41 -2.625614 0.000000 -18.645262 99.651416 0.000000 5.702238 0.003708 
42 7.422402 0.000000 -9.431316 99.090763 0.000000 5.377594 0.015210 
43 -2.625614 0.000000 -0.217369 99.779438 0.000000 6.187206 0.000578 
44 27.518435 0.000000 18.210524 99.996532 0.000000 5.127401 -0.002560 
45 47.614467 0.000000 18.210524 99.900428 0.000000 5.091398 -0.000602 
46 27.518435 0.000000 36.638417 99.915241 0.000000 5.547547 -0.001383 
47 17.470418 0.000000 -9.431316 99.396519 0.000000 4.737300 0.009789 
48 17.470418 0.000000 -18.645262 99.594659 0.000000 5.292200 0.005290 
49 27.518435 0.000000 -9.431316 99.734736 0.000000 4.741329 0.003050 
50 17.470418 0.000000 -0.217369 99.272834 0.000000 15.175536 -0.008539 
51 -2.625614 0.000000 8.996577 100.135499 0.000000 5.830983 -0.006112 
52 -12.673630 0.000000 8.996577 99.917791 0.000000 5.801480 -0.001722 
53 7.422402 0.000000 8.996577 100.687878 0.000000 5.340023 -0.016656 
54 -2.625614 0.000000 18.210524 100.038916 0.000000 5.702615 -0.004030 
55 2.398394 0.000000 -4.824342 99.174958 0.000000 5.933498 0.012912 
56 -2.625614 0.000000 -4.824342 99.553862 0.000000 5.974996 0.005333 
57 2.398394 0.000000 -9.431316 99.322008 0.000000 5.700280 0.010265 
58 7.422402 0.000000 -4.824342 98.337192 0.000000 5.395427 0.030069 
59 2.398394 0.000000 -0.217369 97.425328 0.000000 13.530606 0.032523 
60 17.470418 0.000000 8.996577 100.331069 0.000000 4.664375 -0.008808 
61 27.518435 0.000000 8.996577 100.004309 0.000000 4.706466 -0.002301 
62 17.470418 0.000000 18.210524 100.119699 0.000000 5.241337 -0.005143 
63 2.398394 0.000000 4.389604 100.617949 0.000000 6.093307 -0.016110 
64 -2.625614 0.000000 4.389604 100.112925 0.000000 6.024930 -0.005890 
65 7.422402 0.000000 4.389604 101.594767 0.000000 5.277869 -0.034935 
66 2.398394 0.000000 8.996577 100.409376 0.000000 5.715412 -0.011471 
67 12.446410 0.000000 4.389604 100.877526 0.000000 4.287948 -0.019466 
68 12.446410 0.000000 -0.217369 86.324370 0.000000 -27.653818 0.178337 
69 17.470418 0.000000 4.389604 100.176094 0.000000 5.299517 -0.006333 
70 12.446410 0.000000 8.996577 100.630806 0.000000 4.852956 -0.015011 
71 4.910398 0.000000 2.086117 101.259900 0.000000 8.859176 -0.033205 
72 2.398394 0.000000 2.086117 100.389495 0.000000 6.805291 -0.012436 
73 4.910398 0.000000 -0.217369 81.478310 0.000000 45.353472 0.130435 
74 7.422402 0.000000 2.086117 102.984917 0.000000 4.968754 -0.063058 
75 4.910398 0.000000 4.389604 101.069181 0.000000 5.995711 -0.025093 
76 12.446410 0.000000 -4.824342 98.763613 0.000000 4.412524 0.022628 
77 12.446410 0.000000 -9.431316 99.129313 0.000000 4.945332 0.014892 
78 17.470418 0.000000 -4.824342 99.399272 0.000000 4.723618 0.009747 
79 4.910398 0.000000 -2.520856 98.653044 0.000000 7.413643 0.021261 
80 2.398394 0.000000 -2.520856 99.186724 0.000000 6.579098 0.011871 
81 4.910398 0.000000 -4.824342 98.765504 0.000000 5.879751 0.021080 
82 7.422402 0.000000 -2.520856 97.332535 0.000000 5.665555 0.049428 
83 9.934406 0.000000 2.086117 102.017356 0.000000 4.069568 -0.042410 
84 9.934406 0.000000 -0.217369 98.643664 0.000000 -2.371489 0.026380 
85 12.446410 0.000000 2.086117 99.406941 0.000000 4.496564 0.009804 
86 9.934406 0.000000 4.389604 101.522666 0.000000 4.536616 -0.032743 
87 6.166400 0.000000 0.934374 111.971961 0.000000 11.497268 -0.266991 
88 4.910398 0.000000 0.934374 98.177832 0.000000 19.687455 -0.002648 
89 6.166400 0.000000 -0.217369 84.392497 0.000000 11.868466 0.273705 
90 7.422402 0.000000 0.934374 98.993930 0.000000 -2.372215 0.019457 
91 6.166400 0.000000 2.086117 103.376949 0.000000 7.324328 -0.074044 
92 9.934406 0.000000 -2.520856 97.619181 0.000000 4.262511 0.045233 
93 9.934406 0.000000 -4.824342 98.321654 0.000000 4.723806 0.031054 
94 12.446410 0.000000 -2.520856 99.368809 0.000000 4.016441 0.010971 
95 6.166400 0.000000 -1.369112 95.347716 0.000000 9.024776 0.082737 
96 4.910398 0.000000 -1.369112 99.066446 0.000000 12.605084 0.002695 
97 6.166400 0.000000 -2.520856 97.602777 0.000000 6.759089 0.042801 
98 7.422402 0.000000 -1.369112 96.212043 0.000000 5.749091 0.071019 
99 8.678404 0.000000 0.934374 99.101606 0.000000 -2.613374 0.017204 
100 8.678404 0.000000 -0.217369 99.101606 0.000000 -2.613374 0.017204 
101 9.934406 0.000000 0.934374 101.597891 0.000000 6.058502 -0.035884 
102 8.678404 0.000000 2.086117 102.246521 0.000000 4.291258 -0.047277 
103 6.794401 0.000000 0.358503 98.762659 0.000000 -1.962331 0.024209 
104 6.166400 0.000000 0.358503 97.668289 0.000000 9.896745 0.036296 
105 6.794401 0.000000 -0.217369 90.963918 0.000000 5.068776 0.169987 
106 7.422402 0.000000 0.358503 99.010543 0.000000 -2.379650 0.019125 
107 6.794401 0.000000 0.934374 107.321565 0.000000 4.324121 -0.153662 
108 -52.865695 0.000000 18.210524 99.845491 0.000000 5.727741 -0.000193 
109 -72.961727 0.000000 18.210524 99.840797 0.000000 5.722694 -0.000093 
110 -52.865695 0.000000 -0.217369 99.837147 0.000000 5.730401 -0.000029 
111 -52.865695 0.000000 36.638417 99.849399 0.000000 5.722323 -0.000265 
112 -22.721646 0.000000 8.996577 99.867264 0.000000 5.764511 -0.000670 
113 -32.769663 0.000000 8.996577 99.851389 0.000000 5.745596 -0.000331 
114 -22.721646 0.000000 -0.217369 99.837290 0.000000 5.773457 -0.000082 
115 -22.721646 0.000000 18.210524 99.882057 0.000000 5.745417 -0.000944 
116 -7.649622 0.000000 4.389604 99.937375 0.000000 5.894584 -0.002222 
117 -12.673630 0.000000 4.389604 99.884674 0.000000 5.828415 -0.001092 
118 -7.649622 0.000000 -0.217369 99.829421 0.000000 5.925788 -0.000103 
119 -7.649622 0.000000 8.996577 99.987037 0.000000 5.828029 -0.003137 
120 -0.113610 0.000000 2.086117 100.189145 0.000000 6.441099 -0.007935 
121 -2.625614 0.000000 2.086117 100.003724 0.000000 6.187461 -0.003903 
122 -0.113610 0.000000 -0.217369 99.344093 0.000000 6.542198 0.008795 
123 -0.113610 0.000000 4.389604 100.318072 0.000000 6.079241 -0.010067 
124 3.654396 0.000000 0.934374 97.418975 0.000000 10.610757 0.039696 
125 2.398394 0.000000 0.934374 99.960032 0.000000 8.083890 -0.005736 
126 3.654396 0.000000 -0.217369 97.913095 0.000000 9.065781 0.033084 
127 3.654396 0.000000 2.086117 100.142596 0.000000 7.613656 -0.008651 
128 5.538399 0.000000 0.358503 86.269761 0.000000 40.092779 0.095010 
129 4.910398 0.000000 0.358503 89.224984 0.000000 32.972503 0.095172 
130 5.538399 0.000000 -0.217369 80.559611 0.000000 47.276294 0.127510 
131 5.538399 0.000000 0.934374 106.052471 0.000000 21.413733 -0.170567 
132 -12.673630 0.000000 55.066309 99.872277 0.000000 5.701873 -0.000698 
133 -32.769663 0.000000 55.066309 99.858665 0.000000 5.714291 -0.000441 
134 7.422402 0.000000 55.066309 99.882287 0.000000 5.675184 -0.000868 
135 -12.673630 0.000000 73.494202 99.859144 0.000000 5.703614 -0.000438 
136 -2.625614 0.000000 27.424470 99.963932 0.000000 5.678784 -0.002504 
137 -12.673630 0.000000 27.424470 99.915752 0.000000 5.718172 -0.001586 
138 7.422402 0.000000 27.424470 100.002816 0.000000 5.592828 -0.003184 
139 -2.625614 0.000000 36.638417 99.920163 0.000000 5.679753 -0.001630 
140 2.398394 0.000000 13.603551 100.221975 0.000000 5.640736 -0.007626 
141 -2.625614 0.000000 13.603551 100.089793 0.000000 5.743138 -0.005095 
142 7.422402 0.000000 13.603551 100.334224 0.000000 5.434026 -0.009649 
143 2.398394 0.000000 18.210524 100.110003 0.000000 5.628435 -0.005369 
144 4.910398 0.000000 6.693091 100.783277 0.000000 5.648327 -0.018917 
145 2.398394 0.000000 6.693091 100.513344 0.000000 5.822355 -0.013683 
146 7.422402 0.000000 6.693091 101.014437 0.000000 5.302567 -0.023203 
147 4.910398 0.000000 8.996577 100.563732 0.000000 5.570313 -0.014409 
148 6.166400 0.000000 3.237861 101.952287 0.000000 6.145705 -0.043204 
149 4.910398 0.000000 3.237861 101.288566 0.000000 6.643173 -0.030351 
150 7.422402 0.000000 3.237861 102.096956 0.000000 5.281079 -0.045168 
151 6.166400 0.000000 4.389604 101.393823 0.000000 5.720957 -0.031344 
152 6.794401 0.000000 1.510246 104.930647 0.000000 5.787786 -0.104394 
153 6.166400 0.000000 1.510246 105.588956 0.000000 8.920510 -0.122860 
154 7.422402 0.000000 1.510246 103.619498 0.000000 4.410810 -0.075646 
155 6.794401 0.000000 2.086117 103.422289 0.000000 5.894169 -0.073091 
156 6.480401 0.000000 0.646438 98.679339 0.000000 -0.175606 0.026236 
157 6.166400 0.000000 0.646438 98.136424 0.000000 8.206485 0.030190 
158 6.480401 0.000000 0.358503 98.676380 0.000000 -0.427624 0.026279 
159 6.794401 0.000000 0.646438 98.758790 0.000000 -1.889615 0.024313 
160 6.480401 0.000000 0.934374 110.003253 0.000000 6.637366 -0.214477 
161 8.678404 0.000000 -1.369112 97.018550 0.000000 4.877203 0.056361 
162 8.678404 0.000000 -2.520856 97.503895 0.000000 4.894356 0.046904 
163 9.934406 0.000000 -1.369112 97.077427 0.000000 4.417623 0.055646 
164 8.050403 0.000000 0.358503 99.121934 0.000000 -2.557784 0.016830 
165 8.050403 0.000000 -0.217369 99.116467 0.000000 -2.558603 0.016938 
166 8.678404 0.000000 0.358503 99.095136 0.000000 -2.606642 0.017336 
167 8.050403 0.000000 0.934374 99.116467 0.000000 -2.558603 0.016938 
168 67.710499 0.000000 18.210524 99.882771 0.000000 5.055924 -0.000213 
169 67.710499 0.000000 -0.217369 99.806813 0.000000 6.184501 0.000035 
170 87.806532 0.000000 18.210524 99.880246 0.000000 5.011170 -0.000118 
171 67.710499 0.000000 36.638417 99.862459 0.000000 5.499613 -0.000276 
172 37.566451 0.000000 8.996577 99.924682 0.000000 4.782926 -0.000782 
173 37.566451 0.000000 -0.217369 99.606011 0.000000 9.495206 -0.001152 
174 47.614467 0.000000 8.996577 99.900141 0.000000 4.847287 -0.000353 
175 37.566451 0.000000 18.210524 99.927710 0.000000 5.102621 -0.001158 
176 22.494427 0.000000 4.389604 99.922299 0.000000 5.754644 -0.001758 
177 22.494427 0.000000 -0.217369 99.463214 0.000000 13.509446 -0.007544 
178 27.518435 0.000000 4.389604 99.838903 0.000000 6.406988 -0.000886 
179 22.494427 0.000000 8.996577 100.115162 0.000000 4.662431 -0.004478 
180 14.958414 0.000000 2.086117 98.930564 0.000000 9.626890 0.012007 
181 14.958414 0.000000 -0.217369 98.561267 0.000000 16.740453 0.000543 
182 17.470418 0.000000 2.086117 98.900992 0.000000 12.964797 0.005051 
183 14.958414 0.000000 4.389604 100.372496 0.000000 4.789119 -0.009757 
184 11.190408 0.000000 0.934374 102.585284 0.000000 6.262833 -0.056296 
185 11.190408 0.000000 -0.217369 89.085803 0.000000 -3.766902 0.204953 
186 12.446410 0.000000 0.934374 92.281752 0.000000 11.415299 0.135377 
187 11.190408 0.000000 2.086117 101.368399 0.000000 3.531250 -0.028802 
188 9.306405 0.000000 0.358503 98.917074 0.000000 -2.556103 0.020888 
189 9.306405 0.000000 -0.217369 98.909662 0.000000 -2.557021 0.021034 
190 9.934406 0.000000 0.358503 98.656456 0.000000 -2.371114 0.026128 
191 9.306405 0.000000 0.934374 98.909662 0.000000 -2.557021 0.021034 
192 67.710499 0.000000 -18.645262 99.848025 0.000000 5.283325 0.000246 
193 67.710499 0.000000 -37.073155 99.829018 0.000000 5.555098 0.000331 
194 87.806532 0.000000 -18.645262 99.853152 0.000000 5.319342 0.000105 
195 37.566451 0.000000 -9.431316 99.830833 0.000000 4.806659 0.001070 
196 37.566451 0.000000 -18.645262 99.794052 0.000000 5.215635 0.001394 
197 47.614467 0.000000 -9.431316 99.858756 0.000000 4.853426 0.000467 
198 22.494427 0.000000 -4.824342 99.662592 0.000000 4.853814 0.004381 
199 22.494427 0.000000 -9.431316 99.613944 0.000000 4.712665 0.005485 
200 27.518435 0.000000 -4.824342 99.769411 0.000000 4.897515 0.002208 
201 14.958414 0.000000 -2.520856 99.536716 0.000000 5.884457 0.005782 
202 14.958414 0.000000 -4.824342 99.181117 0.000000 4.576451 0.014216 
203 17.470418 0.000000 -2.520856 99.490406 0.000000 6.114156 0.006428 
204 11.190408 0.000000 -1.369112 97.274783 0.000000 2.534005 0.053120 
205 11.190408 0.000000 -2.520856 98.229250 0.000000 3.770015 0.033680 
206 12.446410 0.000000 -1.369112 101.480169 0.000000 2.121333 -0.030272 
207 10.562407 0.000000 0.358503 97.887889 0.000000 -1.729619 0.041497 
208 10.562407 0.000000 -0.217369 94.087628 0.000000 1.772088 0.114438 
209 11.190408 0.000000 0.358503 95.283897 0.000000 -7.787159 0.086034 
210 10.562407 0.000000 0.934374 102.294909 0.000000 7.060608 -0.051410 
211 10.562407 0.000000 -0.793241 95.847119 0.000000 3.495372 0.080111 
212 9.934406 0.000000 -0.793241 96.707610 0.000000 4.494429 0.062744 
213 10.562407 0.000000 -1.369112 96.971425 0.000000 3.738540 0.058257 
214 11.190408 0.000000 -0.793241 95.089206 0.000000 0.749957 0.095748 
215 13.702412 0.000000 0.934374 95.053311 0.000000 18.803849 0.061128 
216 13.702412 0.000000 -0.217369 97.642619 0.000000 22.888594 -0.005797 
217 14.958414 0.000000 0.934374 98.166699 0.000000 19.295384 -0.000901 
218 13.702412 0.000000 2.086117 98.739647 0.000000 7.453956 0.019492 
219 11.818409 0.000000 0.358503 85.949554 0.000000 -29.187822 0.176075 
220 11.818409 0.000000 -0.217369 82.969364 0.000000 -32.890223 0.203432 
221 12.446410 0.000000 0.358503 81.784944 0.000000 -7.565616 0.325398 
222 11.818409 0.000000 0.934374 97.520376 0.000000 7.014750 0.044057 
223 10.876408 0.000000 0.070567 97.263669 0.000000 -1.953458 0.053596 
224 10.562407 0.000000 0.070567 97.917538 0.000000 -1.764014 0.040904 
225 10.876408 0.000000 -0.217369 91.735487 0.000000 0.075171 0.158459 
226 11.190408 0.000000 0.070567 94.412425 0.000000 -10.488305 0.097629 
227 10.876408 0.000000 0.358503 97.191103 0.000000 -1.448013 0.055179 
228 -52.865695 0.000000 -18.645262 99.828851 0.000000 5.727729 0.000139 
229 -72.961727 0.000000 -18.645262 99.833140 0.000000 5.722712 0.000059 
230 -52.865695 0.000000 -37.073155 99.824969 0.000000 5.722411 0.000223 
231 -52.865695 0.000000 55.066309 99.849411 0.000000 5.717789 -0.000260 
232 -72.961727 0.000000 55.066309 99.844187 0.000000 5.718128 -0.000156 
233 -52.865695 0.000000 73.494202 99.847743 0.000000 5.714999 -0.000223 
234 -22.721646 0.000000 -9.431316 99.808062 0.000000 5.763573 0.000513 
235 -32.769663 0.000000 -9.431316 99.823610 0.000000 5.745343 0.000224 
236 -22.721646 0.000000 -18.645262 99.794257 0.000000 5.744844 0.000810 
237 27.518435 0.000000 55.066309 99.877747 0.000000 5.644654 -0.000743 
238 47.614467 0.000000 55.066309 99.865308 0.000000 5.626052 -0.000473 
239 27.518435 0.000000 73.494202 99.861332 0.000000 5.677479 -0.000452 
240 -22.721646 0.000000 27.424470 99.883057 0.000000 5.728414 -0.000944 
241 -32.769663 0.000000 27.424470 99.864333 0.000000 5.729437 -0.000571 
242 -22.721646 0.000000 36.638417 99.877769 0.000000 5.718126 -0.000827 
243 -7.649622 0.000000 -4.824342 99.730533 0.000000 5.883512 0.001921 
244 -12.673630 0.000000 -4.824342 99.787940 0.000000 5.824983 0.000844 
245 -7.649622 0.000000 -9.431316 99.691627 0.000000 5.818287 0.002773 
246 17.470418 0.000000 27.424470 99.993350 0.000000 5.489027 -0.002880 
247 27.518435 0.000000 27.424470 99.949986 0.000000 5.418714 -0.001936 
248 17.470418 0.000000 36.638417 99.932817 0.000000 5.586373 -0.001778 
249 -7.649622 0.000000 13.603551 99.991140 0.000000 5.772467 -0.003155 
250 -12.673630 0.000000 13.603551 99.931357 0.000000 5.772277 -0.001960 
251 -7.649622 0.000000 18.210524 99.976718 0.000000 5.736351 -0.002825 
252 -0.113610 0.000000 -2.520856 99.445014 0.000000 6.240375 0.007175 
253 -2.625614 0.000000 -2.520856 99.613482 0.000000 6.111365 0.003981 
254 -0.113610 0.000000 -4.824342 99.364960 0.000000 5.992389 0.009070 
255 12.446410 0.000000 13.603551 100.333292 0.000000 5.184938 -0.009365 
256 17.470418 0.000000 13.603551 100.223872 0.000000 5.001608 -0.006984 
257 12.446410 0.000000 18.210524 100.167140 0.000000 5.360687 -0.006219 
258 -0.113610 0.000000 6.693091 100.310208 0.000000 5.903566 -0.009699 
259 -2.625614 0.000000 6.693091 100.150054 0.000000 5.920112 -0.006508 
260 -0.113610 0.000000 8.996577 100.262491 0.000000 5.800788 -0.008622 
261 9.934406 0.000000 6.693091 101.094530 0.000000 4.865071 -0.024377 
262 12.446410 0.000000 6.693091 100.865389 0.000000 4.592209 -0.019492 
263 9.934406 0.000000 8.996577 100.715800 0.000000 5.079252 -0.016947 
264 3.654396 0.000000 3.237861 100.755994 0.000000 6.542416 -0.019457 
265 2.398394 0.000000 3.237861 100.566489 0.000000 6.343580 -0.015386 
266 3.654396 0.000000 4.389604 100.775480 0.000000 6.071124 -0.019256 
267 3.654396 0.000000 -1.369112 100.422544 0.000000 8.582106 -0.015834 
268 2.398394 0.000000 -1.369112 99.152006 0.000000 8.413560 0.009809 
269 3.654396 0.000000 -2.520856 99.248487 0.000000 6.878271 0.010243 
270 8.678404 0.000000 3.237861 101.951897 0.000000 4.668299 -0.041598 
271 9.934406 0.000000 3.237861 101.756308 0.000000 4.226353 -0.037221 
272 8.678404 0.000000 4.389604 101.652517 0.000000 4.858616 -0.035684 
273 5.538399 0.000000 1.510246 103.623060 0.000000 12.049951 -0.088294 
274 4.910398 0.000000 1.510246 100.698764 0.000000 12.129590 -0.028737 
275 5.538399 0.000000 2.086117 102.512989 0.000000 8.617377 -0.058317 
276 8.050403 0.000000 1.510246 102.728122 0.000000 4.038699 -0.056938 
277 8.678404 0.000000 1.510246 102.256362 0.000000 4.029027 -0.047260 
278 8.050403 0.000000 2.086117 102.546259 0.000000 4.490516 -0.053590 
279 9.306405 0.000000 -0.793241 97.039148 0.000000 4.705979 0.056126 
280 8.678404 0.000000 -0.793241 96.944348 0.000000 4.691035 0.057979 
281 9.306405 0.000000 -1.369112 97.128951 0.000000 4.718047 0.054371 
282 8.050403 0.000000 -0.793241 96.456735 0.000000 4.761765 0.067342 
283 7.422402 0.000000 -0.793241 95.429502 0.000000 5.332354 0.086478 
284 8.050403 0.000000 -1.369112 96.730178 0.000000 5.113816 0.061712 
285 13.702412 0.000000 -1.369112 101.535089 0.000000 8.354581 -0.037917 
286 13.702412 0.000000 -2.520856 99.791991 0.000000 5.262332 0.001387 
287 14.958414 0.000000 -1.369112 99.618844 0.000000 8.867672 -0.000255 
288 11.818409 0.000000 -0.793241 97.161161 0.000000 -3.592106 0.054681 
289 11.818409 0.000000 -1.369112 98.793508 0.000000 1.437868 0.023778 
290 12.446410 0.000000 -0.793241 104.659348 0.000000 -4.108514 -0.097046 
291 67.710499 0.000000 55.066309 99.855622 0.000000 5.617556 -0.000270 
292 87.806532 0.000000 55.066309 99.850082 0.000000 5.612934 -0.000154 
293 67.710499 0.000000 73.494202 99.851103 0.000000 5.661555 -0.000230 
294 37.566451 0.000000 27.424470 99.912063 0.000000 5.387829 -0.001145 
295 47.614467 0.000000 27.424470 99.888608 0.000000 5.373993 -0.000661 
296 37.566451 0.000000 36.638417 99.894920 0.000000 5.524647 -0.000952 
297 22.494427 0.000000 13.603551 100.100912 0.000000 4.920463 -0.004440 
298 27.518435 0.000000 13.603551 100.014445 0.000000 4.896016 -0.002686 
299 22.494427 0.000000 18.210524 100.053733 0.000000 5.171581 -0.003749 
300 14.958414 0.000000 6.693091 100.564510 0.000000 4.538290 -0.013382 
301 17.470418 0.000000 6.693091 100.328103 0.000000 4.612087 -0.008700 
302 14.958414 0.000000 8.996577 100.481877 0.000000 4.718106 -0.011887 
303 11.190408 0.000000 3.237861 101.311629 0.000000 4.025697 -0.028025 
304 12.446410 0.000000 3.237861 100.630943 0.000000 4.244525 -0.014460 
305 11.190408 0.000000 4.389604 101.271470 0.000000 4.277258 -0.027421 
306 6.794401 0.000000 -0.793241 93.705616 0.000000 7.011976 0.117009 
307 6.166400 0.000000 -0.793241 91.880509 0.000000 11.016984 0.143660 
308 6.794401 0.000000 -1.369112 95.593628 0.000000 6.960879 0.081340 
309 5.538399 0.000000 -0.793241 92.497217 0.000000 17.703414 0.113085 
310 4.910398 0.000000 -0.793241 99.479937 0.000000 22.627700 -0.040827 
311 5.538399 0.000000 -1.369112 96.361604 0.000000 11.562604 0.058075 
312 9.306405 0.000000 1.510246 102.076994 0.000000 4.234542 -0.043764 
313 9.934406 0.000000 1.510246 102.100622 0.000000 4.327522 -0.044326 
314 9.306405 0.000000 2.086117 102.112067 0.000000 4.172231 -0.044428 
315 13.702412 0.000000 3.237861 100.149048 0.000000 5.001632 -0.005485 
316 14.958414 0.000000 3.237861 99.977300 0.000000 5.734687 -0.002835 
317 13.702412 0.000000 4.389604 100.601913 0.000000 4.505546 -0.014104 
318 10.562407 0.000000 1.510246 102.191749 0.000000 4.044156 -0.045951 
319 11.190408 0.000000 1.510246 101.711929 0.000000 3.289430 -0.035614 
320 10.562407 0.000000 2.086117 101.878319 0.000000 3.793284 -0.039358 
321 11.818409 0.000000 1.510246 99.788470 0.000000 3.233464 0.003181 
322 12.446410 0.000000 1.510246 97.392876 0.000000 5.557041 0.048375 
323 11.818409 0.000000 2.086117 100.429569 0.000000 3.629332 -0.009927 
1 1 12 10 11 
2 12 7 13 10 
3 7 16 15 13 
4 16 2 17 15 
5 10 25 23 24 
6 25 13 26 23 
7 13 32 31 26 
8 32 15 33 31 
9 23 41 39 40 
10 41 26 42 39 
11 26 48 47 42 
12 48 31 49 47 
13 39 57 55 56 
14 57 42 58 55 
15 42 77 76 58 
16 77 47 78 76 
17 55 81 79 80 
18 81 58 82 79 
19 58 93 92 82 
20 93 76 94 92 
21 79 97 95 96 
22 97 82 98 95 
23 89 105 103 104 
24 105 5 106 103 
25 103 106 90 107 
26 6 110 108 109 
27 110 14 36 108 
28 108 36 19 111 
29 109 108 111 20 
30 14 114 112 113 
31 114 27 52 112 
32 112 52 35 115 
33 113 112 115 36 
34 27 118 116 117 
35 118 43 64 116 
36 116 64 51 119 
37 117 116 119 52 
38 43 122 120 121 
39 122 59 72 120 
40 120 72 63 123 
41 121 120 123 64 
42 59 126 124 125 
43 126 73 88 124 
44 124 88 71 127 
45 125 124 127 72 
46 73 130 128 129 
47 130 89 104 128 
48 128 104 87 131 
49 129 128 131 88 
50 19 38 132 133 
51 38 21 134 132 
52 132 134 9 135 
53 133 132 135 22 
54 35 54 136 137 
55 54 37 138 136 
56 136 138 21 139 
57 137 136 139 38 
58 51 66 140 141 
59 66 53 142 140 
60 140 142 37 143 
61 141 140 143 54 
62 63 75 144 145 
63 75 65 146 144 
64 144 146 53 147 
65 145 144 147 66 
66 71 91 148 149 
67 91 74 150 148 
68 148 150 65 151 
69 149 148 151 75 
70 87 107 152 153 
71 107 90 154 152 
72 152 154 74 155 
73 153 152 155 91 
74 104 158 156 157 
75 158 103 159 156 
76 156 159 107 160 
77 157 156 160 87 
78 82 162 161 98 
79 162 92 163 161 
80 5 165 164 106 
81 165 100 166 164 
82 164 166 99 167 
83 106 164 167 90 
84 18 169 168 45 
85 169 8 170 168 
86 168 170 29 171 
87 45 168 171 28 
88 34 173 172 61 
89 173 18 174 172 
90 172 174 45 175 
91 61 172 175 44 
92 50 177 176 69 
93 177 34 178 176 
94 176 178 61 179 
95 69 176 179 60 
96 181 50 182 180 
97 180 182 69 183 
98 100 189 188 166 
99 189 84 190 188 
100 188 190 101 191 
101 166 188 191 99 
102 15 193 192 33 
103 193 17 194 192 
104 192 194 8 169 
105 33 192 169 18 
106 31 196 195 49 
107 196 33 197 195 
108 195 197 18 173 
109 49 195 173 34 
110 47 199 198 78 
111 199 49 200 198 
112 198 200 34 177 
113 78 198 177 50 
114 76 202 201 94 
115 202 78 203 201 
116 201 203 50 181 
117 92 205 204 163 
118 205 94 206 204 
119 84 208 207 190 
120 207 209 184 210 
121 190 207 210 101 
122 163 213 211 212 
123 213 204 214 211 
124 211 214 185 208 
125 212 211 208 84 
126 68 216 215 186 
127 216 181 217 215 
128 215 217 180 218 
129 186 215 218 85 
130 185 220 219 209 
131 220 68 221 219 
132 219 221 186 222 
133 209 219 222 184 
134 208 225 223 224 
135 225 185 226 223 
136 223 226 209 227 
137 224 223 227 207 
138 11 230 228 229 
139 230 10 24 228 
140 228 24 14 110 
141 229 228 110 6 
142 20 111 231 232 
143 111 19 133 231 
144 231 133 22 233 
145 232 231 233 4 
146 24 236 234 235 
147 236 23 40 234 
148 234 40 27 114 
149 235 234 114 14 
150 21 46 237 134 
151 46 28 238 237 
152 237 238 30 239 
153 134 237 239 9 
154 36 115 240 241 
155 115 35 137 240 
156 240 137 38 242 
157 241 240 242 19 
158 40 245 243 244 
159 245 39 56 243 
160 243 56 43 118 
161 244 243 118 27 
162 37 62 246 138 
163 62 44 247 246 
164 246 247 46 248 
165 138 246 248 21 
166 52 119 249 250 
167 119 51 141 249 
168 249 141 54 251 
169 250 249 251 35 
170 56 254 252 253 
171 254 55 80 252 
172 252 80 59 122 
173 253 252 122 43 
174 53 70 255 142 
175 70 60 256 255 
176 255 256 62 257 
177 142 255 257 37 
178 64 123 258 259 
179 123 63 145 258 
180 258 145 66 260 
181 259 258 260 51 
182 65 86 261 146 
183 86 67 262 261 
184 261 262 70 263 
185 146 261 263 53 
186 72 127 264 265 
187 127 71 149 264 
188 264 149 75 266 
189 265 264 266 63 
190 80 269 267 268 
191 269 79 96 267 
192 267 96 73 126 
193 268 267 126 59 
194 74 102 270 150 
195 102 83 271 270 
196 270 271 86 272 
197 150 270 272 65 
198 88 131 273 274 
199 131 87 153 273 
200 273 153 91 275 
201 274 273 275 71 
202 90 167 276 154 
203 167 99 277 276 
204 276 277 102 278 
205 154 276 278 74 
206 161 281 279 280 
207 281 163 212 279 
208 279 212 84 189 
209 280 279 189 100 
210 98 284 282 283 
211 284 161 280 282 
212 282 280 100 165 
213 283 282 165 5 
214 94 286 285 206 
215 286 201 287 285 
216 285 287 181 216 
217 206 285 216 68 
218 204 289 288 214 
219 289 206 290 288 
220 288 290 68 220 
221 214 288 220 185 
222 28 171 291 238 
223 171 29 292 291 
224 291 292 3 293 
225 238 291 293 30 
226 44 175 294 247 
227 175 45 295 294 
228 294 295 28 296 
229 247 294 296 46 
230 60 179 297 256 
231 179 61 298 297 
232 297 298 44 299 
233 256 297 299 62 
234 67 183 300 262 
235 183 69 301 300 
236 300 301 60 302 
237 262 300 302 70 
238 83 187 303 271 
239 187 85 304 303 
240 303 304 67 305 
241 271 303 305 86 
242 95 308 306 307 
243 308 98 283 306 
244 306 283 5 105 
245 307 306 105 89 
246 96 311 309 310 
247 311 95 307 309 
248 309 307 89 130 
249 310 309 130 73 
250 99 191 312 277 
251 191 101 313 312 
252 312 313 83 314 
253 277 312 314 102 
254 85 218 315 304 
255 218 180 316 315 
256 315 316 183 317 
257 304 315 317 67 
258 101 210 318 313 
259 210 184 319 318 
260 318 319 187 320 
261 313 318 320 83 
262 184 222 321 319 
263 222 186 322 321 
264 321 322 85 323 
265 319 321 323 187 
