2 0.000000 100.000000 410.334720
323 265 
1 -72.961727 0.000000 -73.928940 98.620408 0.000000 16.479833 0.000243 
2 87.806532 0.000000 -73.928940 98.626889 0.000000 16.397286 0.000387 
3 87.806532 0.000000 73.494202 98.672136 0.000000 16.324499 -0.000268 
4 -72.961727 0.000000 73.494202 98.650567 0.000000 16.478588 -0.000348 
5 7.422402 0.000000 -0.217369 92.247266 0.000000 9.138942 0.140692 
6 -72.961727 0.000000 -0.217369 98.636262 0.000000 16.494920 -0.000119 
7 7.422402 0.000000 -73.928940 98.588690 0.000000 16.434645 0.001017 
8 87.806532 0.000000 -0.217369 98.910533 0.000000 14.767797 -0.000138 
9 7.422402 0.000000 73.494202 98.694491 0.000000 16.420695 -0.001024 
10 -32.769663 0.000000 -37.073155 98.583305 0.000000 16.493594 0.000929 
11 -72.961727 0.000000 -37.073155 98.622438 0.000000 16.488622 0.000174 
12 -32.769663 0.000000 -73.928940 98.603753 0.000000 16.471158 0.000600 
13 7.422402 0.000000 -37.073155 98.461793 0.000000 16.332367 0.003853 
14 -32.769663 0.000000 -0.217369 98.642351 0.000000 16.550342 -0.000423 
15 47.614467 0.000000 -37.073155 98.600863 0.000000 16.178375 0.001613 
16 47.614467 0.000000 -73.928940 98.606559 0.000000 16.399173 0.000781 
17 87.806532 0.000000 -37.073155 98.650645 0.000000 16.242605 0.000423 
18 47.614467 0.000000 -0.217369 98.903759 0.000000 14.638937 0.000375 
19 -32.769663 0.000000 36.638417 98.697703 0.000000 16.489848 -0.001315 
20 -72.961727 0.000000 36.638417 98.649619 0.000000 16.487806 -0.000360 
21 7.422402 0.000000 36.638417 98.860720 0.000000 16.288252 -0.003875 
22 -32.769663 0.000000 73.494202 98.671291 0.000000 16.467262 -0.000719 
23 -12.673630 0.000000 -18.645262 98.445856 0.000000 16.544871 0.003468 
24 -32.769663 0.000000 -18.645262 98.590780 0.000000 16.526402 0.000674 
25 -12.673630 0.000000 -37.073155 98.520666 0.000000 16.462626 0.002266 
26 7.422402 0.000000 -18.645262 98.054543 0.000000 16.051013 0.012767 
27 -12.673630 0.000000 -0.217369 98.655918 0.000000 16.764111 -0.001403 
28 47.614467 0.000000 36.638417 98.776928 0.000000 15.951136 -0.001132 
29 87.806532 0.000000 36.638417 98.771097 0.000000 15.709611 -0.000252 
30 47.614467 0.000000 73.494202 98.685559 0.000000 16.361490 -0.000654 
31 27.518435 0.000000 -18.645262 98.470485 0.000000 15.487682 0.006370 
32 27.518435 0.000000 -37.073155 98.520966 0.000000 16.195061 0.003134 
33 47.614467 0.000000 -18.645262 98.674541 0.000000 15.667194 0.001787 
34 27.518435 0.000000 -0.217369 98.146134 0.000000 18.723784 0.001676 
35 -12.673630 0.000000 18.210524 98.865276 0.000000 16.536780 -0.004781 
36 -32.769663 0.000000 18.210524 98.693107 0.000000 16.524386 -0.001338 
37 7.422402 0.000000 18.210524 99.382068 0.000000 15.929851 -0.013056 
38 -12.673630 0.000000 36.638417 98.774558 0.000000 16.450792 -0.002704 
39 -2.625614 0.000000 -9.431316 97.973033 0.000000 16.659813 0.012374 
40 -12.673630 0.000000 -9.431316 98.466625 0.000000 16.663547 0.002665 
41 -2.625614 0.000000 -18.645262 98.241449 0.000000 16.436680 0.007845 
42 7.422402 0.000000 -9.431316 97.128462 0.000000 15.530424 0.032487 
43 -2.625614 0.000000 -0.217369 98.648475 0.000000 17.799538 -0.004835 
44 27.518435 0.000000 18.210524 99.083756 0.000000 15.049866 -0.004409 
45 47.614467 0.000000 18.210524 98.968523 0.000000 14.707795 -0.001109 
46 27.518435 0.000000 36.638417 98.831744 0.000000 16.077280 -0.002619 
47 17.470418 0.000000 -9.431316 97.893955 0.000000 14.342685 0.021106 
48 17.470418 0.000000 -18.645262 98.200409 0.000000 15.599155 0.011335 
49 27.518435 0.000000 -9.431316 98.587206 0.000000 14.486145 0.007071 
50 17.470418 0.000000 -0.217369 96.807703 0.000000 25.680094 -0.003120 
51 -2.625614 0.000000 8.996577 99.430309 0.000000 16.654881 -0.016377 
52 -12.673630 0.000000 8.996577 98.848997 0.000000 16.662840 -0.004877 
53 7.422402 0.000000 8.996577 100.539326 0.000000 15.271218 -0.034137 
54 -2.625614 0.000000 18.210524 99.116951 0.000000 16.409793 -0.009345 
55 2.398394 0.000000 -4.824342 96.654249 0.000000 16.398185 0.038906 
56 -2.625614 0.000000 -4.824342 97.876405 0.000000 17.089178 0.012817 
57 2.398394 0.000000 -9.431316 97.480801 0.000000 16.288873 0.023217 
58 7.422402 0.000000 -4.824342 95.708670 0.000000 14.869941 0.061874 
59 2.398394 0.000000 -0.217369 98.340243 0.000000 23.194011 -0.020877 
60 17.470418 0.000000 8.996577 99.733709 0.000000 13.941302 -0.014117 
61 27.518435 0.000000 8.996577 99.103299 0.000000 14.452915 -0.003035 
62 17.470418 0.000000 18.210524 99.295830 0.000000 15.353602 -0.009540 
63 2.398394 0.000000 4.389604 101.058555 0.000000 16.556630 -0.048695 
64 -2.625614 0.000000 4.389604 99.512581 0.000000 17.135421 -0.019638 
65 7.422402 0.000000 4.389604 102.366600 0.000000 14.459226 -0.068799 
66 2.398394 0.000000 8.996577 100.052548 0.000000 16.217559 -0.027352 
67 12.446410 0.000000 4.389604 100.509149 0.000000 13.320206 -0.027952 
68 12.446410 0.000000 -0.217369 78.172804 0.000000 -25.018447 0.326309 
69 17.470418 0.000000 4.389604 96.607381 0.000000 22.505706 0.016051 
70 12.446410 0.000000 8.996577 100.339987 0.000000 14.254917 -0.027132 
71 4.910398 0.000000 2.086117 102.368428 0.000000 19.085429 -0.084355 
72 2.398394 0.000000 2.086117 101.778592 0.000000 17.452992 -0.066349 
73 4.910398 0.000000 -0.217369 83.986256 0.000000 46.872683 0.074926 
74 7.422402 0.000000 2.086117 104.153447 0.000000 15.370528 -0.108419 
75 4.910398 0.000000 4.389604 101.725192 0.000000 15.804927 -0.059781 
76 12.446410 0.000000 -4.824342 96.676038 0.000000 13.311056 0.047656 
77 12.446410 0.000000 -9.431316 97.316585 0.000000 14.695847 0.031351 
78 17.470418 0.000000 -4.824342 97.939797 0.000000 13.805857 0.021719 
79 4.910398 0.000000 -2.520856 95.653747 0.000000 16.330109 0.058369 
80 2.398394 0.000000 -2.520856 95.675608 0.000000 16.406254 0.057701 
81 4.910398 0.000000 -4.824342 96.176365 0.000000 15.794535 0.050064 
82 7.422402 0.000000 -2.520856 94.307952 0.000000 14.361559 0.089976 
83 9.934406 0.000000 2.086117 100.929218 0.000000 17.969255 -0.050960 
84 9.934406 0.000000 -0.217369 96.858138 0.000000 -2.328564 0.061308 
85 12.446410 0.000000 2.086117 92.319333 0.000000 31.499977 0.048489 
86 9.934406 0.000000 4.389604 101.974141 0.000000 13.248559 -0.057425 
87 6.166400 0.000000 0.934374 112.242165 0.000000 28.048083 -0.338500 
88 4.910398 0.000000 0.934374 97.820673 0.000000 36.485011 -0.090004 
89 6.166400 0.000000 -0.217369 82.826356 0.000000 16.636744 0.286301 
90 7.422402 0.000000 0.934374 96.014137 0.000000 -2.300809 0.077599 
91 6.166400 0.000000 2.086117 104.641882 0.000000 17.599830 -0.125968 
92 9.934406 0.000000 -2.520856 94.904429 0.000000 12.717284 0.083142 
93 9.934406 0.000000 -4.824342 95.823070 0.000000 13.795445 0.062763 
94 12.446410 0.000000 -2.520856 97.622912 0.000000 12.824806 0.030529 
95 6.166400 0.000000 -1.369112 92.480193 0.000000 16.803637 0.116505 
96 4.910398 0.000000 -1.369112 96.302560 0.000000 19.696516 0.033786 
97 6.166400 0.000000 -2.520856 94.605110 0.000000 15.570401 0.080744 
98 7.422402 0.000000 -1.369112 93.238976 0.000000 13.891919 0.111351 
99 8.678404 0.000000 0.934374 95.576348 0.000000 -2.520410 0.085881 
100 8.678404 0.000000 -0.217369 95.576348 0.000000 -2.520410 0.085881 
101 9.934406 0.000000 0.934374 99.956657 0.000000 18.694920 -0.034083 
102 8.678404 0.000000 2.086117 102.802341 0.000000 15.284537 -0.080194 
103 6.794401 0.000000 0.358503 96.851771 0.000000 -1.923153 0.061604 
104 6.166400 0.000000 0.358503 98.438324 0.000000 10.119661 0.020749 
105 6.794401 0.000000 -0.217369 88.825226 0.000000 10.596029 0.199780 
106 7.422402 0.000000 0.358503 95.966782 0.000000 -2.306025 0.078506 
107 6.794401 0.000000 0.934374 106.816139 0.000000 21.278977 -0.186248 
108 -52.865695 0.000000 18.210524 98.656037 0.000000 16.503439 -0.000538 
109 -72.961727 0.000000 18.210524 98.644447 0.000000 16.492699 -0.000274 
110 -52.865695 0.000000 -0.217369 98.638040 0.000000 16.509760 -0.000204 
111 -52.865695 0.000000 36.638417 98.663888 0.000000 16.491292 -0.000653 
112 -22.721646 0.000000 8.996577 98.714710 0.000000 16.584561 -0.001964 
113 -32.769663 0.000000 8.996577 98.673325 0.000000 16.542618 -0.001008 
114 -22.721646 0.000000 -0.217369 98.646775 0.000000 16.607627 -0.000700 
115 -22.721646 0.000000 18.210524 98.745018 0.000000 16.539502 -0.002413 
116 -7.649622 0.000000 4.389604 98.937757 0.000000 16.888808 -0.007391 
117 -12.673630 0.000000 4.389604 98.775726 0.000000 16.733299 -0.003665 
118 -7.649622 0.000000 -0.217369 98.661904 0.000000 16.991047 -0.002287 
119 -7.649622 0.000000 8.996577 99.035639 0.000000 16.709805 -0.008728 
120 -0.113610 0.000000 2.086117 100.349253 0.000000 18.084113 -0.039701 
121 -2.625614 0.000000 2.086117 99.297748 0.000000 17.596409 -0.016968 
122 -0.113610 0.000000 -0.217369 99.046759 0.000000 19.399003 -0.018658 
123 -0.113610 0.000000 4.389604 100.232324 0.000000 17.080584 -0.033827 
124 3.654396 0.000000 0.934374 97.673242 0.000000 23.356866 -0.008561 
125 2.398394 0.000000 0.934374 102.088938 0.000000 19.575348 -0.080535 
126 3.654396 0.000000 -0.217369 96.571383 0.000000 8.940438 0.059404 
127 3.654396 0.000000 2.086117 101.305967 0.000000 17.812683 -0.058019 
128 5.538399 0.000000 0.358503 89.719469 0.000000 41.822670 0.020128 
129 4.910398 0.000000 0.358503 90.299225 0.000000 47.167373 -0.037871 
130 5.538399 0.000000 -0.217369 84.314505 0.000000 49.542304 0.043662 
131 5.538399 0.000000 0.934374 106.068885 0.000000 38.801029 -0.275613 
132 -12.673630 0.000000 55.066309 98.715416 0.000000 16.444078 -0.001514 
133 -32.769663 0.000000 55.066309 98.684388 0.000000 16.472946 -0.000997 
134 7.422402 0.000000 55.066309 98.739608 0.000000 16.382864 -0.001791 
135 -12.673630 0.000000 73.494202 98.685216 0.000000 16.449389 -0.000935 
136 -2.625614 0.000000 27.424470 98.929105 0.000000 16.376811 -0.005517 
137 -12.673630 0.000000 27.424470 98.819654 0.000000 16.473993 -0.003672 
138 7.422402 0.000000 27.424470 99.014790 0.000000 16.177619 -0.006564 
139 -2.625614 0.000000 36.638417 98.825766 0.000000 16.388536 -0.003512 
140 2.398394 0.000000 13.603551 99.552694 0.000000 16.191704 -0.017291 
141 -2.625614 0.000000 13.603551 99.259274 0.000000 16.477121 -0.012390 
142 7.422402 0.000000 13.603551 99.767742 0.000000 15.699342 -0.020007 
143 2.398394 0.000000 18.210524 99.270693 0.000000 16.220897 -0.011779 
144 4.910398 0.000000 6.693091 100.909103 0.000000 15.709984 -0.042945 
145 2.398394 0.000000 6.693091 100.440710 0.000000 16.306170 -0.035423 
146 7.422402 0.000000 6.693091 101.231420 0.000000 14.922725 -0.047049 
147 4.910398 0.000000 8.996577 100.340109 0.000000 15.802414 -0.031785 
148 6.166400 0.000000 3.237861 103.011587 0.000000 15.577690 -0.085405 
149 4.910398 0.000000 3.237861 102.232342 0.000000 16.370891 -0.071946 
150 7.422402 0.000000 3.237861 103.160261 0.000000 14.371726 -0.084859 
151 6.166400 0.000000 4.389604 102.124273 0.000000 15.221002 -0.066105 
152 6.794401 0.000000 1.510246 105.779611 0.000000 19.837043 -0.158283 
153 6.166400 0.000000 1.510246 106.593789 0.000000 22.119039 -0.185149 
154 7.422402 0.000000 1.510246 104.163919 0.000000 19.753550 -0.124032 
155 6.794401 0.000000 2.086117 104.689594 0.000000 16.181356 -0.122175 
156 6.480401 0.000000 0.646438 97.845711 0.000000 -0.147960 0.042619 
157 6.166400 0.000000 0.646438 98.780080 0.000000 8.359296 0.017262 
158 6.480401 0.000000 0.358503 97.891902 0.000000 -0.405486 0.041701 
159 6.794401 0.000000 0.646438 96.941142 0.000000 -1.852651 0.059898 
160 6.480401 0.000000 0.934374 109.917680 0.000000 23.196064 -0.261995 
161 8.678404 0.000000 -1.369112 94.169387 0.000000 13.285481 0.095562 
162 8.678404 0.000000 -2.520856 94.572292 0.000000 13.434645 0.087559 
163 9.934406 0.000000 -1.369112 94.517128 0.000000 13.179286 0.089282 
164 8.050403 0.000000 0.358503 95.458813 0.000000 -2.463208 0.088155 
165 8.050403 0.000000 -0.217369 95.278256 0.000000 -2.459523 0.091600 
166 8.678404 0.000000 0.358503 95.756378 0.000000 -2.518767 0.082437 
167 8.050403 0.000000 0.934374 95.278256 0.000000 -2.459523 0.091600 
168 67.710499 0.000000 18.210524 98.988541 0.000000 14.404637 -0.000622 
169 67.710499 0.000000 -0.217369 98.959266 0.000000 14.431904 -0.000122 
170 87.806532 0.000000 18.210524 98.828040 0.000000 15.325402 -0.000185 
171 67.710499 0.000000 36.638417 98.760991 0.000000 15.844876 -0.000479 
172 37.566451 0.000000 8.996577 98.603174 0.000000 16.849241 -0.000648 
173 37.566451 0.000000 -0.217369 98.705632 0.000000 15.621699 0.001316 
174 47.614467 0.000000 8.996577 95.449725 0.000000 35.602001 -0.037815 
175 37.566451 0.000000 18.210524 98.987640 0.000000 14.871661 -0.001972 
176 22.494427 0.000000 4.389604 95.705174 0.000000 27.119314 0.010506 
177 22.494427 0.000000 -0.217369 97.914178 0.000000 21.350057 -0.004301 
178 27.518435 0.000000 4.389604 94.023164 0.000000 43.952127 -0.077214 
179 22.494427 0.000000 8.996577 99.319961 0.000000 14.076964 -0.006262 
180 14.958414 0.000000 2.086117 83.726892 0.000000 78.777272 -0.321605 
181 14.958414 0.000000 -0.217369 95.174513 0.000000 31.361748 -0.004175 
182 17.470418 0.000000 2.086117 95.134816 0.000000 33.648456 -0.018285 
183 14.958414 0.000000 4.389604 99.012145 0.000000 15.454651 -0.004225 
184 11.190408 0.000000 0.934374 101.624055 0.000000 -5.346298 -0.035603 
185 11.190408 0.000000 -0.217369 86.560773 0.000000 3.309596 0.249628 
186 12.446410 0.000000 0.934374 93.219021 0.000000 8.041445 0.124555 
187 11.190408 0.000000 2.086117 97.616748 0.000000 24.555215 -0.013199 
188 9.306405 0.000000 0.358503 96.830100 0.000000 -2.502138 0.061767 
189 9.306405 0.000000 -0.217369 96.858860 0.000000 -2.504003 0.061209 
190 9.934406 0.000000 0.358503 96.857950 0.000000 -2.327886 0.061312 
191 9.306405 0.000000 0.934374 96.858860 0.000000 -2.504003 0.061209 
192 67.710499 0.000000 -18.645262 98.705887 0.000000 15.828834 0.000660 
193 67.710499 0.000000 -37.073155 98.637777 0.000000 16.209342 0.000785 
194 87.806532 0.000000 -18.645262 98.704273 0.000000 15.948052 0.000313 
195 37.566451 0.000000 -9.431316 98.771030 0.000000 14.754995 0.002657 
196 37.566451 0.000000 -18.645262 98.619181 0.000000 15.573233 0.003173 
197 47.614467 0.000000 -9.431316 98.810581 0.000000 14.977856 0.001213 
198 22.494427 0.000000 -4.824342 98.488506 0.000000 14.028195 0.010322 
199 22.494427 0.000000 -9.431316 98.342465 0.000000 14.360252 0.012254 
200 27.518435 0.000000 -4.824342 98.718889 0.000000 14.148066 0.005441 
201 14.958414 0.000000 -2.520856 97.940947 0.000000 15.347702 0.017202 
202 14.958414 0.000000 -4.824342 97.477490 0.000000 13.566543 0.031409 
203 17.470418 0.000000 -2.520856 98.019293 0.000000 15.481130 0.015255 
204 11.190408 0.000000 -1.369112 95.128693 0.000000 11.405993 0.082044 
205 11.190408 0.000000 -2.520856 95.942342 0.000000 12.258790 0.064479 
206 12.446410 0.000000 -1.369112 100.598362 0.000000 11.430044 -0.025068 
207 10.562407 0.000000 0.358503 95.729609 0.000000 -1.692844 0.083298 
208 10.562407 0.000000 -0.217369 92.033597 0.000000 8.882036 0.145093 
209 11.190408 0.000000 0.358503 91.593976 0.000000 -7.432573 0.155530 
210 10.562407 0.000000 0.934374 101.105167 0.000000 12.420742 -0.037653 
211 10.562407 0.000000 -0.793241 93.581299 0.000000 12.715824 0.108085 
212 9.934406 0.000000 -0.793241 94.380815 0.000000 13.520893 0.090945 
213 10.562407 0.000000 -1.369112 94.582224 0.000000 12.636361 0.089453 
214 11.190408 0.000000 -0.793241 92.868370 0.000000 9.951894 0.127643 
215 13.702412 0.000000 0.934374 89.210998 0.000000 36.800690 0.068711 
216 13.702412 0.000000 -0.217369 93.180279 0.000000 43.318190 -0.055903 
217 14.958414 0.000000 0.934374 91.668123 0.000000 43.705276 -0.031320 
218 13.702412 0.000000 2.086117 93.767460 0.000000 28.017482 0.042268 
219 11.818409 0.000000 0.358503 79.345621 0.000000 -26.895304 0.298092 
220 11.818409 0.000000 -0.217369 75.379230 0.000000 -29.879129 0.342521 
221 12.446410 0.000000 0.358503 71.872328 0.000000 3.162745 0.482437 
222 11.818409 0.000000 0.934374 97.489706 0.000000 -9.433062 0.040677 
223 10.876408 0.000000 0.070567 94.707533 0.000000 -1.895984 0.102689 
224 10.562407 0.000000 0.070567 95.785002 0.000000 -1.726613 0.082225 
225 10.876408 0.000000 -0.217369 89.499732 0.000000 7.298893 0.193652 
226 11.190408 0.000000 0.070567 90.405789 0.000000 -9.955249 0.172769 
227 10.876408 0.000000 0.358503 94.596198 0.000000 -1.406625 0.104958 
228 -52.865695 0.000000 -18.645262 98.619757 0.000000 16.504293 0.000175 
229 -72.961727 0.000000 -18.645262 98.627957 0.000000 16.493131 0.000050 
230 -52.865695 0.000000 -37.073155 98.611066 0.000000 16.492885 0.000384 
231 -52.865695 0.000000 55.066309 98.663199 0.000000 16.481465 -0.000607 
232 -72.961727 0.000000 55.066309 98.651265 0.000000 16.482638 -0.000375 
233 -52.865695 0.000000 73.494202 98.659107 0.000000 16.475567 -0.000506 
234 -22.721646 0.000000 -9.431316 98.578926 0.000000 16.585796 0.000711 
235 -32.769663 0.000000 -9.431316 98.611203 0.000000 16.543553 0.000214 
236 -22.721646 0.000000 -18.645262 98.547670 0.000000 16.543033 0.001468 
237 27.518435 0.000000 55.066309 98.734749 0.000000 16.310313 -0.001458 
238 47.614467 0.000000 55.066309 98.714675 0.000000 16.256821 -0.000887 
239 27.518435 0.000000 73.494202 98.693555 0.000000 16.388366 -0.000900 
240 -22.721646 0.000000 27.424470 98.743690 0.000000 16.502416 -0.002265 
241 -32.769663 0.000000 27.424470 98.699741 0.000000 16.505379 -0.001407 
242 -22.721646 0.000000 36.638417 98.729424 0.000000 16.479168 -0.001906 
243 -7.649622 0.000000 -4.824342 98.395994 0.000000 16.880167 0.003329 
244 -12.673630 0.000000 -4.824342 98.537793 0.000000 16.731993 0.001034 
245 -7.649622 0.000000 -9.431316 98.305849 0.000000 16.708915 0.005677 
246 17.470418 0.000000 27.424470 99.000407 0.000000 15.937911 -0.005510 
247 27.518435 0.000000 27.424470 98.927242 0.000000 15.761244 -0.003502 
248 17.470418 0.000000 36.638417 98.859851 0.000000 16.173700 -0.003486 
249 -7.649622 0.000000 13.603551 99.021239 0.000000 16.578007 -0.008004 
250 -12.673630 0.000000 13.603551 98.872326 0.000000 16.591246 -0.005101 
251 -7.649622 0.000000 18.210524 98.972614 0.000000 16.500212 -0.006784 
252 -0.113610 0.000000 -2.520856 96.914854 0.000000 17.784512 0.029122 
253 -2.625614 0.000000 -2.520856 98.034657 0.000000 17.528443 0.008196 
254 -0.113610 0.000000 -4.824342 97.244647 0.000000 16.982554 0.025507 
255 12.446410 0.000000 13.603551 99.746482 0.000000 15.148600 -0.017884 
256 17.470418 0.000000 13.603551 99.532199 0.000000 14.755307 -0.012438 
257 12.446410 0.000000 18.210524 99.386985 0.000000 15.604640 -0.012128 
258 -0.113610 0.000000 6.693091 99.951655 0.000000 16.690024 -0.026889 
259 -2.625614 0.000000 6.693091 99.510787 0.000000 16.842936 -0.018608 
260 -0.113610 0.000000 8.996577 99.731116 0.000000 16.504374 -0.021869 
261 9.934406 0.000000 6.693091 101.227079 0.000000 14.064119 -0.044472 
262 12.446410 0.000000 6.693091 100.717151 0.000000 13.586079 -0.032853 
263 9.934406 0.000000 8.996577 100.545119 0.000000 14.709098 -0.032568 
264 3.654396 0.000000 3.237861 101.665686 0.000000 16.604421 -0.061162 
265 2.398394 0.000000 3.237861 101.388999 0.000000 16.852073 -0.056372 
266 3.654396 0.000000 4.389604 101.347723 0.000000 16.190510 -0.053349 
267 3.654396 0.000000 -1.369112 96.989498 0.000000 15.137278 0.036390 
268 2.398394 0.000000 -1.369112 94.612793 0.000000 15.360055 0.081249 
269 3.654396 0.000000 -2.520856 96.016577 0.000000 16.055514 0.052304 
270 8.678404 0.000000 3.237861 102.805085 0.000000 13.514357 -0.075152 
271 9.934406 0.000000 3.237861 102.156692 0.000000 13.124306 -0.060824 
272 8.678404 0.000000 4.389604 102.345627 0.000000 13.744510 -0.066354 
273 5.538399 0.000000 1.510246 104.517195 0.000000 24.534312 -0.152578 
274 4.910398 0.000000 1.510246 101.538161 0.000000 23.915759 -0.088196 
275 5.538399 0.000000 2.086117 103.708369 0.000000 18.896087 -0.111249 
276 8.050403 0.000000 1.510246 102.938454 0.000000 20.881569 -0.103237 
277 8.678404 0.000000 1.510246 101.610653 0.000000 22.564674 -0.083389 
278 8.050403 0.000000 2.086117 103.514272 0.000000 15.104306 -0.094334 
279 9.306405 0.000000 -0.793241 94.594618 0.000000 13.347141 0.087371 
280 8.678404 0.000000 -0.793241 94.340392 0.000000 12.975380 0.093153 
281 9.306405 0.000000 -1.369112 94.415737 0.000000 13.297871 0.090884 
282 8.050403 0.000000 -0.793241 93.733450 0.000000 12.736414 0.105182 
283 7.422402 0.000000 -0.793241 92.679237 0.000000 13.002349 0.124150 
284 8.050403 0.000000 -1.369112 93.790149 0.000000 13.372093 0.102460 
285 13.702412 0.000000 -1.369112 100.496236 0.000000 19.760711 -0.048998 
286 13.702412 0.000000 -2.520856 98.243993 0.000000 14.552287 0.013635 
287 14.958414 0.000000 -1.369112 97.810215 0.000000 19.878962 0.003799 
288 11.818409 0.000000 -0.793241 95.353935 0.000000 5.145639 0.088115 
289 11.818409 0.000000 -1.369112 97.126479 0.000000 10.344562 0.045944 
290 12.446410 0.000000 -0.793241 104.684740 0.000000 4.526719 -0.097939 
291 67.710499 0.000000 55.066309 98.700693 0.000000 16.217987 -0.000485 
292 87.806532 0.000000 55.066309 98.695835 0.000000 16.180154 -0.000267 
293 67.710499 0.000000 73.494202 98.677361 0.000000 16.341395 -0.000426 
294 37.566451 0.000000 27.424470 98.870292 0.000000 15.648848 -0.002022 
295 47.614467 0.000000 27.424470 98.842512 0.000000 15.551730 -0.001170 
296 37.566451 0.000000 36.638417 98.800342 0.000000 16.006603 -0.001772 
297 22.494427 0.000000 13.603551 99.313107 0.000000 14.559719 -0.007508 
298 27.518435 0.000000 13.603551 99.172048 0.000000 14.463645 -0.004429 
299 22.494427 0.000000 18.210524 99.179963 0.000000 15.171434 -0.006684 
300 14.958414 0.000000 6.693091 100.072285 0.000000 13.631547 -0.020028 
301 17.470418 0.000000 6.693091 99.574174 0.000000 14.072762 -0.011306 
302 14.958414 0.000000 8.996577 100.027235 0.000000 14.009678 -0.020172 
303 11.190408 0.000000 3.237861 100.992232 0.000000 13.522103 -0.038228 
304 12.446410 0.000000 3.237861 99.284722 0.000000 15.300316 -0.009156 
305 11.190408 0.000000 4.389604 101.355142 0.000000 13.009869 -0.044212 
306 6.794401 0.000000 -0.793241 91.038549 0.000000 14.298985 0.150752 
307 6.166400 0.000000 -0.793241 89.453583 0.000000 17.815246 0.168067 
308 6.794401 0.000000 -1.369112 92.630678 0.000000 14.921263 0.119691 
309 5.538399 0.000000 -0.793241 90.416228 0.000000 23.647718 0.126569 
310 4.910398 0.000000 -0.793241 97.530514 0.000000 27.233121 -0.025384 
311 5.538399 0.000000 -1.369112 93.598421 0.000000 19.071184 0.087563 
312 9.306405 0.000000 1.510246 99.317800 0.000000 25.402476 -0.050931 
313 9.934406 0.000000 1.510246 98.147993 0.000000 27.275976 -0.037701 
314 9.306405 0.000000 2.086117 101.929942 0.000000 16.144542 -0.065036 
315 13.702412 0.000000 3.237861 97.492148 0.000000 19.499304 0.011506 
316 14.958414 0.000000 3.237861 94.645640 0.000000 27.386479 0.029218 
317 13.702412 0.000000 4.389604 99.784618 0.000000 14.149120 -0.015717 
318 10.562407 0.000000 1.510246 98.047620 0.000000 25.385088 -0.025774 
319 11.190408 0.000000 1.510246 97.652643 0.000000 21.227954 0.001334 
320 10.562407 0.000000 2.086117 99.673136 0.000000 20.649505 -0.036114 
321 11.818409 0.000000 1.510246 95.312814 0.000000 18.359438 0.057840 
322 12.446410 0.000000 1.510246 92.473876 0.000000 19.838079 0.105503 
323 11.818409 0.000000 2.086117 94.667672 0.000000 29.132947 0.018930 
1 1 12 10 11 
2 12 7 13 10 
3 7 16 15 13 
4 16 2 17 15 
5 10 25 23 24 
6 25 13 26 23 
7 13 32 31 26 
8 32 15 33 31 
9 23 41 39 40 
10 41 26 42 39 
11 26 48 47 42 
12 48 31 49 47 
13 39 57 55 56 
14 57 42 58 55 
15 42 77 76 58 
16 77 47 78 76 
17 55 81 79 80 
18 81 58 82 79 
19 58 93 92 82 
20 93 76 94 92 
21 79 97 95 96 
22 97 82 98 95 
23 89 105 103 104 
24 105 5 106 103 
25 103 106 90 107 
26 6 110 108 109 
27 110 14 36 108 
28 108 36 19 111 
29 109 108 111 20 
30 14 114 112 113 
31 114 27 52 112 
32 112 52 35 115 
33 113 112 115 36 
34 27 118 116 117 
35 118 43 64 116 
36 116 64 51 119 
37 117 116 119 52 
38 43 122 120 121 
39 122 59 72 120 
40 120 72 63 123 
41 121 120 123 64 
42 59 126 124 125 
43 126 73 88 124 
44 124 88 71 127 
45 125 124 127 72 
46 73 130 128 129 
47 130 89 104 128 
48 128 104 87 131 
49 129 128 131 88 
50 19 38 132 133 
51 38 21 134 132 
52 132 134 9 135 
53 133 132 135 22 
54 35 54 136 137 
55 54 37 138 136 
56 136 138 21 139 
57 137 136 139 38 
58 51 66 140 141 
59 66 53 142 140 
60 140 142 37 143 
61 141 140 143 54 
62 63 75 144 145 
63 75 65 146 144 
64 144 146 53 147 
65 145 144 147 66 
66 71 91 148 149 
67 91 74 150 148 
68 148 150 65 151 
69 149 148 151 75 
70 87 107 152 153 
71 107 90 154 152 
72 152 154 74 155 
73 153 152 155 91 
74 104 158 156 157 
75 158 103 159 156 
76 156 159 107 160 
77 157 156 160 87 
78 82 162 161 98 
79 162 92 163 161 
80 5 165 164 106 
81 165 100 166 164 
82 164 166 99 167 
83 106 164 167 90 
84 18 169 168 45 
85 169 8 170 168 
86 168 170 29 171 
87 45 168 171 28 
88 34 173 172 61 
89 173 18 174 172 
90 172 174 45 175 
91 61 172 175 44 
92 50 177 176 69 
93 177 34 178 176 
94 176 178 61 179 
95 69 176 179 60 
96 181 50 182 180 
97 180 182 69 183 
98 100 189 188 166 
99 189 84 190 188 
100 188 190 101 191 
101 166 188 191 99 
102 15 193 192 33 
103 193 17 194 192 
104 192 194 8 169 
105 33 192 169 18 
106 31 196 195 49 
107 196 33 197 195 
108 195 197 18 173 
109 49 195 173 34 
110 47 199 198 78 
111 199 49 200 198 
112 198 200 34 177 
113 78 198 177 50 
114 76 202 201 94 
115 202 78 203 201 
116 201 203 50 181 
117 92 205 204 163 
118 205 94 206 204 
119 84 208 207 190 
120 207 209 184 210 
121 190 207 210 101 
122 163 213 211 212 
123 213 204 214 211 
124 211 214 185 208 
125 212 211 208 84 
126 68 216 215 186 
127 216 181 217 215 
128 215 217 180 218 
129 186 215 218 85 
130 185 220 219 209 
131 220 68 221 219 
132 219 221 186 222 
133 209 219 222 184 
134 208 225 223 224 
135 225 185 226 223 
136 223 226 209 227 
137 224 223 227 207 
138 11 230 228 229 
139 230 10 24 228 
140 228 24 14 110 
141 229 228 110 6 
142 20 111 231 232 
143 111 19 133 231 
144 231 133 22 233 
145 232 231 233 4 
146 24 236 234 235 
147 236 23 40 234 
148 234 40 27 114 
149 235 234 114 14 
150 21 46 237 134 
151 46 28 238 237 
152 237 238 30 239 
153 134 237 239 9 
154 36 115 240 241 
155 115 35 137 240 
156 240 137 38 242 
157 241 240 242 19 
158 40 245 243 244 
159 245 39 56 243 
160 243 56 43 118 
161 244 243 118 27 
162 37 62 246 138 
163 62 44 247 246 
164 246 247 46 248 
165 138 246 248 21 
166 52 119 249 250 
167 119 51 141 249 
168 249 141 54 251 
169 250 249 251 35 
170 56 254 252 253 
171 254 55 80 252 
172 252 80 59 122 
173 253 252 122 43 
174 53 70 255 142 
175 70 60 256 255 
176 255 256 62 257 
177 142 255 257 37 
178 64 123 258 259 
179 123 63 145 258 
180 258 145 66 260 
181 259 258 260 51 
182 65 86 261 146 
183 86 67 262 261 
184 261 262 70 263 
185 146 261 263 53 
186 72 127 264 265 
187 127 71 149 264 
188 264 149 75 266 
189 265 264 266 63 
190 80 269 267 268 
191 269 79 96 267 
192 267 96 73 126 
193 268 267 126 59 
194 74 102 270 150 
195 102 83 271 270 
196 270 271 86 272 
197 150 270 272 65 
198 88 131 273 274 
199 131 87 153 273 
200 273 153 91 275 
201 274 273 275 71 
202 90 167 276 154 
203 167 99 277 276 
204 276 277 102 278 
205 154 276 278 74 
206 161 281 279 280 
207 281 163 212 279 
208 279 212 84 189 
209 280 279 189 100 
210 98 284 282 283 
211 284 161 280 282 
212 282 280 100 165 
213 283 282 165 5 
214 94 286 285 206 
215 286 201 287 285 
216 285 287 181 216 
217 206 285 216 68 
218 204 289 288 214 
219 289 206 290 288 
220 288 290 68 220 
221 214 288 220 185 
222 28 171 291 238 
223 171 29 292 291 
224 291 292 3 293 
225 238 291 293 30 
226 44 175 294 247 
227 175 45 295 294 
228 294 295 28 296 
229 247 294 296 46 
230 60 179 297 256 
231 179 61 298 297 
232 297 298 44 299 
233 256 297 299 62 
234 67 183 300 262 
235 183 69 301 300 
236 300 301 60 302 
237 262 300 302 70 
238 83 187 303 271 
239 187 85 304 303 
240 303 304 67 305 
241 271 303 305 86 
242 95 308 306 307 
243 308 98 283 306 
244 306 283 5 105 
245 307 306 105 89 
246 96 311 309 310 
247 311 95 307 309 
248 309 307 89 130 
249 310 309 130 73 
250 99 191 312 277 
251 191 101 313 312 
252 312 313 83 314 
253 277 312 314 102 
254 85 218 315 304 
255 218 180 316 315 
256 315 316 183 317 
257 304 315 317 67 
258 101 210 318 313 
259 210 184 319 318 
260 318 319 187 320 
261 313 318 320 83 
262 184 222 321 319 
263 222 186 322 321 
264 321 322 85 323 
265 319 321 323 187 
