2 0.000000 100.000000 410.334720
323 265 
1 -72.961727 0.000000 -73.928940 94.054823 0.000000 33.927432 0.000262 
2 87.806532 0.000000 -73.928940 94.069742 0.000000 33.830312 0.000639 
3 87.806532 0.000000 73.494202 94.225129 0.000000 33.533720 -0.000289 
4 -72.961727 0.000000 73.494202 94.101153 0.000000 33.923359 -0.000582 
5 7.422402 0.000000 -0.217369 87.177520 0.000000 19.277701 0.202845 
6 -72.961727 0.000000 -0.217369 94.080713 0.000000 33.949434 -0.000374 
7 7.422402 0.000000 -73.928940 94.013329 0.000000 33.867254 0.001450 
8 87.806532 0.000000 -0.217369 94.423512 0.000000 32.872983 0.000357 
9 7.422402 0.000000 73.494202 94.184012 0.000000 33.823235 -0.001464 
10 -32.769663 0.000000 -37.073155 94.003757 0.000000 33.952637 0.001051 
11 -72.961727 0.000000 -37.073155 94.058937 0.000000 33.940565 0.000095 
12 -32.769663 0.000000 -73.928940 94.032085 0.000000 33.916273 0.000765 
13 7.422402 0.000000 -37.073155 93.841224 0.000000 33.726176 0.005637 
14 -32.769663 0.000000 -0.217369 94.101945 0.000000 34.040895 -0.001396 
15 47.614467 0.000000 -37.073155 94.053745 0.000000 33.565553 0.002725 
16 47.614467 0.000000 -73.928940 94.041573 0.000000 33.824820 0.001206 
17 87.806532 0.000000 -37.073155 94.112452 0.000000 33.690715 0.000778 
18 47.614467 0.000000 -0.217369 95.036600 0.000000 30.934573 0.001110 
19 -32.769663 0.000000 36.638417 94.184432 0.000000 33.939537 -0.002260 
20 -72.961727 0.000000 36.638417 94.100711 0.000000 33.937723 -0.000671 
21 7.422402 0.000000 36.638417 94.481942 0.000000 33.585835 -0.005485 
22 -32.769663 0.000000 73.494202 94.136675 0.000000 33.903784 -0.001118 
23 -12.673630 0.000000 -18.645262 93.810958 0.000000 34.036370 0.004103 
24 -32.769663 0.000000 -18.645262 94.018530 0.000000 34.003725 0.000426 
25 -12.673630 0.000000 -37.073155 93.913852 0.000000 33.911136 0.003022 
26 7.422402 0.000000 -18.645262 93.267132 0.000000 33.295625 0.019264 
27 -12.673630 0.000000 -0.217369 94.162948 0.000000 34.382103 -0.004879 
28 47.614467 0.000000 36.638417 94.567796 0.000000 32.705534 -0.001272 
29 87.806532 0.000000 36.638417 95.005209 0.000000 31.343563 -0.000841 
30 47.614467 0.000000 73.494202 94.194426 0.000000 33.696814 -0.000807 
31 27.518435 0.000000 -18.645262 93.962818 0.000000 32.638264 0.010573 
32 27.518435 0.000000 -37.073155 93.942180 0.000000 33.556096 0.004886 
33 47.614467 0.000000 -18.645262 94.206428 0.000000 33.038230 0.003362 
34 27.518435 0.000000 -0.217369 94.674021 0.000000 31.034004 0.007372 
35 -12.673630 0.000000 18.210524 94.478908 0.000000 33.997742 -0.008211 
36 -32.769663 0.000000 18.210524 94.180718 0.000000 33.995348 -0.002569 
37 7.422402 0.000000 18.210524 95.393866 0.000000 32.908589 -0.018296 
38 -12.673630 0.000000 36.638417 94.318780 0.000000 33.871761 -0.004333 
39 -2.625614 0.000000 -9.431316 93.085608 0.000000 34.230293 0.016336 
40 -12.673630 0.000000 -9.431316 93.849727 0.000000 34.224951 0.002088 
41 -2.625614 0.000000 -18.645262 93.510690 0.000000 33.875326 0.010821 
42 7.422402 0.000000 -9.431316 91.822193 0.000000 32.375399 0.052052 
43 -2.625614 0.000000 -0.217369 94.312169 0.000000 36.159293 -0.020228 
44 27.518435 0.000000 18.210524 95.254025 0.000000 31.178825 -0.004545 
45 47.614467 0.000000 18.210524 91.462635 0.000000 41.197991 -0.006269 
46 27.518435 0.000000 36.638417 94.513841 0.000000 33.165375 -0.003281 
47 17.470418 0.000000 -9.431316 93.272321 0.000000 30.618809 0.036276 
48 17.470418 0.000000 -18.645262 93.552962 0.000000 32.691128 0.017913 
49 27.518435 0.000000 -9.431316 94.315931 0.000000 31.193289 0.013148 
50 17.470418 0.000000 -0.217369 91.428985 0.000000 39.353095 0.009207 
51 -2.625614 0.000000 8.996577 95.502413 0.000000 34.136699 -0.028603 
52 -12.673630 0.000000 8.996577 94.468965 0.000000 34.204661 -0.009434 
53 7.422402 0.000000 8.996577 97.481149 0.000000 31.563341 -0.049882 
54 -2.625614 0.000000 18.210524 94.914195 0.000000 33.761583 -0.014855 
55 2.398394 0.000000 -4.824342 90.853238 0.000000 33.635926 0.061431 
56 -2.625614 0.000000 -4.824342 92.912350 0.000000 34.949054 0.014586 
57 2.398394 0.000000 -9.431316 92.323855 0.000000 33.626100 0.034559 
58 7.422402 0.000000 -4.824342 89.465994 0.000000 31.027663 0.103312 
59 2.398394 0.000000 -0.217369 96.266039 0.000000 36.207468 -0.057813 
60 17.470418 0.000000 8.996577 93.420746 0.000000 32.471964 0.021814 
61 27.518435 0.000000 8.996577 89.302755 0.000000 47.013396 -0.018524 
62 17.470418 0.000000 18.210524 95.363129 0.000000 31.876745 -0.011025 
63 2.398394 0.000000 4.389604 98.486337 0.000000 33.675446 -0.083359 
64 -2.625614 0.000000 4.389604 95.723267 0.000000 34.932753 -0.038324 
65 7.422402 0.000000 4.389604 100.364985 0.000000 30.647272 -0.101239 
66 2.398394 0.000000 8.996577 96.608863 0.000000 33.313458 -0.044306 
67 12.446410 0.000000 4.389604 83.049404 0.000000 54.465804 0.013627 
68 12.446410 0.000000 -0.217369 58.748760 0.000000 -18.745182 0.619720 
69 17.470418 0.000000 4.389604 90.802814 0.000000 38.048139 0.030719 
70 12.446410 0.000000 8.996577 97.012382 0.000000 29.843449 -0.030203 
71 4.910398 0.000000 2.086117 98.958527 0.000000 38.257588 -0.125643 
72 2.398394 0.000000 2.086117 100.118685 0.000000 34.478163 -0.121249 
73 4.910398 0.000000 -0.217369 84.233241 0.000000 47.083920 0.068787 
74 7.422402 0.000000 2.086117 93.603151 0.000000 52.073587 -0.147321 
75 4.910398 0.000000 4.389604 99.567549 0.000000 32.341391 -0.095966 
76 12.446410 0.000000 -4.824342 91.201836 0.000000 28.327396 0.087978 
77 12.446410 0.000000 -9.431316 92.260119 0.000000 31.047657 0.052411 
78 17.470418 0.000000 -4.824342 93.491058 0.000000 29.031912 0.041657 
79 4.910398 0.000000 -2.520856 89.392687 0.000000 31.742840 0.100134 
80 2.398394 0.000000 -2.520856 88.885018 0.000000 32.423395 0.104818 
81 4.910398 0.000000 -4.824342 90.195135 0.000000 32.542678 0.080581 
82 7.422402 0.000000 -2.520856 87.428611 0.000000 29.682130 0.147521 
83 9.934406 0.000000 2.086117 92.690777 0.000000 49.217338 -0.101393 
84 9.934406 0.000000 -0.217369 93.144814 0.000000 -2.239292 0.131903 
85 12.446410 0.000000 2.086117 95.046385 0.000000 17.180141 0.067103 
86 9.934406 0.000000 4.389604 98.023574 0.000000 31.827022 -0.062158 
87 6.166400 0.000000 0.934374 105.798464 0.000000 40.859657 -0.286283 
88 4.910398 0.000000 0.934374 86.059287 0.000000 68.399790 -0.208473 
89 6.166400 0.000000 -0.217369 79.392689 0.000000 23.975170 0.312199 
90 7.422402 0.000000 0.934374 94.172451 0.000000 -2.256676 0.112646 
91 6.166400 0.000000 2.086117 98.045498 0.000000 44.730243 -0.161371 
92 9.934406 0.000000 -2.520856 88.247741 0.000000 27.471825 0.145764 
93 9.934406 0.000000 -4.824342 89.703220 0.000000 29.237163 0.109852 
94 12.446410 0.000000 -2.520856 92.320528 0.000000 27.534593 0.071877 
95 6.166400 0.000000 -1.369112 86.341576 0.000000 30.529140 0.161310 
96 4.910398 0.000000 -1.369112 90.744904 0.000000 31.866842 0.074987 
97 6.166400 0.000000 -2.520856 88.038747 0.000000 31.024821 0.128664 
98 7.422402 0.000000 -1.369112 86.524322 0.000000 28.503221 0.170111 
99 8.678404 0.000000 0.934374 94.278314 0.000000 -2.486180 0.110542 
100 8.678404 0.000000 -0.217369 94.278314 0.000000 -2.486180 0.110542 
101 9.934406 0.000000 0.934374 98.083320 0.000000 13.421108 0.019954 
102 8.678404 0.000000 2.086117 94.594896 0.000000 45.822019 -0.104785 
103 6.794401 0.000000 0.358503 94.497012 0.000000 -1.876546 0.106679 
104 6.166400 0.000000 0.358503 96.801575 0.000000 10.018507 0.052908 
105 6.794401 0.000000 -0.217369 84.241642 0.000000 19.574753 0.252017 
106 7.422402 0.000000 0.358503 94.270791 0.000000 -2.265584 0.110789 
107 6.794401 0.000000 0.934374 101.941565 0.000000 25.903837 -0.106309 
108 -52.865695 0.000000 18.210524 94.114662 0.000000 33.963295 -0.001108 
109 -72.961727 0.000000 18.210524 94.093155 0.000000 33.945571 -0.000582 
110 -52.865695 0.000000 -0.217369 94.086738 0.000000 33.974221 -0.000656 
111 -52.865695 0.000000 36.638417 94.125889 0.000000 33.943454 -0.001184 
112 -22.721646 0.000000 8.996577 94.228445 0.000000 34.090750 -0.004118 
113 -32.769663 0.000000 8.996577 94.150911 0.000000 34.026305 -0.002218 
114 -22.721646 0.000000 -0.217369 94.120299 0.000000 34.131469 -0.002359 
115 -22.721646 0.000000 18.210524 94.271914 0.000000 34.015064 -0.004422 
116 -7.649622 0.000000 4.389604 94.661565 0.000000 34.567608 -0.015573 
117 -12.673630 0.000000 4.389604 94.356239 0.000000 34.325301 -0.008133 
118 -7.649622 0.000000 -0.217369 94.210290 0.000000 34.755316 -0.008351 
119 -7.649622 0.000000 8.996577 94.802492 0.000000 34.262830 -0.016145 
120 -0.113610 0.000000 2.086117 97.482600 0.000000 36.377767 -0.082620 
121 -2.625614 0.000000 2.086117 95.409975 0.000000 35.705669 -0.037796 
122 -0.113610 0.000000 -0.217369 96.056286 0.000000 39.160380 -0.076035 
123 -0.113610 0.000000 4.389604 97.028319 0.000000 34.734602 -0.062099 
124 3.654396 0.000000 0.934374 91.320563 0.000000 45.295132 -0.039109 
125 2.398394 0.000000 0.934374 101.157427 0.000000 36.882231 -0.159312 
126 3.654396 0.000000 -0.217369 91.644404 0.000000 8.482040 0.152936 
127 3.654396 0.000000 2.086117 99.059859 0.000000 34.785714 -0.102290 
128 5.538399 0.000000 0.358503 89.913318 0.000000 41.988235 0.015258 
129 4.910398 0.000000 0.358503 86.806644 0.000000 56.368437 -0.071279 
130 5.538399 0.000000 -0.217369 85.125316 0.000000 50.040422 0.024964 
131 5.538399 0.000000 0.934374 96.835995 0.000000 63.060315 -0.335381 
132 -12.673630 0.000000 55.066309 94.215654 0.000000 33.863645 -0.002334 
133 -32.769663 0.000000 55.066309 94.160412 0.000000 33.912956 -0.001627 
134 7.422402 0.000000 55.066309 94.266736 0.000000 33.756251 -0.002570 
135 -12.673630 0.000000 73.494202 94.161912 0.000000 33.873399 -0.001387 
136 -2.625614 0.000000 27.424470 94.583999 0.000000 33.733571 -0.008409 
137 -12.673630 0.000000 27.424470 94.397310 0.000000 33.903926 -0.006033 
138 7.422402 0.000000 27.424470 94.745474 0.000000 33.385261 -0.009128 
139 -2.625614 0.000000 36.638417 94.409776 0.000000 33.763414 -0.005317 
140 2.398394 0.000000 13.603551 95.698373 0.000000 33.324030 -0.026867 
141 -2.625614 0.000000 13.603551 95.174009 0.000000 33.859551 -0.020456 
142 7.422402 0.000000 13.603551 96.075167 0.000000 32.456378 -0.028385 
143 2.398394 0.000000 18.210524 95.182534 0.000000 33.425514 -0.017698 
144 4.910398 0.000000 6.693091 98.167119 0.000000 32.320807 -0.068142 
145 2.398394 0.000000 6.693091 97.330455 0.000000 33.396553 -0.058855 
146 7.422402 0.000000 6.693091 98.718988 0.000000 30.905893 -0.070061 
147 4.910398 0.000000 8.996577 97.126415 0.000000 32.541601 -0.049250 
148 6.166400 0.000000 3.237861 100.853622 0.000000 32.876689 -0.125233 
149 4.910398 0.000000 3.237861 100.156755 0.000000 33.135613 -0.112934 
150 7.422402 0.000000 3.237861 100.135462 0.000000 33.551252 -0.115280 
151 6.166400 0.000000 4.389604 100.124300 0.000000 31.522729 -0.101856 
152 6.794401 0.000000 1.510246 94.835568 0.000000 57.135503 -0.225825 
153 6.166400 0.000000 1.510246 95.399484 0.000000 58.627421 -0.253824 
154 7.422402 0.000000 1.510246 92.552069 0.000000 58.918712 -0.203730 
155 6.794401 0.000000 2.086117 95.392526 0.000000 49.833273 -0.158309 
156 6.480401 0.000000 0.646438 95.621633 0.000000 -0.135821 0.085648 
157 6.166400 0.000000 0.646438 97.053043 0.000000 8.255149 0.051256 
158 6.480401 0.000000 0.358503 95.667988 0.000000 -0.389914 0.084748 
159 6.794401 0.000000 0.646438 94.609037 0.000000 -1.808132 0.104586 
160 6.480401 0.000000 0.934374 104.312269 0.000000 31.366411 -0.186490 
161 8.678404 0.000000 -1.369112 87.362623 0.000000 28.506615 0.155515 
162 8.678404 0.000000 -2.520856 87.663553 0.000000 28.449187 0.150575 
163 9.934406 0.000000 -1.369112 87.954835 0.000000 28.886107 0.142954 
164 8.050403 0.000000 0.358503 94.253462 0.000000 -2.432155 0.111037 
165 8.050403 0.000000 -0.217369 94.170206 0.000000 -2.430920 0.112606 
166 8.678404 0.000000 0.358503 94.281019 0.000000 -2.480017 0.110494 
167 8.050403 0.000000 0.934374 94.170206 0.000000 -2.430920 0.112606 
168 67.710499 0.000000 18.210524 91.517149 0.000000 40.976819 -0.005449 
169 67.710499 0.000000 -0.217369 94.640357 0.000000 32.208379 0.000582 
170 87.806532 0.000000 18.210524 95.342065 0.000000 30.370631 -0.001248 
171 67.710499 0.000000 36.638417 94.804955 0.000000 31.934641 -0.000780 
172 37.566451 0.000000 8.996577 94.020244 0.000000 33.908177 0.001043 
173 37.566451 0.000000 -0.217369 95.208527 0.000000 30.174915 0.002481 
174 47.614467 0.000000 8.996577 93.182208 0.000000 36.256738 0.000253 
175 37.566451 0.000000 18.210524 95.026675 0.000000 31.423584 -0.001751 
176 22.494427 0.000000 4.389604 92.437653 0.000000 35.159882 0.021906 
177 22.494427 0.000000 -0.217369 93.990075 0.000000 33.380048 0.005164 
178 27.518435 0.000000 4.389604 93.344044 0.000000 35.383454 0.003490 
179 22.494427 0.000000 8.996577 91.919798 0.000000 39.071985 0.002413 
180 14.958414 0.000000 2.086117 83.594473 0.000000 57.622965 -0.030844 
181 14.958414 0.000000 -0.217369 87.575198 0.000000 48.557227 -0.002722 
182 17.470418 0.000000 2.086117 83.048191 0.000000 44.567208 0.111676 
183 14.958414 0.000000 4.389604 92.075530 0.000000 38.132359 0.006802 
184 11.190408 0.000000 0.934374 93.076150 0.000000 14.217381 0.113470 
185 11.190408 0.000000 -0.217369 79.653618 0.000000 17.389790 0.335290 
186 12.446410 0.000000 0.934374 71.774995 0.000000 35.014448 0.362234 
187 11.190408 0.000000 2.086117 95.431309 0.000000 31.994129 -0.013076 
188 9.306405 0.000000 0.358503 93.991549 0.000000 -2.428842 0.115969 
189 9.306405 0.000000 -0.217369 93.984609 0.000000 -2.429698 0.116099 
190 9.934406 0.000000 0.358503 93.162804 0.000000 -2.239331 0.131568 
191 9.306405 0.000000 0.934374 93.984609 0.000000 -2.429698 0.116099 
192 67.710499 0.000000 -18.645262 94.213470 0.000000 33.318464 0.001370 
193 67.710499 0.000000 -37.073155 94.100437 0.000000 33.632172 0.001398 
194 87.806532 0.000000 -18.645262 94.188968 0.000000 33.489758 0.000687 
195 37.566451 0.000000 -9.431316 94.499193 0.000000 31.871392 0.005412 
196 37.566451 0.000000 -18.645262 94.158241 0.000000 32.851170 0.005503 
197 47.614467 0.000000 -9.431316 94.469494 0.000000 32.374515 0.002741 
198 22.494427 0.000000 -4.824342 94.413520 0.000000 29.570604 0.021167 
199 22.494427 0.000000 -9.431316 93.975179 0.000000 30.825483 0.021846 
200 27.518435 0.000000 -4.824342 94.750817 0.000000 30.098938 0.011634 
201 14.958414 0.000000 -2.520856 93.098868 0.000000 30.352762 0.041131 
202 14.958414 0.000000 -4.824342 92.642713 0.000000 28.645512 0.059676 
203 17.470418 0.000000 -2.520856 93.563889 0.000000 30.227663 0.033209 
204 11.190408 0.000000 -1.369112 88.964607 0.000000 27.010688 0.135572 
205 11.190408 0.000000 -2.520856 89.867222 0.000000 26.842236 0.120338 
206 12.446410 0.000000 -1.369112 95.862067 0.000000 26.828120 0.009072 
207 10.562407 0.000000 0.358503 90.593130 0.000000 -1.605732 0.179031 
208 10.562407 0.000000 -0.217369 85.959206 0.000000 23.103721 0.207723 
209 11.190408 0.000000 0.358503 82.656244 0.000000 -6.572449 0.312475 
210 10.562407 0.000000 0.934374 96.822798 0.000000 13.937077 0.043110 
211 10.562407 0.000000 -0.793241 87.295487 0.000000 29.520576 0.150803 
212 9.934406 0.000000 -0.793241 88.100883 0.000000 30.161967 0.132849 
213 10.562407 0.000000 -1.369112 88.196578 0.000000 28.437294 0.141268 
214 11.190408 0.000000 -0.793241 86.436423 0.000000 26.616392 0.182031 
215 13.702412 0.000000 0.934374 66.437627 0.000000 70.062505 0.067729 
216 13.702412 0.000000 -0.217369 81.693132 0.000000 69.759805 -0.154020 
217 14.958414 0.000000 0.934374 77.656332 0.000000 66.854804 -0.050007 
218 13.702412 0.000000 2.086117 87.536414 0.000000 38.661844 0.084264 
219 11.818409 0.000000 0.358503 63.449509 0.000000 -21.379822 0.551706 
220 11.818409 0.000000 -0.217369 57.267398 0.000000 -22.692400 0.620550 
221 12.446410 0.000000 0.358503 47.150876 0.000000 24.130688 0.719450 
222 11.818409 0.000000 0.934374 82.751931 0.000000 19.677451 0.276492 
223 10.876408 0.000000 0.070567 88.544217 0.000000 -1.757307 0.215683 
224 10.562407 0.000000 0.070567 90.679985 0.000000 -1.637210 0.177446 
225 10.876408 0.000000 -0.217369 83.115666 0.000000 21.616673 0.262451 
226 11.190408 0.000000 0.070567 80.692913 0.000000 -8.661045 0.341364 
227 10.876408 0.000000 0.358503 88.328636 0.000000 -1.306670 0.219634 
228 -52.865695 0.000000 -18.645262 94.057555 0.000000 33.966492 -0.000055 
229 -72.961727 0.000000 -18.645262 94.067792 0.000000 33.947134 -0.000116 
230 -52.865695 0.000000 -37.073155 94.043068 0.000000 33.949014 0.000337 
231 -52.865695 0.000000 55.066309 94.122982 0.000000 33.926963 -0.001017 
232 -72.961727 0.000000 55.066309 94.102732 0.000000 33.929617 -0.000654 
233 -52.865695 0.000000 73.494202 94.115668 0.000000 33.917983 -0.000819 
234 -22.721646 0.000000 -9.431316 94.010246 0.000000 34.097107 -0.000054 
235 -32.769663 0.000000 -9.431316 94.051888 0.000000 34.030697 -0.000385 
236 -22.721646 0.000000 -18.645262 93.956186 0.000000 34.033953 0.001393 
237 27.518435 0.000000 55.066309 94.282874 0.000000 33.615002 -0.001923 
238 47.614467 0.000000 55.066309 94.289954 0.000000 33.467618 -0.001068 
239 27.518435 0.000000 73.494202 94.191582 0.000000 33.761296 -0.001188 
240 -22.721646 0.000000 27.424470 94.266178 0.000000 33.957855 -0.003925 
241 -32.769663 0.000000 27.424470 94.189520 0.000000 33.963771 -0.002520 
242 -22.721646 0.000000 36.638417 94.238998 0.000000 33.920588 -0.003160 
243 -7.649622 0.000000 -4.824342 93.760802 0.000000 34.580539 0.001310 
244 -12.673630 0.000000 -4.824342 93.968451 0.000000 34.333600 -0.000887 
245 -7.649622 0.000000 -9.431316 93.606992 0.000000 34.298991 0.006131 
246 17.470418 0.000000 27.424470 94.781255 0.000000 32.941290 -0.006861 
247 27.518435 0.000000 27.424470 94.766935 0.000000 32.532581 -0.003914 
248 17.470418 0.000000 36.638417 94.513153 0.000000 33.375089 -0.004663 
249 -7.649622 0.000000 13.603551 94.757482 0.000000 34.047781 -0.013823 
250 -12.673630 0.000000 13.603551 94.498179 0.000000 34.086741 -0.009181 
251 -7.649622 0.000000 18.210524 94.663464 0.000000 33.931547 -0.011252 
252 -0.113610 0.000000 -2.520856 90.995128 0.000000 36.046047 0.042057 
253 -2.625614 0.000000 -2.520856 93.190867 0.000000 35.704994 0.004062 
254 -0.113610 0.000000 -4.824342 91.840854 0.000000 34.722993 0.035957 
255 12.446410 0.000000 13.603551 96.074640 0.000000 31.468394 -0.022060 
256 17.470418 0.000000 13.603551 95.768584 0.000000 30.843425 -0.012294 
257 12.446410 0.000000 18.210524 95.433379 0.000000 32.367464 -0.015518 
258 -0.113610 0.000000 6.693091 96.459466 0.000000 34.124888 -0.046894 
259 -2.625614 0.000000 6.693091 95.669950 0.000000 34.435664 -0.033855 
260 -0.113610 0.000000 8.996577 96.042094 0.000000 33.832463 -0.036872 
261 9.934406 0.000000 6.693091 98.511457 0.000000 29.537981 -0.057700 
262 12.446410 0.000000 6.693091 96.989097 0.000000 29.579167 -0.028181 
263 9.934406 0.000000 8.996577 97.466816 0.000000 30.546048 -0.043284 
264 3.654396 0.000000 3.237861 99.577279 0.000000 33.379444 -0.102982 
265 2.398394 0.000000 3.237861 99.194719 0.000000 33.964997 -0.099321 
266 3.654396 0.000000 4.389604 98.998383 0.000000 32.975299 -0.088805 
267 3.654396 0.000000 -1.369112 90.710942 0.000000 26.043073 0.109328 
268 2.398394 0.000000 -1.369112 86.673125 0.000000 26.388696 0.179141 
269 3.654396 0.000000 -2.520856 89.642060 0.000000 31.499810 0.097206 
270 8.678404 0.000000 3.237861 96.281641 0.000000 39.344971 -0.081818 
271 9.934406 0.000000 3.237861 89.214509 0.000000 51.068119 -0.056718 
272 8.678404 0.000000 4.389604 99.860108 0.000000 30.341528 -0.089265 
273 5.538399 0.000000 1.510246 94.221061 0.000000 57.509620 -0.218496 
274 4.910398 0.000000 1.510246 94.329975 0.000000 49.712331 -0.136946 
275 5.538399 0.000000 2.086117 99.091795 0.000000 41.031201 -0.150274 
276 8.050403 0.000000 1.510246 94.254970 0.000000 46.065167 -0.100600 
277 8.678404 0.000000 1.510246 98.005531 0.000000 33.063165 -0.069826 
278 8.050403 0.000000 2.086117 94.712316 0.000000 48.137308 -0.128762 
279 9.306405 0.000000 -0.793241 88.269516 0.000000 29.469976 0.134001 
280 8.678404 0.000000 -0.793241 88.009616 0.000000 28.497709 0.144219 
281 9.306405 0.000000 -1.369112 87.703547 0.000000 28.777285 0.147996 
282 8.050403 0.000000 -0.793241 87.455259 0.000000 27.472603 0.159683 
283 7.422402 0.000000 -0.793241 86.533791 0.000000 26.880067 0.178937 
284 8.050403 0.000000 -1.369112 86.980246 0.000000 28.301202 0.163348 
285 13.702412 0.000000 -1.369112 95.764881 0.000000 36.906981 -0.053304 
286 13.702412 0.000000 -2.520856 93.317821 0.000000 29.565664 0.041766 
287 14.958414 0.000000 -1.369112 92.428803 0.000000 35.851225 0.017161 
288 11.818409 0.000000 -0.793241 89.014928 0.000000 20.850677 0.164159 
289 11.818409 0.000000 -1.369112 91.446072 0.000000 25.717272 0.097624 
290 12.446410 0.000000 -0.793241 100.314474 0.000000 19.089472 -0.042740 
291 67.710499 0.000000 55.066309 94.326962 0.000000 33.282726 -0.000532 
292 87.806532 0.000000 55.066309 94.420836 0.000000 32.983287 -0.000319 
293 67.710499 0.000000 73.494202 94.202901 0.000000 33.625963 -0.000489 
294 37.566451 0.000000 27.424470 94.819343 0.000000 32.119885 -0.002239 
295 47.614467 0.000000 27.424470 94.956214 0.000000 31.599298 -0.001520 
296 37.566451 0.000000 36.638417 94.525134 0.000000 32.952269 -0.002085 
297 22.494427 0.000000 13.603551 95.440736 0.000000 30.848593 -0.006057 
298 27.518435 0.000000 13.603551 94.635526 0.000000 32.688397 -0.002441 
299 22.494427 0.000000 18.210524 95.284143 0.000000 31.492595 -0.007085 
300 14.958414 0.000000 6.693091 93.028494 0.000000 34.738078 0.013897 
301 17.470418 0.000000 6.693091 84.195325 0.000000 45.076286 0.087928 
302 14.958414 0.000000 8.996577 96.149169 0.000000 29.869227 -0.013683 
303 11.190408 0.000000 3.237861 90.953290 0.000000 41.436542 0.001051 
304 12.446410 0.000000 3.237861 87.589797 0.000000 41.784743 0.058206 
305 11.190408 0.000000 4.389604 93.138447 0.000000 38.720375 -0.017404 
306 6.794401 0.000000 -0.793241 85.221904 0.000000 27.238010 0.199532 
307 6.166400 0.000000 -0.793241 84.272430 0.000000 29.646182 0.201926 
308 6.794401 0.000000 -1.369112 86.122162 0.000000 29.120629 0.173496 
309 5.538399 0.000000 -0.793241 86.023087 0.000000 33.772596 0.145944 
310 4.910398 0.000000 -0.793241 93.484329 0.000000 34.926357 0.004083 
311 5.538399 0.000000 -1.369112 87.853367 0.000000 32.146273 0.124840 
312 9.306405 0.000000 1.510246 97.397075 0.000000 34.475922 -0.067478 
313 9.934406 0.000000 1.510246 90.994522 0.000000 58.341375 -0.168372 
314 9.306405 0.000000 2.086117 85.408328 0.000000 69.615013 -0.214083 
315 13.702412 0.000000 3.237861 93.314211 0.000000 33.802560 0.014984 
316 14.958414 0.000000 3.237861 92.345293 0.000000 35.225321 0.023152 
317 13.702412 0.000000 4.389604 86.733908 0.000000 46.930256 0.027478 
318 10.562407 0.000000 1.510246 95.231955 0.000000 31.662540 -0.007164 
319 11.190408 0.000000 1.510246 94.192937 0.000000 25.468522 0.047905 
320 10.562407 0.000000 2.086117 96.019057 0.000000 35.092021 -0.045111 
321 11.818409 0.000000 1.510246 89.231591 0.000000 27.264987 0.129434 
322 12.446410 0.000000 1.510246 83.863308 0.000000 32.358389 0.191988 
323 11.818409 0.000000 2.086117 96.237475 0.000000 35.775178 -0.054151 
1 1 12 10 11 
2 12 7 13 10 
3 7 16 15 13 
4 16 2 17 15 
5 10 25 23 24 
6 25 13 26 23 
7 13 32 31 26 
8 32 15 33 31 
9 23 41 39 40 
10 41 26 42 39 
11 26 48 47 42 
12 48 31 49 47 
13 39 57 55 56 
14 57 42 58 55 
15 42 77 76 58 
16 77 47 78 76 
17 55 81 79 80 
18 81 58 82 79 
19 58 93 92 82 
20 93 76 94 92 
21 79 97 95 96 
22 97 82 98 95 
23 89 105 103 104 
24 105 5 106 103 
25 103 106 90 107 
26 6 110 108 109 
27 110 14 36 108 
28 108 36 19 111 
29 109 108 111 20 
30 14 114 112 113 
31 114 27 52 112 
32 112 52 35 115 
33 113 112 115 36 
34 27 118 116 117 
35 118 43 64 116 
36 116 64 51 119 
37 117 116 119 52 
38 43 122 120 121 
39 122 59 72 120 
40 120 72 63 123 
41 121 120 123 64 
42 59 126 124 125 
43 126 73 88 124 
44 124 88 71 127 
45 125 124 127 72 
46 73 130 128 129 
47 130 89 104 128 
48 128 104 87 131 
49 129 128 131 88 
50 19 38 132 133 
51 38 21 134 132 
52 132 134 9 135 
53 133 132 135 22 
54 35 54 136 137 
55 54 37 138 136 
56 136 138 21 139 
57 137 136 139 38 
58 51 66 140 141 
59 66 53 142 140 
60 140 142 37 143 
61 141 140 143 54 
62 63 75 144 145 
63 75 65 146 144 
64 144 146 53 147 
65 145 144 147 66 
66 71 91 148 149 
67 91 74 150 148 
68 148 150 65 151 
69 149 148 151 75 
70 87 107 152 153 
71 107 90 154 152 
72 152 154 74 155 
73 153 152 155 91 
74 104 158 156 157 
75 158 103 159 156 
76 156 159 107 160 
77 157 156 160 87 
78 82 162 161 98 
79 162 92 163 161 
80 5 165 164 106 
81 165 100 166 164 
82 164 166 99 167 
83 106 164 167 90 
84 18 169 168 45 
85 169 8 170 168 
86 168 170 29 171 
87 45 168 171 28 
88 34 173 172 61 
89 173 18 174 172 
90 172 174 45 175 
91 61 172 175 44 
92 50 177 176 69 
93 177 34 178 176 
94 176 178 61 179 
95 69 176 179 60 
96 181 50 182 180 
97 180 182 69 183 
98 100 189 188 166 
99 189 84 190 188 
100 188 190 101 191 
101 166 188 191 99 
102 15 193 192 33 
103 193 17 194 192 
104 192 194 8 169 
105 33 192 169 18 
106 31 196 195 49 
107 196 33 197 195 
108 195 197 18 173 
109 49 195 173 34 
110 47 199 198 78 
111 199 49 200 198 
112 198 200 34 177 
113 78 198 177 50 
114 76 202 201 94 
115 202 78 203 201 
116 201 203 50 181 
117 92 205 204 163 
118 205 94 206 204 
119 84 208 207 190 
120 207 209 184 210 
121 190 207 210 101 
122 163 213 211 212 
123 213 204 214 211 
124 211 214 185 208 
125 212 211 208 84 
126 68 216 215 186 
127 216 181 217 215 
128 215 217 180 218 
129 186 215 218 85 
130 185 220 219 209 
131 220 68 221 219 
132 219 221 186 222 
133 209 219 222 184 
134 208 225 223 224 
135 225 185 226 223 
136 223 226 209 227 
137 224 223 227 207 
138 11 230 228 229 
139 230 10 24 228 
140 228 24 14 110 
141 229 228 110 6 
142 20 111 231 232 
143 111 19 133 231 
144 231 133 22 233 
145 232 231 233 4 
146 24 236 234 235 
147 236 23 40 234 
148 234 40 27 114 
149 235 234 114 14 
150 21 46 237 134 
151 46 28 238 237 
152 237 238 30 239 
153 134 237 239 9 
154 36 115 240 241 
155 115 35 137 240 
156 240 137 38 242 
157 241 240 242 19 
158 40 245 243 244 
159 245 39 56 243 
160 243 56 43 118 
161 244 243 118 27 
162 37 62 246 138 
163 62 44 247 246 
164 246 247 46 248 
165 138 246 248 21 
166 52 119 249 250 
167 119 51 141 249 
168 249 141 54 251 
169 250 249 251 35 
170 56 254 252 253 
171 254 55 80 252 
172 252 80 59 122 
173 253 252 122 43 
174 53 70 255 142 
175 70 60 256 255 
176 255 256 62 257 
177 142 255 257 37 
178 64 123 258 259 
179 123 63 145 258 
180 258 145 66 260 
181 259 258 260 51 
182 65 86 261 146 
183 86 67 262 261 
184 261 262 70 263 
185 146 261 263 53 
186 72 127 264 265 
187 127 71 149 264 
188 264 149 75 266 
189 265 264 266 63 
190 80 269 267 268 
191 269 79 96 267 
192 267 96 73 126 
193 268 267 126 59 
194 74 102 270 150 
195 102 83 271 270 
196 270 271 86 272 
197 150 270 272 65 
198 88 131 273 274 
199 131 87 153 273 
200 273 153 91 275 
201 274 273 275 71 
202 90 167 276 154 
203 167 99 277 276 
204 276 277 102 278 
205 154 276 278 74 
206 161 281 279 280 
207 281 163 212 279 
208 279 212 84 189 
209 280 279 189 100 
210 98 284 282 283 
211 284 161 280 282 
212 282 280 100 165 
213 283 282 165 5 
214 94 286 285 206 
215 286 201 287 285 
216 285 287 181 216 
217 206 285 216 68 
218 204 289 288 214 
219 289 206 290 288 
220 288 290 68 220 
221 214 288 220 185 
222 28 171 291 238 
223 171 29 292 291 
224 291 292 3 293 
225 238 291 293 30 
226 44 175 294 247 
227 175 45 295 294 
228 294 295 28 296 
229 247 294 296 46 
230 60 179 297 256 
231 179 61 298 297 
232 297 298 44 299 
233 256 297 299 62 
234 67 183 300 262 
235 183 69 301 300 
236 300 301 60 302 
237 262 300 302 70 
238 83 187 303 271 
239 187 85 304 303 
240 303 304 67 305 
241 271 303 305 86 
242 95 308 306 307 
243 308 98 283 306 
244 306 283 5 105 
245 307 306 105 89 
246 96 311 309 310 
247 311 95 307 309 
248 309 307 89 130 
249 310 309 130 73 
250 99 191 312 277 
251 191 101 313 312 
252 312 313 83 314 
253 277 312 314 102 
254 85 218 315 304 
255 218 180 316 315 
256 315 316 183 317 
257 304 315 317 67 
258 101 210 318 313 
259 210 184 319 318 
260 318 319 187 320 
261 313 318 320 83 
262 184 222 321 319 
263 222 186 322 321 
264 321 322 85 323 
265 319 321 323 187 
