2 0.000000 100.000000 410.334720
323 265 
1 -72.961727 0.000000 -73.928940 96.256047 0.000000 27.050538 0.000304 
2 87.806532 0.000000 -73.928940 96.269476 0.000000 26.943826 0.000622 
3 87.806532 0.000000 73.494202 96.376503 0.000000 26.738153 -0.000336 
4 -72.961727 0.000000 73.494202 96.301914 0.000000 27.047338 -0.000562 
5 7.422402 0.000000 -0.217369 89.319848 0.000000 14.441615 0.181340 
6 -72.961727 0.000000 -0.217369 96.281079 0.000000 27.072766 -0.000298 
7 7.422402 0.000000 -73.928940 96.212230 0.000000 26.987509 0.001488 
8 87.806532 0.000000 -0.217369 96.664966 0.000000 25.578971 0.000160 
9 7.422402 0.000000 73.494202 96.378206 0.000000 26.952700 -0.001521 
10 -32.769663 0.000000 -37.073155 96.202580 0.000000 27.074737 0.001202 
11 -72.961727 0.000000 -37.073155 96.259743 0.000000 27.063681 0.000162 
12 -32.769663 0.000000 -73.928940 96.232454 0.000000 27.038683 0.000822 
13 7.422402 0.000000 -37.073155 96.029001 0.000000 26.843949 0.005783 
14 -32.769663 0.000000 -0.217369 96.297506 0.000000 27.161920 -0.001098 
15 47.614467 0.000000 -37.073155 96.244397 0.000000 26.655646 0.002649 
16 47.614467 0.000000 -73.928940 96.240086 0.000000 26.941022 0.001203 
17 87.806532 0.000000 -37.073155 96.311095 0.000000 26.774691 0.000729 
18 47.614467 0.000000 -0.217369 97.054734 0.000000 23.944515 0.000704 
19 -32.769663 0.000000 36.638417 96.380721 0.000000 27.064692 -0.002174 
20 -72.961727 0.000000 36.638417 96.301071 0.000000 27.061485 -0.000622 
21 7.422402 0.000000 36.638417 96.656907 0.000000 26.732578 -0.005719 
22 -32.769663 0.000000 73.494202 96.335586 0.000000 27.028834 -0.001110 
23 -12.673630 0.000000 -18.645262 96.006347 0.000000 27.153275 0.004548 
24 -32.769663 0.000000 -18.645262 96.216042 0.000000 27.125411 0.000669 
25 -12.673630 0.000000 -37.073155 96.110708 0.000000 27.031538 0.003203 
26 7.422402 0.000000 -18.645262 95.453736 0.000000 26.422693 0.019043 
27 -12.673630 0.000000 -0.217369 96.342301 0.000000 27.494035 -0.003776 
28 47.614467 0.000000 36.638417 96.628698 0.000000 26.035409 -0.001495 
29 87.806532 0.000000 36.638417 96.881136 0.000000 24.911682 -0.000655 
30 47.614467 0.000000 73.494202 96.375748 0.000000 26.843653 -0.000887 
31 27.518435 0.000000 -18.645262 96.112498 0.000000 25.695407 0.010213 
32 27.518435 0.000000 -37.073155 96.125101 0.000000 26.658449 0.004929 
33 47.614467 0.000000 -18.645262 96.385253 0.000000 26.052184 0.003117 
34 27.518435 0.000000 -0.217369 96.280553 0.000000 26.085173 0.004962 
35 -12.673630 0.000000 18.210524 96.656369 0.000000 27.127016 -0.007833 
36 -32.769663 0.000000 18.210524 96.375611 0.000000 27.119243 -0.002371 
37 7.422402 0.000000 18.210524 97.504257 0.000000 26.120865 -0.018938 
38 -12.673630 0.000000 36.638417 96.507662 0.000000 27.000974 -0.004278 
39 -2.625614 0.000000 -9.431316 95.285142 0.000000 27.329969 0.017381 
40 -12.673630 0.000000 -9.431316 96.040523 0.000000 27.338377 0.002883 
41 -2.625614 0.000000 -18.645262 95.705642 0.000000 26.993074 0.011180 
42 7.422402 0.000000 -9.431316 94.098210 0.000000 25.571987 0.049160 
43 -2.625614 0.000000 -0.217369 96.427904 0.000000 29.203956 -0.015121 
44 27.518435 0.000000 18.210524 97.234027 0.000000 24.525762 -0.005597 
45 47.614467 0.000000 18.210524 97.213823 0.000000 23.809785 -0.001743 
46 27.518435 0.000000 36.638417 96.649839 0.000000 26.359170 -0.003600 
47 17.470418 0.000000 -9.431316 95.349275 0.000000 23.904915 0.033707 
48 17.470418 0.000000 -18.645262 95.706538 0.000000 25.798682 0.017469 
49 27.518435 0.000000 -9.431316 96.384803 0.000000 24.299330 0.011951 
50 17.470418 0.000000 -0.217369 93.915294 0.000000 33.914043 0.002976 
51 -2.625614 0.000000 8.996577 97.611551 0.000000 27.270215 -0.027168 
52 -12.673630 0.000000 8.996577 96.641877 0.000000 27.325520 -0.008634 
53 7.422402 0.000000 8.996577 99.372058 0.000000 24.921679 -0.049590 
54 -2.625614 0.000000 18.210524 97.064640 0.000000 26.908134 -0.014559 
55 2.398394 0.000000 -4.824342 93.111933 0.000000 26.732432 0.061554 
56 -2.625614 0.000000 -4.824342 95.108187 0.000000 28.025040 0.016903 
57 2.398394 0.000000 -9.431316 94.556504 0.000000 26.729645 0.034459 
58 7.422402 0.000000 -4.824342 92.066629 0.000000 24.321296 0.093221 
59 2.398394 0.000000 -0.217369 97.530566 0.000000 32.602980 -0.057517 
60 17.470418 0.000000 8.996577 98.134688 0.000000 23.218113 -0.016950 
61 27.518435 0.000000 8.996577 88.295252 0.000000 55.665615 -0.089471 
62 17.470418 0.000000 18.210524 97.439239 0.000000 25.162989 -0.012758 
63 2.398394 0.000000 4.389604 100.422200 0.000000 26.834040 -0.080468 
64 -2.625614 0.000000 4.389604 97.811916 0.000000 28.043020 -0.035358 
65 7.422402 0.000000 4.389604 102.036896 0.000000 23.762808 -0.097620 
66 2.398394 0.000000 8.996577 98.622712 0.000000 26.494709 -0.042841 
67 12.446410 0.000000 4.389604 96.833036 0.000000 27.271175 -0.012035 
68 12.446410 0.000000 -0.217369 66.655976 0.000000 -21.300207 0.510328 
69 17.470418 0.000000 4.389604 92.256877 0.000000 37.969911 0.004695 
70 12.446410 0.000000 8.996577 99.049441 0.000000 23.335798 -0.035535 
71 4.910398 0.000000 2.086117 101.491775 0.000000 30.590879 -0.123638 
72 2.398394 0.000000 2.086117 101.982277 0.000000 27.995740 -0.118415 
73 4.910398 0.000000 -0.217369 84.417367 0.000000 47.193620 0.064647 
74 7.422402 0.000000 2.086117 99.926774 0.000000 37.704035 -0.140695 
75 4.910398 0.000000 4.389604 101.310975 0.000000 25.497825 -0.091405 
76 12.446410 0.000000 -4.824342 93.509125 0.000000 22.139748 0.076588 
77 12.446410 0.000000 -9.431316 94.447273 0.000000 24.364922 0.048606 
78 17.470418 0.000000 -4.824342 95.480257 0.000000 22.760027 0.036550 
79 4.910398 0.000000 -2.520856 91.741588 0.000000 25.171068 0.094990 
80 2.398394 0.000000 -2.520856 91.194230 0.000000 26.076570 0.100362 
81 4.910398 0.000000 -4.824342 92.585979 0.000000 25.636752 0.077059 
82 7.422402 0.000000 -2.520856 90.333995 0.000000 23.125480 0.130498 
83 9.934406 0.000000 2.086117 96.315385 0.000000 35.068262 -0.050644 
84 9.934406 0.000000 -0.217369 94.867271 0.000000 -2.280701 0.099500 
85 12.446410 0.000000 2.086117 94.347645 0.000000 32.300579 0.005519 
86 9.934406 0.000000 4.389604 101.068011 0.000000 22.843507 -0.073657 
87 6.166400 0.000000 0.934374 107.032915 0.000000 44.160920 -0.340623 
88 4.910398 0.000000 0.934374 91.330876 0.000000 59.461741 -0.187703 
89 6.166400 0.000000 -0.217369 80.600560 0.000000 20.649190 0.307716 
90 7.422402 0.000000 0.934374 94.088159 0.000000 -2.254657 0.114233 
91 6.166400 0.000000 2.086117 102.725108 0.000000 32.500723 -0.160874 
92 9.934406 0.000000 -2.520856 91.111574 0.000000 21.284206 0.124566 
93 9.934406 0.000000 -4.824342 92.274733 0.000000 22.851828 0.096317 
94 12.446410 0.000000 -2.520856 94.613471 0.000000 21.501747 0.058597 
95 6.166400 0.000000 -1.369112 88.803620 0.000000 24.548906 0.151127 
96 4.910398 0.000000 -1.369112 92.685123 0.000000 26.630458 0.070029 
97 6.166400 0.000000 -2.520856 90.695034 0.000000 24.378708 0.118009 
98 7.422402 0.000000 -1.369112 89.403105 0.000000 22.155007 0.151624 
99 8.678404 0.000000 0.934374 94.803547 0.000000 -2.500031 0.100604 
100 8.678404 0.000000 -0.217369 94.803547 0.000000 -2.500031 0.100604 
101 9.934406 0.000000 0.934374 97.843410 0.000000 16.272314 0.016188 
102 8.678404 0.000000 2.086117 96.006042 0.000000 42.965944 -0.106323 
103 6.794401 0.000000 0.358503 94.474173 0.000000 -1.876036 0.107111 
104 6.166400 0.000000 0.358503 96.919803 0.000000 10.041736 0.050572 
105 6.794401 0.000000 -0.217369 86.031343 0.000000 15.375226 0.236221 
106 7.422402 0.000000 0.358503 94.217418 0.000000 -2.264330 0.111795 
107 6.794401 0.000000 0.934374 101.117158 0.000000 34.146363 -0.139065 
108 -52.865695 0.000000 18.210524 96.313494 0.000000 27.086966 -0.000999 
109 -72.961727 0.000000 18.210524 96.293439 0.000000 27.069121 -0.000516 
110 -52.865695 0.000000 -0.217369 96.285749 0.000000 27.097382 -0.000521 
111 -52.865695 0.000000 36.638417 96.325064 0.000000 27.067596 -0.001117 
112 -22.721646 0.000000 8.996577 96.416969 0.000000 27.215051 -0.003689 
113 -32.769663 0.000000 8.996577 96.345642 0.000000 27.148813 -0.001954 
114 -22.721646 0.000000 -0.217369 96.310662 0.000000 27.253558 -0.001850 
115 -22.721646 0.000000 18.210524 96.462301 0.000000 27.142577 -0.004170 
116 -7.649622 0.000000 4.389604 96.813675 0.000000 27.679250 -0.013903 
117 -12.673630 0.000000 4.389604 96.530681 0.000000 27.441003 -0.007118 
118 -7.649622 0.000000 -0.217369 96.374527 0.000000 27.855848 -0.006400 
119 -7.649622 0.000000 8.996577 96.954581 0.000000 27.387230 -0.015025 
120 -0.113610 0.000000 2.086117 99.413369 0.000000 29.513961 -0.075409 
121 -2.625614 0.000000 2.086117 97.493534 0.000000 28.794749 -0.033413 
122 -0.113610 0.000000 -0.217369 97.662868 0.000000 32.019854 -0.056331 
123 -0.113610 0.000000 4.389604 99.058473 0.000000 27.871310 -0.058939 
124 3.654396 0.000000 0.934374 94.979373 0.000000 37.887229 -0.045652 
125 2.398394 0.000000 0.934374 102.773010 0.000000 31.033539 -0.152537 
126 3.654396 0.000000 -0.217369 93.320389 0.000000 8.638269 0.121669 
127 3.654396 0.000000 2.086117 101.084131 0.000000 28.199185 -0.101320 
128 5.538399 0.000000 0.358503 90.155527 0.000000 42.116848 0.009815 
129 4.910398 0.000000 0.358503 88.124921 0.000000 57.008505 -0.101597 
130 5.538399 0.000000 -0.217369 85.283382 0.000000 50.153446 0.021138 
131 5.538399 0.000000 0.934374 100.345334 0.000000 59.367438 -0.359368 
132 -12.673630 0.000000 55.066309 96.410231 0.000000 26.991398 -0.002347 
133 -32.769663 0.000000 55.066309 96.358269 0.000000 27.038227 -0.001598 
134 7.422402 0.000000 55.066309 96.455207 0.000000 26.890344 -0.002670 
135 -12.673630 0.000000 73.494202 96.358965 0.000000 26.999944 -0.001405 
136 -2.625614 0.000000 27.424470 96.756574 0.000000 26.872772 -0.008398 
137 -12.673630 0.000000 27.424470 96.580473 0.000000 27.033181 -0.005858 
138 7.422402 0.000000 27.424470 96.901490 0.000000 26.546933 -0.009464 
139 -2.625614 0.000000 36.638417 96.590813 0.000000 26.897344 -0.005325 
140 2.398394 0.000000 13.603551 97.786310 0.000000 26.517947 -0.026536 
141 -2.625614 0.000000 13.603551 97.305947 0.000000 27.004049 -0.019767 
142 7.422402 0.000000 13.603551 98.128788 0.000000 25.715241 -0.029053 
143 2.398394 0.000000 18.210524 97.314036 0.000000 26.598860 -0.017752 
144 4.910398 0.000000 6.693091 100.007304 0.000000 25.542958 -0.065390 
145 2.398394 0.000000 6.693091 99.302383 0.000000 26.562770 -0.056654 
146 7.422402 0.000000 6.693091 100.455974 0.000000 24.289546 -0.068138 
147 4.910398 0.000000 8.996577 99.070054 0.000000 25.790035 -0.048000 
148 6.166400 0.000000 3.237861 102.716311 0.000000 25.581498 -0.120505 
149 4.910398 0.000000 3.237861 101.952828 0.000000 26.228495 -0.108231 
150 7.422402 0.000000 3.237861 102.661390 0.000000 24.856701 -0.115722 
151 6.166400 0.000000 4.389604 101.776072 0.000000 24.693566 -0.096814 
152 6.794401 0.000000 1.510246 99.567808 0.000000 46.512558 -0.207717 
153 6.166400 0.000000 1.510246 101.066066 0.000000 46.570661 -0.238318 
154 7.422402 0.000000 1.510246 98.636061 0.000000 45.221423 -0.177405 
155 6.794401 0.000000 2.086117 101.842241 0.000000 34.173838 -0.153969 
156 6.480401 0.000000 0.646438 95.644784 0.000000 -0.134378 0.085206 
157 6.166400 0.000000 0.646438 97.162612 0.000000 8.272522 0.049099 
158 6.480401 0.000000 0.358503 95.691600 0.000000 -0.388942 0.084297 
159 6.794401 0.000000 0.646438 94.589311 0.000000 -1.807660 0.104959 
160 6.480401 0.000000 0.934374 104.451961 0.000000 37.659579 -0.232846 
161 8.678404 0.000000 -1.369112 90.353961 0.000000 21.957228 0.135404 
162 8.678404 0.000000 -2.520856 90.629675 0.000000 22.085429 0.129850 
163 9.934406 0.000000 -1.369112 90.856489 0.000000 22.225564 0.125112 
164 8.050403 0.000000 0.358503 94.403403 0.000000 -2.436076 0.108206 
165 8.050403 0.000000 -0.217369 94.246948 0.000000 -2.432901 0.111159 
166 8.678404 0.000000 0.358503 94.865185 0.000000 -2.495362 0.099437 
167 8.050403 0.000000 0.934374 94.246948 0.000000 -2.432901 0.111159 
168 67.710499 0.000000 18.210524 90.623972 0.000000 47.177303 -0.043840 
169 67.710499 0.000000 -0.217369 96.848431 0.000000 24.859503 0.000239 
170 87.806532 0.000000 18.210524 95.073614 0.000000 31.298317 -0.001858 
171 67.710499 0.000000 36.638417 96.700485 0.000000 25.612120 -0.000696 
172 37.566451 0.000000 8.996577 92.924110 0.000000 38.937754 -0.015104 
173 37.566451 0.000000 -0.217369 96.977686 0.000000 23.937811 0.002231 
174 47.614467 0.000000 8.996577 95.811144 0.000000 28.608031 0.000181 
175 37.566451 0.000000 18.210524 97.208298 0.000000 24.025015 -0.002665 
176 22.494427 0.000000 4.389604 90.177735 0.000000 36.729825 0.051890 
177 22.494427 0.000000 -0.217369 95.856712 0.000000 28.758737 -0.001557 
178 27.518435 0.000000 4.389604 95.431072 0.000000 29.660667 0.001316 
179 22.494427 0.000000 8.996577 96.679171 0.000000 25.896710 -0.001750 
180 14.958414 0.000000 2.086117 90.319892 0.000000 42.059842 0.007329 
181 14.958414 0.000000 -0.217369 90.686845 0.000000 41.647896 0.004135 
182 17.470418 0.000000 2.086117 117.226448 0.000000 -76.690014 -0.962340 
183 14.958414 0.000000 4.389604 86.497668 0.000000 51.587059 -0.014307 
184 11.190408 0.000000 0.934374 95.640614 0.000000 12.800409 0.068902 
185 11.190408 0.000000 -0.217369 82.733569 0.000000 11.237399 0.302888 
186 12.446410 0.000000 0.934374 77.892862 0.000000 27.415681 0.318108 
187 11.190408 0.000000 2.086117 90.584445 0.000000 52.069039 -0.091673 
188 9.306405 0.000000 0.358503 95.207713 0.000000 -2.460241 0.092944 
189 9.306405 0.000000 -0.217369 95.215625 0.000000 -2.461522 0.092793 
190 9.934406 0.000000 0.358503 94.868473 0.000000 -2.280195 0.099477 
191 9.306405 0.000000 0.934374 95.215625 0.000000 -2.461522 0.092793 
192 67.710499 0.000000 -18.645262 96.408423 0.000000 26.325112 0.001240 
193 67.710499 0.000000 -37.073155 96.295661 0.000000 26.716658 0.001337 
194 87.806532 0.000000 -18.645262 96.391771 0.000000 26.505704 0.000607 
195 37.566451 0.000000 -9.431316 96.616854 0.000000 24.836330 0.004834 
196 37.566451 0.000000 -18.645262 96.320447 0.000000 25.879447 0.005263 
197 47.614467 0.000000 -9.431316 96.629341 0.000000 25.277696 0.002381 
198 22.494427 0.000000 -4.824342 96.354714 0.000000 23.183002 0.017832 
199 22.494427 0.000000 -9.431316 96.030255 0.000000 24.019996 0.020123 
200 27.518435 0.000000 -4.824342 96.693576 0.000000 23.523684 0.009699 
201 14.958414 0.000000 -2.520856 95.199263 0.000000 24.266172 0.034825 
202 14.958414 0.000000 -4.824342 94.723970 0.000000 22.429234 0.052430 
203 17.470418 0.000000 -2.520856 95.580086 0.000000 24.288329 0.027452 
204 11.190408 0.000000 -1.369112 91.694658 0.000000 20.493968 0.117209 
205 11.190408 0.000000 -2.520856 92.483649 0.000000 20.795339 0.101433 
206 12.446410 0.000000 -1.369112 98.037551 0.000000 20.525457 -0.003266 
207 10.562407 0.000000 0.358503 92.936462 0.000000 -1.645694 0.136011 
208 10.562407 0.000000 -0.217369 88.765713 0.000000 16.850327 0.183671 
209 11.190408 0.000000 0.358503 86.464441 0.000000 -6.934355 0.247582 
210 10.562407 0.000000 0.934374 97.816805 0.000000 14.390924 0.022477 
211 10.562407 0.000000 -0.793241 90.127331 0.000000 22.380716 0.137617 
212 9.934406 0.000000 -0.793241 90.936693 0.000000 23.023806 0.120042 
213 10.562407 0.000000 -1.369112 91.021275 0.000000 21.795011 0.124011 
214 11.190408 0.000000 -0.793241 89.315015 0.000000 19.581809 0.163938 
215 13.702412 0.000000 0.934374 75.629806 0.000000 56.566175 0.108040 
216 13.702412 0.000000 -0.217369 86.156151 0.000000 59.795180 -0.099835 
217 14.958414 0.000000 0.934374 82.249270 0.000000 58.337924 -0.016826 
218 13.702412 0.000000 2.086117 92.707831 0.000000 32.856925 0.032568 
219 11.818409 0.000000 0.358503 69.974558 0.000000 -23.641726 0.454463 
220 11.818409 0.000000 -0.217369 64.677751 0.000000 -25.632196 0.515978 
221 12.446410 0.000000 0.358503 56.683217 0.000000 15.943205 0.653283 
222 11.818409 0.000000 0.934374 87.018300 0.000000 15.812079 0.217779 
223 10.876408 0.000000 0.070567 91.286986 0.000000 -1.818119 0.166338 
224 10.562407 0.000000 0.070567 93.016339 0.000000 -1.678308 0.134514 
225 10.876408 0.000000 -0.217369 86.021231 0.000000 15.359941 0.236442 
226 11.190408 0.000000 0.070567 84.801914 0.000000 -9.201804 0.272396 
227 10.876408 0.000000 0.358503 91.111854 0.000000 -1.350662 0.169681 
228 -52.865695 0.000000 -18.645262 96.257086 0.000000 27.089375 0.000074 
229 -72.961727 0.000000 -18.645262 96.268360 0.000000 27.070318 -0.000040 
230 -52.865695 0.000000 -37.073155 96.243079 0.000000 27.071864 0.000438 
231 -52.865695 0.000000 55.066309 96.322548 0.000000 27.051241 -0.000980 
232 -72.961727 0.000000 55.066309 96.303275 0.000000 27.053524 -0.000621 
233 -52.865695 0.000000 73.494202 96.315724 0.000000 27.042309 -0.000801 
234 -22.721646 0.000000 -9.431316 96.203102 0.000000 27.219845 0.000404 
235 -32.769663 0.000000 -9.431316 96.248492 0.000000 27.151970 -0.000100 
236 -22.721646 0.000000 -18.645262 96.152488 0.000000 27.154008 0.001736 
237 27.518435 0.000000 55.066309 96.459834 0.000000 26.762957 -0.002076 
238 47.614467 0.000000 55.066309 96.446333 0.000000 26.648045 -0.001201 
239 27.518435 0.000000 73.494202 96.380647 0.000000 26.896755 -0.001266 
240 -22.721646 0.000000 27.424470 96.457422 0.000000 27.083669 -0.003756 
241 -32.769663 0.000000 27.424470 96.384940 0.000000 27.089013 -0.002387 
242 -22.721646 0.000000 36.638417 96.432689 0.000000 27.047007 -0.003080 
243 -7.649622 0.000000 -4.824342 95.942340 0.000000 27.682071 0.002877 
244 -12.673630 0.000000 -4.824342 96.154202 0.000000 27.445048 0.000114 
245 -7.649622 0.000000 -9.431316 95.796536 0.000000 27.411902 0.007161 
246 17.470418 0.000000 27.424470 96.915832 0.000000 26.144748 -0.007623 
247 27.518435 0.000000 27.424470 96.849911 0.000000 25.798107 -0.004545 
248 17.470418 0.000000 36.638417 96.671318 0.000000 26.538516 -0.004964 
249 -7.649622 0.000000 13.603551 96.917117 0.000000 27.182129 -0.013180 
250 -12.673630 0.000000 13.603551 96.672704 0.000000 27.211765 -0.008609 
251 -7.649622 0.000000 18.210524 96.830741 0.000000 27.064187 -0.010866 
252 -0.113610 0.000000 -2.520856 93.347611 0.000000 29.133012 0.043749 
253 -2.625614 0.000000 -2.520856 95.370825 0.000000 28.754666 0.007757 
254 -0.113610 0.000000 -4.824342 94.068503 0.000000 27.803263 0.037810 
255 12.446410 0.000000 13.603551 98.127892 0.000000 24.821767 -0.024520 
256 17.470418 0.000000 13.603551 97.868035 0.000000 24.156844 -0.016171 
257 12.446410 0.000000 18.210524 97.533524 0.000000 25.610708 -0.016870 
258 -0.113610 0.000000 6.693091 98.508522 0.000000 27.261989 -0.044714 
259 -2.625614 0.000000 6.693091 97.767467 0.000000 27.559280 -0.031799 
260 -0.113610 0.000000 8.996577 98.109812 0.000000 26.989933 -0.035399 
261 9.934406 0.000000 6.693091 100.366787 0.000000 23.018509 -0.060334 
262 12.446410 0.000000 6.693091 99.453848 0.000000 22.482160 -0.039652 
263 9.934406 0.000000 8.996577 99.375496 0.000000 24.025688 -0.045272 
264 3.654396 0.000000 3.237861 101.441636 0.000000 26.575733 -0.099668 
265 2.398394 0.000000 3.237861 101.112590 0.000000 27.192901 -0.096321 
266 3.654396 0.000000 4.389604 100.854713 0.000000 26.127035 -0.085429 
267 3.654396 0.000000 -1.369112 92.637846 0.000000 21.531597 0.095462 
268 2.398394 0.000000 -1.369112 89.129990 0.000000 22.140227 0.156566 
269 3.654396 0.000000 -2.520856 91.845653 0.000000 25.100525 0.093434 
270 8.678404 0.000000 3.237861 101.531525 0.000000 25.414839 -0.095456 
271 9.934406 0.000000 3.237861 98.811617 0.000000 29.491432 -0.063348 
272 8.678404 0.000000 4.389604 101.862208 0.000000 23.012534 -0.090549 
273 5.538399 0.000000 1.510246 100.173735 0.000000 44.424358 -0.200830 
274 4.910398 0.000000 1.510246 98.789137 0.000000 39.480830 -0.131803 
275 5.538399 0.000000 2.086117 102.387110 0.000000 31.732265 -0.149006 
276 8.050403 0.000000 1.510246 99.065502 0.000000 44.691552 -0.181131 
277 8.678404 0.000000 1.510246 97.869298 0.000000 46.706130 -0.175986 
278 8.050403 0.000000 2.086117 97.729528 0.000000 41.880386 -0.130503 
279 9.306405 0.000000 -0.793241 91.116932 0.000000 22.492175 0.119181 
280 8.678404 0.000000 -0.793241 90.839639 0.000000 21.716093 0.127657 
281 9.306405 0.000000 -1.369112 90.666575 0.000000 22.164026 0.128833 
282 8.050403 0.000000 -0.793241 90.222609 0.000000 20.988149 0.141938 
283 7.422402 0.000000 -0.793241 89.172669 0.000000 20.752847 0.161755 
284 8.050403 0.000000 -1.369112 89.944926 0.000000 21.832872 0.143324 
285 13.702412 0.000000 -1.369112 97.846050 0.000000 30.061613 -0.047755 
286 13.702412 0.000000 -2.520856 95.444910 0.000000 23.460221 0.033989 
287 14.958414 0.000000 -1.369112 94.752775 0.000000 29.438873 0.015526 
288 11.818409 0.000000 -0.793241 91.877600 0.000000 14.227947 0.135607 
289 11.818409 0.000000 -1.369112 93.987672 0.000000 19.343835 0.079213 
290 12.446410 0.000000 -0.793241 102.484381 0.000000 13.030934 -0.067285 
291 67.710499 0.000000 55.066309 96.447891 0.000000 26.531915 -0.000614 
292 87.806532 0.000000 55.066309 96.476210 0.000000 26.376415 -0.000337 
293 67.710499 0.000000 73.494202 96.372510 0.000000 26.793531 -0.000555 
294 37.566451 0.000000 27.424470 96.825509 0.000000 25.507818 -0.002583 
295 47.614467 0.000000 27.424470 96.861311 0.000000 25.173098 -0.001580 
296 37.566451 0.000000 36.638417 96.627249 0.000000 26.199093 -0.002322 
297 22.494427 0.000000 13.603551 97.598029 0.000000 23.781839 -0.009095 
298 27.518435 0.000000 13.603551 97.436829 0.000000 23.626033 -0.005213 
299 22.494427 0.000000 18.210524 97.315809 0.000000 24.811340 -0.008597 
300 14.958414 0.000000 6.693091 97.947592 0.000000 23.519470 -0.014690 
301 17.470418 0.000000 6.693091 95.406353 0.000000 28.962047 0.005883 
302 14.958414 0.000000 8.996577 98.553158 0.000000 23.066836 -0.024480 
303 11.190408 0.000000 3.237861 93.121315 0.000000 40.698547 -0.032795 
304 12.446410 0.000000 3.237861 88.453060 0.000000 43.873805 0.025115 
305 11.190408 0.000000 4.389604 99.602764 0.000000 23.709448 -0.048285 
306 6.794401 0.000000 -0.793241 87.627480 0.000000 21.535154 0.185766 
307 6.166400 0.000000 -0.793241 86.301103 0.000000 24.458593 0.195390 
308 6.794401 0.000000 -1.369112 88.837649 0.000000 22.926048 0.158227 
309 5.538399 0.000000 -0.793241 87.584721 0.000000 29.348130 0.146760 
310 4.910398 0.000000 -0.793241 94.727274 0.000000 31.570758 0.003003 
311 5.538399 0.000000 -1.369112 90.019997 0.000000 26.476203 0.119541 
312 9.306405 0.000000 1.510246 76.660660 0.000000 120.351612 -1.036137 
313 9.934406 0.000000 1.510246 95.782961 0.000000 40.441522 -0.080989 
314 9.306405 0.000000 2.086117 95.664679 0.000000 39.237722 -0.069133 
315 13.702412 0.000000 3.237861 88.480362 0.000000 42.188072 0.039139 
316 14.958414 0.000000 3.237861 93.936471 0.000000 33.718187 0.003902 
317 13.702412 0.000000 4.389604 91.290607 0.000000 38.127255 0.021234 
318 10.562407 0.000000 1.510246 96.552332 0.000000 35.393181 -0.057503 
319 11.190408 0.000000 1.510246 92.393019 0.000000 50.405834 -0.107722 
320 10.562407 0.000000 2.086117 95.880862 0.000000 34.888293 -0.041033 
321 11.818409 0.000000 1.510246 86.995084 0.000000 54.628885 -0.055246 
322 12.446410 0.000000 1.510246 83.896591 0.000000 10.483689 0.285145 
323 11.818409 0.000000 2.086117 65.056475 0.000000 87.617633 -0.190919 
1 1 12 10 11 
2 12 7 13 10 
3 7 16 15 13 
4 16 2 17 15 
5 10 25 23 24 
6 25 13 26 23 
7 13 32 31 26 
8 32 15 33 31 
9 23 41 39 40 
10 41 26 42 39 
11 26 48 47 42 
12 48 31 49 47 
13 39 57 55 56 
14 57 42 58 55 
15 42 77 76 58 
16 77 47 78 76 
17 55 81 79 80 
18 81 58 82 79 
19 58 93 92 82 
20 93 76 94 92 
21 79 97 95 96 
22 97 82 98 95 
23 89 105 103 104 
24 105 5 106 103 
25 103 106 90 107 
26 6 110 108 109 
27 110 14 36 108 
28 108 36 19 111 
29 109 108 111 20 
30 14 114 112 113 
31 114 27 52 112 
32 112 52 35 115 
33 113 112 115 36 
34 27 118 116 117 
35 118 43 64 116 
36 116 64 51 119 
37 117 116 119 52 
38 43 122 120 121 
39 122 59 72 120 
40 120 72 63 123 
41 121 120 123 64 
42 59 126 124 125 
43 126 73 88 124 
44 124 88 71 127 
45 125 124 127 72 
46 73 130 128 129 
47 130 89 104 128 
48 128 104 87 131 
49 129 128 131 88 
50 19 38 132 133 
51 38 21 134 132 
52 132 134 9 135 
53 133 132 135 22 
54 35 54 136 137 
55 54 37 138 136 
56 136 138 21 139 
57 137 136 139 38 
58 51 66 140 141 
59 66 53 142 140 
60 140 142 37 143 
61 141 140 143 54 
62 63 75 144 145 
63 75 65 146 144 
64 144 146 53 147 
65 145 144 147 66 
66 71 91 148 149 
67 91 74 150 148 
68 148 150 65 151 
69 149 148 151 75 
70 87 107 152 153 
71 107 90 154 152 
72 152 154 74 155 
73 153 152 155 91 
74 104 158 156 157 
75 158 103 159 156 
76 156 159 107 160 
77 157 156 160 87 
78 82 162 161 98 
79 162 92 163 161 
80 5 165 164 106 
81 165 100 166 164 
82 164 166 99 167 
83 106 164 167 90 
84 18 169 168 45 
85 169 8 170 168 
86 168 170 29 171 
87 45 168 171 28 
88 34 173 172 61 
89 173 18 174 172 
90 172 174 45 175 
91 61 172 175 44 
92 50 177 176 69 
93 177 34 178 176 
94 176 178 61 179 
95 69 176 179 60 
96 181 50 182 180 
97 180 182 69 183 
98 100 189 188 166 
99 189 84 190 188 
100 188 190 101 191 
101 166 188 191 99 
102 15 193 192 33 
103 193 17 194 192 
104 192 194 8 169 
105 33 192 169 18 
106 31 196 195 49 
107 196 33 197 195 
108 195 197 18 173 
109 49 195 173 34 
110 47 199 198 78 
111 199 49 200 198 
112 198 200 34 177 
113 78 198 177 50 
114 76 202 201 94 
115 202 78 203 201 
116 201 203 50 181 
117 92 205 204 163 
118 205 94 206 204 
119 84 208 207 190 
120 207 209 184 210 
121 190 207 210 101 
122 163 213 211 212 
123 213 204 214 211 
124 211 214 185 208 
125 212 211 208 84 
126 68 216 215 186 
127 216 181 217 215 
128 215 217 180 218 
129 186 215 218 85 
130 185 220 219 209 
131 220 68 221 219 
132 219 221 186 222 
133 209 219 222 184 
134 208 225 223 224 
135 225 185 226 223 
136 223 226 209 227 
137 224 223 227 207 
138 11 230 228 229 
139 230 10 24 228 
140 228 24 14 110 
141 229 228 110 6 
142 20 111 231 232 
143 111 19 133 231 
144 231 133 22 233 
145 232 231 233 4 
146 24 236 234 235 
147 236 23 40 234 
148 234 40 27 114 
149 235 234 114 14 
150 21 46 237 134 
151 46 28 238 237 
152 237 238 30 239 
153 134 237 239 9 
154 36 115 240 241 
155 115 35 137 240 
156 240 137 38 242 
157 241 240 242 19 
158 40 245 243 244 
159 245 39 56 243 
160 243 56 43 118 
161 244 243 118 27 
162 37 62 246 138 
163 62 44 247 246 
164 246 247 46 248 
165 138 246 248 21 
166 52 119 249 250 
167 119 51 141 249 
168 249 141 54 251 
169 250 249 251 35 
170 56 254 252 253 
171 254 55 80 252 
172 252 80 59 122 
173 253 252 122 43 
174 53 70 255 142 
175 70 60 256 255 
176 255 256 62 257 
177 142 255 257 37 
178 64 123 258 259 
179 123 63 145 258 
180 258 145 66 260 
181 259 258 260 51 
182 65 86 261 146 
183 86 67 262 261 
184 261 262 70 263 
185 146 261 263 53 
186 72 127 264 265 
187 127 71 149 264 
188 264 149 75 266 
189 265 264 266 63 
190 80 269 267 268 
191 269 79 96 267 
192 267 96 73 126 
193 268 267 126 59 
194 74 102 270 150 
195 102 83 271 270 
196 270 271 86 272 
197 150 270 272 65 
198 88 131 273 274 
199 131 87 153 273 
200 273 153 91 275 
201 274 273 275 71 
202 90 167 276 154 
203 167 99 277 276 
204 276 277 102 278 
205 154 276 278 74 
206 161 281 279 280 
207 281 163 212 279 
208 279 212 84 189 
209 280 279 189 100 
210 98 284 282 283 
211 284 161 280 282 
212 282 280 100 165 
213 283 282 165 5 
214 94 286 285 206 
215 286 201 287 285 
216 285 287 181 216 
217 206 285 216 68 
218 204 289 288 214 
219 289 206 290 288 
220 288 290 68 220 
221 214 288 220 185 
222 28 171 291 238 
223 171 29 292 291 
224 291 292 3 293 
225 238 291 293 30 
226 44 175 294 247 
227 175 45 295 294 
228 294 295 28 296 
229 247 294 296 46 
230 60 179 297 256 
231 179 61 298 297 
232 297 298 44 299 
233 256 297 299 62 
234 67 183 300 262 
235 183 69 301 300 
236 300 301 60 302 
237 262 300 302 70 
238 83 187 303 271 
239 187 85 304 303 
240 303 304 67 305 
241 271 303 305 86 
242 95 308 306 307 
243 308 98 283 306 
244 306 283 5 105 
245 307 306 105 89 
246 96 311 309 310 
247 311 95 307 309 
248 309 307 89 130 
249 310 309 130 73 
250 99 191 312 277 
251 191 101 313 312 
252 312 313 83 314 
253 277 312 314 102 
254 85 218 315 304 
255 218 180 316 315 
256 315 316 183 317 
257 304 315 317 67 
258 101 210 318 313 
259 210 184 319 318 
260 318 319 187 320 
261 313 318 320 83 
262 184 222 321 319 
263 222 186 322 321 
264 321 322 85 323 
265 319 321 323 187 
