2 0.000000 100.000000 410.334720
323 265 
1 -72.961727 0.000000 -73.928940 99.152836 0.000000 12.907242 0.000212 
2 87.806532 0.000000 -73.928940 99.157149 0.000000 12.834980 0.000312 
3 87.806532 0.000000 73.494202 99.190687 0.000000 12.788924 -0.000235 
4 -72.961727 0.000000 73.494202 99.177729 0.000000 12.906464 -0.000280 
5 7.422402 0.000000 -0.217369 93.376065 0.000000 7.382917 0.122640 
6 -72.961727 0.000000 -0.217369 99.165744 0.000000 12.919808 -0.000077 
7 7.422402 0.000000 -73.928940 99.125727 0.000000 12.868923 0.000848 
8 87.806532 0.000000 -0.217369 99.372391 0.000000 11.261090 -0.000168 
9 7.422402 0.000000 73.494202 99.212814 0.000000 12.859833 -0.000856 
10 -32.769663 0.000000 -37.073155 99.121299 0.000000 12.918556 0.000808 
11 -72.961727 0.000000 -37.073155 99.154407 0.000000 12.914529 0.000162 
12 -32.769663 0.000000 -73.928940 99.138762 0.000000 12.899860 0.000510 
13 7.422402 0.000000 -37.073155 99.017321 0.000000 12.782940 0.003217 
14 -32.769663 0.000000 -0.217369 99.169378 0.000000 12.965649 -0.000267 
15 47.614467 0.000000 -37.073155 99.131295 0.000000 12.644229 0.001311 
16 47.614467 0.000000 -73.928940 99.140174 0.000000 12.838013 0.000641 
17 87.806532 0.000000 -37.073155 99.174652 0.000000 12.690956 0.000333 
18 47.614467 0.000000 -0.217369 99.273162 0.000000 11.877310 0.000377 
19 -32.769663 0.000000 36.638417 99.215716 0.000000 12.916364 -0.001059 
20 -72.961727 0.000000 36.638417 99.176819 0.000000 12.914041 -0.000281 
21 7.422402 0.000000 36.638417 99.347521 0.000000 12.754088 -0.003260 
22 -32.769663 0.000000 73.494202 99.194476 0.000000 12.897380 -0.000589 
23 -12.673630 0.000000 -18.645262 99.007470 0.000000 12.959554 0.002957 
24 -32.769663 0.000000 -18.645262 99.127194 0.000000 12.945751 0.000621 
25 -12.673630 0.000000 -37.073155 99.068503 0.000000 12.892588 0.001921 
26 7.422402 0.000000 -18.645262 98.674898 0.000000 12.553529 0.010567 
27 -12.673630 0.000000 -0.217369 99.175923 0.000000 13.138029 -0.000847 
28 47.614467 0.000000 36.638417 99.265897 0.000000 12.498913 -0.000994 
29 87.806532 0.000000 36.638417 99.242768 0.000000 12.368702 -0.000211 
30 47.614467 0.000000 73.494202 99.203847 0.000000 12.813645 -0.000559 
31 27.518435 0.000000 -18.645262 99.009172 0.000000 12.062310 0.005168 
32 27.518435 0.000000 -37.073155 99.064550 0.000000 12.663701 0.002585 
33 47.614467 0.000000 -18.645262 99.183272 0.000000 12.182178 0.001427 
34 27.518435 0.000000 -0.217369 98.640924 0.000000 16.304522 0.000413 
35 -12.673630 0.000000 18.210524 99.348926 0.000000 12.956919 -0.003809 
36 -32.769663 0.000000 18.210524 99.211366 0.000000 12.944774 -0.001046 
37 7.422402 0.000000 18.210524 99.764557 0.000000 12.478728 -0.010869 
38 -12.673630 0.000000 36.638417 99.277990 0.000000 12.885325 -0.002215 
39 -2.625614 0.000000 -9.431316 98.623865 0.000000 13.059211 0.010279 
40 -12.673630 0.000000 -9.431316 99.024086 0.000000 13.056624 0.002375 
41 -2.625614 0.000000 -18.645262 98.837124 0.000000 12.872330 0.006553 
42 7.422402 0.000000 -9.431316 97.901305 0.000000 12.153576 0.026763 
43 -2.625614 0.000000 -0.217369 99.147150 0.000000 13.944810 -0.002462 
44 27.518435 0.000000 18.210524 99.500728 0.000000 11.776310 -0.003908 
45 47.614467 0.000000 18.210524 99.375605 0.000000 11.570842 -0.000940 
46 27.518435 0.000000 36.638417 99.318774 0.000000 12.586631 -0.002264 
47 17.470418 0.000000 -9.431316 98.505599 0.000000 11.130839 0.017275 
48 17.470418 0.000000 -18.645262 98.787065 0.000000 12.161035 0.009322 
49 27.518435 0.000000 -9.431316 99.083776 0.000000 11.209206 0.005676 
50 17.470418 0.000000 -0.217369 97.660660 0.000000 22.182872 -0.002968 
51 -2.625614 0.000000 8.996577 99.789628 0.000000 13.064690 -0.012866 
52 -12.673630 0.000000 8.996577 99.332657 0.000000 13.058488 -0.003750 
53 7.422402 0.000000 8.996577 100.704271 0.000000 11.991830 -0.028515 
54 -2.625614 0.000000 18.210524 99.551480 0.000000 12.858048 -0.007583 
55 2.398394 0.000000 -4.824342 97.612973 0.000000 12.916917 0.030486 
56 -2.625614 0.000000 -4.824342 98.558394 0.000000 13.396919 0.010677 
57 2.398394 0.000000 -9.431316 98.216513 0.000000 12.769830 0.019045 
58 7.422402 0.000000 -4.824342 96.698485 0.000000 11.717488 0.051210 
59 2.398394 0.000000 -0.217369 98.233361 0.000000 19.986478 -0.004925 
60 17.470418 0.000000 8.996577 100.056575 0.000000 10.858246 -0.012922 
61 27.518435 0.000000 8.996577 99.541939 0.000000 11.063073 -0.003099 
62 17.470418 0.000000 18.210524 99.692066 0.000000 12.002410 -0.008257 
63 2.398394 0.000000 4.389604 101.027698 0.000000 13.086346 -0.037785 
64 -2.625614 0.000000 4.389604 99.834540 0.000000 13.447026 -0.014776 
65 7.422402 0.000000 4.389604 102.210206 0.000000 11.421879 -0.057739 
66 2.398394 0.000000 8.996577 100.290031 0.000000 12.737322 -0.022033 
67 12.446410 0.000000 4.389604 100.811421 0.000000 10.313159 -0.026930 
68 12.446410 0.000000 -0.217369 80.813168 0.000000 -25.867229 0.280012 
69 17.470418 0.000000 4.389604 98.781325 0.000000 15.059853 0.001545 
70 12.446410 0.000000 8.996577 100.559953 0.000000 11.154085 -0.023672 
71 4.910398 0.000000 2.086117 102.167436 0.000000 15.565973 -0.068048 
72 2.398394 0.000000 2.086117 101.440183 0.000000 13.905387 -0.048347 
73 4.910398 0.000000 -0.217369 83.411737 0.000000 46.515440 0.087880 
74 7.422402 0.000000 2.086117 103.939207 0.000000 11.338652 -0.093192 
75 4.910398 0.000000 4.389604 101.614881 0.000000 12.551021 -0.048311 
76 12.446410 0.000000 -4.824342 97.472596 0.000000 10.348432 0.039200 
77 12.446410 0.000000 -9.431316 98.034151 0.000000 11.446384 0.025829 
78 17.470418 0.000000 -4.824342 98.525215 0.000000 10.756836 0.017707 
79 4.910398 0.000000 -2.520856 96.764752 0.000000 13.367378 0.045790 
80 2.398394 0.000000 -2.520856 96.959211 0.000000 13.140284 0.042624 
81 4.910398 0.000000 -4.824342 97.153325 0.000000 12.499632 0.040499 
82 7.422402 0.000000 -2.520856 95.438643 0.000000 11.484697 0.075957 
83 9.934406 0.000000 2.086117 101.620556 0.000000 11.782196 -0.046556 
84 9.934406 0.000000 -0.217369 97.226864 0.000000 -2.337428 0.054147 
85 12.446410 0.000000 2.086117 93.024107 0.000000 27.243662 0.060430 
86 9.934406 0.000000 4.389604 101.937553 0.000000 10.384776 -0.049911 
87 6.166400 0.000000 0.934374 112.920972 0.000000 21.562612 -0.321609 
88 4.910398 0.000000 0.934374 98.565118 0.000000 30.035568 -0.061722 
89 6.166400 0.000000 -0.217369 83.498871 0.000000 15.043100 0.280164 
90 7.422402 0.000000 0.934374 97.520759 0.000000 -2.336913 0.048424 
91 6.166400 0.000000 2.086117 104.410313 0.000000 13.861444 -0.109365 
92 9.934406 0.000000 -2.520856 95.923113 0.000000 9.959947 0.069956 
93 9.934406 0.000000 -4.824342 96.763943 0.000000 10.780305 0.052052 
94 12.446410 0.000000 -2.520856 98.274718 0.000000 9.933642 0.024340 
95 6.166400 0.000000 -1.369112 93.562357 0.000000 14.237288 0.104338 
96 4.910398 0.000000 -1.369112 97.338725 0.000000 17.350217 0.022414 
97 6.166400 0.000000 -2.520856 95.719910 0.000000 12.645188 0.067780 
98 7.422402 0.000000 -1.369112 94.380621 0.000000 11.241046 0.096594 
99 8.678404 0.000000 0.934374 96.676001 0.000000 -2.549409 0.064725 
100 8.678404 0.000000 -0.217369 96.676001 0.000000 -2.549409 0.064725 
101 9.934406 0.000000 0.934374 98.301939 0.000000 20.868193 -0.009875 
102 8.678404 0.000000 2.086117 102.817192 0.000000 10.724440 -0.068639 
103 6.794401 0.000000 0.358503 97.908394 0.000000 -1.944616 0.041016 
104 6.166400 0.000000 0.358503 98.557204 0.000000 10.083191 0.018481 
105 6.794401 0.000000 -0.217369 89.750322 0.000000 8.778721 0.186781 
106 7.422402 0.000000 0.358503 97.448602 0.000000 -2.341805 0.049829 
107 6.794401 0.000000 0.934374 107.606261 0.000000 15.015128 -0.180456 
108 -52.865695 0.000000 18.210524 99.181732 0.000000 12.927120 -0.000413 
109 -72.961727 0.000000 18.210524 99.172506 0.000000 12.918032 -0.000206 
110 -52.865695 0.000000 -0.217369 99.166831 0.000000 12.932209 -0.000130 
111 -52.865695 0.000000 36.638417 99.188370 0.000000 12.917169 -0.000519 
112 -22.721646 0.000000 8.996577 99.227396 0.000000 12.994081 -0.001492 
113 -32.769663 0.000000 8.996577 99.194872 0.000000 12.959538 -0.000757 
114 -22.721646 0.000000 -0.217369 99.171776 0.000000 13.012356 -0.000436 
115 -22.721646 0.000000 18.210524 99.252848 0.000000 12.957584 -0.001903 
116 -7.649622 0.000000 4.389604 99.396651 0.000000 13.240514 -0.005501 
117 -12.673630 0.000000 4.389604 99.272448 0.000000 13.114313 -0.002700 
118 -7.649622 0.000000 -0.217369 99.176338 0.000000 13.318582 -0.001333 
119 -7.649622 0.000000 8.996577 99.479156 0.000000 13.099225 -0.006769 
120 -0.113610 0.000000 2.086117 100.416409 0.000000 14.219348 -0.028565 
121 -2.625614 0.000000 2.086117 99.655228 0.000000 13.810061 -0.012188 
122 -0.113610 0.000000 -0.217369 99.267067 0.000000 15.131314 -0.008291 
123 -0.113610 0.000000 4.389604 100.380529 0.000000 13.430430 -0.025663 
124 3.654396 0.000000 0.934374 97.866873 0.000000 18.911994 0.006441 
125 2.398394 0.000000 0.934374 101.533827 0.000000 15.734621 -0.055670 
126 3.654396 0.000000 -0.217369 97.266514 0.000000 9.005106 0.045813 
127 3.654396 0.000000 2.086117 101.055289 0.000000 14.387663 -0.041918 
128 5.538399 0.000000 0.358503 88.903268 0.000000 41.402395 0.038205 
129 4.910398 0.000000 0.358503 90.424048 0.000000 42.684273 0.000154 
130 5.538399 0.000000 -0.217369 83.375013 0.000000 48.971566 0.065039 
131 5.538399 0.000000 0.934374 106.828326 0.000000 31.933595 -0.243205 
132 -12.673630 0.000000 55.066309 99.230257 0.000000 12.879022 -0.001251 
133 -32.769663 0.000000 55.066309 99.205140 0.000000 12.902282 -0.000813 
134 7.422402 0.000000 55.066309 99.249345 0.000000 12.829593 -0.001503 
135 -12.673630 0.000000 73.494202 99.205645 0.000000 12.882946 -0.000773 
136 -2.625614 0.000000 27.424470 99.402124 0.000000 12.827072 -0.004532 
137 -12.673630 0.000000 27.424470 99.313904 0.000000 12.904977 -0.002979 
138 7.422402 0.000000 27.424470 99.471177 0.000000 12.666623 -0.005496 
139 -2.625614 0.000000 36.638417 99.319474 0.000000 12.835155 -0.002910 
140 2.398394 0.000000 13.603551 99.900284 0.000000 12.693714 -0.014120 
141 -2.625614 0.000000 13.603551 99.662606 0.000000 12.918256 -0.009952 
142 7.422402 0.000000 13.603551 100.081466 0.000000 12.297885 -0.016754 
143 2.398394 0.000000 18.210524 99.676653 0.000000 12.707534 -0.009692 
144 4.910398 0.000000 6.693091 100.976648 0.000000 12.378719 -0.034952 
145 2.398394 0.000000 6.693091 100.581811 0.000000 12.833370 -0.028140 
146 7.422402 0.000000 6.693091 101.264624 0.000000 11.751312 -0.039262 
147 4.910398 0.000000 8.996577 100.530665 0.000000 12.420722 -0.026069 
148 6.166400 0.000000 3.237861 102.769572 0.000000 12.406919 -0.071552 
149 4.910398 0.000000 3.237861 102.033940 0.000000 13.121988 -0.058311 
150 7.422402 0.000000 3.237861 102.906981 0.000000 11.299584 -0.071753 
151 6.166400 0.000000 4.389604 101.985536 0.000000 12.072704 -0.054680 
152 6.794401 0.000000 1.510246 105.938219 0.000000 13.620352 -0.140842 
153 6.166400 0.000000 1.510246 106.683964 0.000000 16.665526 -0.165921 
154 7.422402 0.000000 1.510246 104.445065 0.000000 12.589255 -0.106726 
155 6.794401 0.000000 2.086117 104.450100 0.000000 12.315380 -0.106149 
156 6.480401 0.000000 0.646438 98.513744 0.000000 -0.158079 0.029502 
157 6.166400 0.000000 0.646438 98.941803 0.000000 8.339607 0.014097 
158 6.480401 0.000000 0.358503 98.541673 0.000000 -0.414691 0.028937 
159 6.794401 0.000000 0.646438 97.965284 0.000000 -1.873070 0.039929 
160 6.480401 0.000000 0.934374 110.685674 0.000000 16.826772 -0.253446 
161 8.678404 0.000000 -1.369112 95.280712 0.000000 10.595819 0.080931 
162 8.678404 0.000000 -2.520856 95.675230 0.000000 10.628488 0.073329 
163 9.934406 0.000000 -1.369112 95.525080 0.000000 10.464290 0.076546 
164 8.050403 0.000000 0.358503 97.009679 0.000000 -2.503195 0.058286 
165 8.050403 0.000000 -0.217369 97.010535 0.000000 -2.504240 0.058268 
166 8.678404 0.000000 0.358503 96.785358 0.000000 -2.545851 0.062611 
167 8.050403 0.000000 0.934374 97.010535 0.000000 -2.504240 0.058268 
168 67.710499 0.000000 18.210524 99.376022 0.000000 11.351208 -0.000444 
169 67.710499 0.000000 -0.217369 99.375796 0.000000 11.196886 -0.000092 
170 87.806532 0.000000 18.210524 99.389539 0.000000 11.195026 -0.000361 
171 67.710499 0.000000 36.638417 99.244760 0.000000 12.438439 -0.000424 
172 37.566451 0.000000 8.996577 99.368315 0.000000 11.622263 -0.000914 
173 37.566451 0.000000 -0.217369 99.086633 0.000000 13.134776 0.000932 
174 47.614467 0.000000 8.996577 99.069860 0.000000 13.721130 -0.000311 
175 37.566451 0.000000 18.210524 99.404878 0.000000 11.664193 -0.001738 
176 22.494427 0.000000 4.389604 96.556155 0.000000 30.530121 -0.025518 
177 22.494427 0.000000 -0.217369 98.492996 0.000000 18.580999 -0.004612 
178 27.518435 0.000000 4.389604 97.769363 0.000000 23.699146 -0.012050 
179 22.494427 0.000000 8.996577 99.711886 0.000000 10.907209 -0.006143 
180 14.958414 0.000000 2.086117 96.461358 0.000000 22.976093 0.016731 
181 14.958414 0.000000 -0.217369 96.387188 0.000000 26.676977 -0.000215 
182 17.470418 0.000000 2.086117 94.106570 0.000000 40.429703 -0.049061 
183 14.958414 0.000000 4.389604 99.789156 0.000000 11.699507 -0.009475 
184 11.190408 0.000000 0.934374 100.555994 0.000000 13.816449 -0.030240 
185 11.190408 0.000000 -0.217369 87.407552 0.000000 2.268234 0.235477 
186 12.446410 0.000000 0.934374 85.904465 0.000000 23.632396 0.206193 
187 11.190408 0.000000 2.086117 99.271189 0.000000 15.445263 -0.009333 
188 9.306405 0.000000 0.358503 97.228302 0.000000 -2.512442 0.054035 
189 9.306405 0.000000 -0.217369 97.229758 0.000000 -2.513592 0.054006 
190 9.934406 0.000000 0.358503 97.235987 0.000000 -2.336951 0.053970 
191 9.306405 0.000000 0.934374 97.229758 0.000000 -2.513592 0.054006 
192 67.710499 0.000000 -18.645262 99.214512 0.000000 12.304197 0.000509 
193 67.710499 0.000000 -37.073155 99.162926 0.000000 12.665851 0.000629 
194 87.806532 0.000000 -18.645262 99.216736 0.000000 12.397915 0.000233 
195 37.566451 0.000000 -9.431316 99.243599 0.000000 11.399325 0.002076 
196 37.566451 0.000000 -18.645262 99.134350 0.000000 12.114012 0.002563 
197 47.614467 0.000000 -9.431316 99.283344 0.000000 11.556817 0.000926 
198 22.494427 0.000000 -4.824342 98.980040 0.000000 10.930419 0.008348 
199 22.494427 0.000000 -9.431316 98.877542 0.000000 11.123634 0.009950 
200 27.518435 0.000000 -4.824342 99.174627 0.000000 11.010672 0.004316 
201 14.958414 0.000000 -2.520856 98.557840 0.000000 12.197672 0.013757 
202 14.958414 0.000000 -4.824342 98.142678 0.000000 10.558095 0.025654 
203 17.470418 0.000000 -2.520856 98.602331 0.000000 12.354667 0.012494 
204 11.190408 0.000000 -1.369112 95.912010 0.000000 8.688522 0.072540 
205 11.190408 0.000000 -2.520856 96.792537 0.000000 9.495650 0.054104 
206 12.446410 0.000000 -1.369112 100.901725 0.000000 8.478848 -0.025305 
207 10.562407 0.000000 0.358503 96.318482 0.000000 -1.702619 0.071985 
208 10.562407 0.000000 -0.217369 92.935720 0.000000 7.786378 0.130232 
209 11.190408 0.000000 0.358503 92.636636 0.000000 -7.528163 0.136178 
210 10.562407 0.000000 0.934374 99.959190 0.000000 17.944958 -0.031386 
211 10.562407 0.000000 -0.793241 94.480257 0.000000 10.154629 0.097036 
212 9.934406 0.000000 -0.793241 95.379526 0.000000 10.939285 0.078308 
213 10.562407 0.000000 -1.369112 95.493778 0.000000 9.908435 0.078276 
214 11.190408 0.000000 -0.793241 93.653705 0.000000 7.405501 0.117414 
215 13.702412 0.000000 0.934374 90.450980 0.000000 32.585971 0.075677 
216 13.702412 0.000000 -0.217369 94.804255 0.000000 36.567214 -0.032501 
217 14.958414 0.000000 0.934374 94.418220 0.000000 34.861572 -0.013013 
218 13.702412 0.000000 2.086117 94.392094 0.000000 24.561115 0.048688 
219 11.818409 0.000000 0.358503 81.089690 0.000000 -27.502401 0.266808 
220 11.818409 0.000000 -0.217369 77.524166 0.000000 -30.728929 0.304574 
221 12.446410 0.000000 0.358503 75.113307 0.000000 1.178099 0.435660 
222 11.818409 0.000000 0.934374 95.186729 0.000000 11.713974 0.080227 
223 10.876408 0.000000 0.070567 95.455063 0.000000 -1.912484 0.088467 
224 10.562407 0.000000 0.070567 96.365838 0.000000 -1.736623 0.071061 
225 10.876408 0.000000 -0.217369 90.360634 0.000000 6.207250 0.179643 
226 11.190408 0.000000 0.070567 91.505690 0.000000 -10.094344 0.152481 
227 10.876408 0.000000 0.358503 95.374468 0.000000 -1.418792 0.090170 
228 -52.865695 0.000000 -18.645262 99.151798 0.000000 12.927586 0.000180 
229 -72.961727 0.000000 -18.645262 99.158916 0.000000 12.918284 0.000063 
230 -52.865695 0.000000 -37.073155 99.144709 0.000000 12.918103 0.000345 
231 -52.865695 0.000000 55.066309 99.187883 0.000000 12.908941 -0.000488 
232 -72.961727 0.000000 55.066309 99.178242 0.000000 12.909800 -0.000299 
233 -52.865695 0.000000 73.494202 99.184636 0.000000 12.904062 -0.000411 
234 -22.721646 0.000000 -9.431316 99.116610 0.000000 12.994247 0.000705 
235 -32.769663 0.000000 -9.431316 99.143882 0.000000 12.959914 0.000253 
236 -22.721646 0.000000 -18.645262 99.091147 0.000000 12.959240 0.001300 
237 27.518435 0.000000 55.066309 99.243720 0.000000 12.771903 -0.001244 
238 47.614467 0.000000 55.066309 99.224917 0.000000 12.732084 -0.000769 
239 27.518435 0.000000 73.494202 99.211336 0.000000 12.834157 -0.000760 
240 -22.721646 0.000000 27.424470 99.252575 0.000000 12.927262 -0.001819 
241 -32.769663 0.000000 27.424470 99.217113 0.000000 12.929206 -0.001120 
242 -22.721646 0.000000 36.638417 99.241352 0.000000 12.907980 -0.001546 
243 -7.649622 0.000000 -4.824342 98.966131 0.000000 13.229970 0.003067 
244 -12.673630 0.000000 -4.824342 99.081311 0.000000 13.111779 0.001097 
245 -7.649622 0.000000 -9.431316 98.893450 0.000000 13.093622 0.004864 
246 17.470418 0.000000 27.424470 99.455936 0.000000 12.474506 -0.004710 
247 27.518435 0.000000 27.424470 99.389443 0.000000 12.336736 -0.003046 
248 17.470418 0.000000 36.638417 99.344679 0.000000 12.661933 -0.002969 
249 -7.649622 0.000000 13.603551 99.471601 0.000000 12.992764 -0.006341 
250 -12.673630 0.000000 13.603551 99.353052 0.000000 13.001682 -0.004007 
251 -7.649622 0.000000 18.210524 99.434895 0.000000 12.928696 -0.005445 
252 -0.113610 0.000000 -2.520856 97.875503 0.000000 13.951068 0.022575 
253 -2.625614 0.000000 -2.520856 98.682891 0.000000 13.736205 0.007300 
254 -0.113610 0.000000 -4.824342 98.070100 0.000000 13.333860 0.020446 
255 12.446410 0.000000 13.603551 100.064636 0.000000 11.851552 -0.015339 
256 17.470418 0.000000 13.603551 99.881416 0.000000 11.528837 -0.010921 
257 12.446410 0.000000 18.210524 99.770394 0.000000 12.209690 -0.010321 
258 -0.113610 0.000000 6.693091 100.189085 0.000000 13.114076 -0.020983 
259 -2.625614 0.000000 6.693091 99.846575 0.000000 13.218638 -0.014407 
260 -0.113610 0.000000 8.996577 100.029680 0.000000 12.954525 -0.017376 
261 9.934406 0.000000 6.693091 101.297948 0.000000 11.041507 -0.038319 
262 12.446410 0.000000 6.693091 100.898205 0.000000 10.626163 -0.029336 
263 9.934406 0.000000 8.996577 100.720164 0.000000 11.533771 -0.027758 
264 3.654396 0.000000 3.237861 101.478515 0.000000 13.256788 -0.047363 
265 2.398394 0.000000 3.237861 101.231860 0.000000 13.353272 -0.042620 
266 3.654396 0.000000 4.389604 101.268231 0.000000 12.833582 -0.041996 
267 3.654396 0.000000 -1.369112 98.245787 0.000000 12.962017 0.017975 
268 2.398394 0.000000 -1.369112 96.236769 0.000000 13.052789 0.056811 
269 3.654396 0.000000 -2.520856 97.205185 0.000000 13.005516 0.038201 
270 8.678404 0.000000 3.237861 102.617843 0.000000 10.517120 -0.064103 
271 9.934406 0.000000 3.237861 102.138761 0.000000 10.100989 -0.053436 
272 8.678404 0.000000 4.389604 102.216868 0.000000 10.814341 -0.056524 
273 5.538399 0.000000 1.510246 104.601971 0.000000 19.736588 -0.133111 
274 4.910398 0.000000 1.510246 101.550292 0.000000 19.658213 -0.069891 
275 5.538399 0.000000 2.086117 103.496147 0.000000 15.268074 -0.094457 
276 8.050403 0.000000 1.510246 103.420648 0.000000 12.610576 -0.085486 
277 8.678404 0.000000 1.510246 102.452524 0.000000 13.051917 -0.066687 
278 8.050403 0.000000 2.086117 103.371391 0.000000 10.854760 -0.080347 
279 9.306405 0.000000 -0.793241 95.654808 0.000000 10.762050 0.073434 
280 8.678404 0.000000 -0.793241 95.408553 0.000000 10.407587 0.078889 
281 9.306405 0.000000 -1.369112 95.489277 0.000000 10.594140 0.076956 
282 8.050403 0.000000 -0.793241 94.820332 0.000000 10.250076 0.090404 
283 7.422402 0.000000 -0.793241 93.788138 0.000000 10.561142 0.109225 
284 8.050403 0.000000 -1.369112 94.925065 0.000000 10.708658 0.087456 
285 13.702412 0.000000 -1.369112 100.891355 0.000000 16.023026 -0.043580 
286 13.702412 0.000000 -2.520856 98.833701 0.000000 11.471817 0.010030 
287 14.958414 0.000000 -1.369112 98.495216 0.000000 16.271165 0.003394 
288 11.818409 0.000000 -0.793241 95.918015 0.000000 2.681829 0.079254 
289 11.818409 0.000000 -1.369112 97.710193 0.000000 7.581894 0.039523 
290 12.446410 0.000000 -0.793241 104.599861 0.000000 1.969457 -0.094501 
291 67.710499 0.000000 55.066309 99.210789 0.000000 12.706996 -0.000425 
292 87.806532 0.000000 55.066309 99.204037 0.000000 12.685511 -0.000236 
293 67.710499 0.000000 73.494202 99.196085 0.000000 12.799523 -0.000369 
294 37.566451 0.000000 27.424470 99.335122 0.000000 12.259420 -0.001776 
295 47.614467 0.000000 27.424470 99.304373 0.000000 12.201457 -0.001023 
296 37.566451 0.000000 36.638417 99.288313 0.000000 12.535444 -0.001531 
297 22.494427 0.000000 13.603551 99.688533 0.000000 11.374047 -0.006717 
298 27.518435 0.000000 13.603551 99.559924 0.000000 11.305258 -0.003999 
299 22.494427 0.000000 18.210524 99.588339 0.000000 11.864546 -0.005860 
300 14.958414 0.000000 6.693091 100.391872 0.000000 10.597518 -0.019084 
301 17.470418 0.000000 6.693091 99.990436 0.000000 10.824357 -0.011525 
302 14.958414 0.000000 8.996577 100.304835 0.000000 10.936185 -0.018066 
303 11.190408 0.000000 3.237861 101.271595 0.000000 10.263818 -0.036128 
304 12.446410 0.000000 3.237861 100.013501 0.000000 11.380636 -0.013222 
305 11.190408 0.000000 4.389604 101.469188 0.000000 10.134036 -0.039869 
306 6.794401 0.000000 -0.793241 92.089468 0.000000 11.926801 0.137728 
307 6.166400 0.000000 -0.793241 90.398749 0.000000 15.585887 0.158515 
308 6.794401 0.000000 -1.369112 93.756892 0.000000 12.307360 0.105817 
309 5.538399 0.000000 -0.793241 91.234296 0.000000 21.688911 0.120589 
310 4.910398 0.000000 -0.793241 98.301102 0.000000 25.716607 -0.032445 
311 5.538399 0.000000 -1.369112 94.637789 0.000000 16.588159 0.076852 
312 9.306405 0.000000 1.510246 100.836903 0.000000 15.002884 -0.039317 
313 9.934406 0.000000 1.510246 99.127596 0.000000 19.202288 -0.019501 
314 9.306405 0.000000 2.086117 102.247445 0.000000 10.989601 -0.057531 
315 13.702412 0.000000 3.237861 98.713745 0.000000 14.212381 0.005360 
316 14.958414 0.000000 3.237861 96.806624 0.000000 20.600672 0.020409 
317 13.702412 0.000000 4.389604 100.282569 0.000000 10.869749 -0.017475 
318 10.562407 0.000000 1.510246 97.406313 0.000000 23.793959 -0.005414 
319 11.190408 0.000000 1.510246 96.284470 0.000000 23.513551 0.017641 
320 10.562407 0.000000 2.086117 100.822296 0.000000 13.032049 -0.033497 
321 11.818409 0.000000 1.510246 95.144416 0.000000 19.303800 0.057490 
322 12.446410 0.000000 1.510246 93.609859 0.000000 18.352141 0.090039 
323 11.818409 0.000000 2.086117 96.499821 0.000000 20.235234 0.027832 
1 1 12 10 11 
2 12 7 13 10 
3 7 16 15 13 
4 16 2 17 15 
5 10 25 23 24 
6 25 13 26 23 
7 13 32 31 26 
8 32 15 33 31 
9 23 41 39 40 
10 41 26 42 39 
11 26 48 47 42 
12 48 31 49 47 
13 39 57 55 56 
14 57 42 58 55 
15 42 77 76 58 
16 77 47 78 76 
17 55 81 79 80 
18 81 58 82 79 
19 58 93 92 82 
20 93 76 94 92 
21 79 97 95 96 
22 97 82 98 95 
23 89 105 103 104 
24 105 5 106 103 
25 103 106 90 107 
26 6 110 108 109 
27 110 14 36 108 
28 108 36 19 111 
29 109 108 111 20 
30 14 114 112 113 
31 114 27 52 112 
32 112 52 35 115 
33 113 112 115 36 
34 27 118 116 117 
35 118 43 64 116 
36 116 64 51 119 
37 117 116 119 52 
38 43 122 120 121 
39 122 59 72 120 
40 120 72 63 123 
41 121 120 123 64 
42 59 126 124 125 
43 126 73 88 124 
44 124 88 71 127 
45 125 124 127 72 
46 73 130 128 129 
47 130 89 104 128 
48 128 104 87 131 
49 129 128 131 88 
50 19 38 132 133 
51 38 21 134 132 
52 132 134 9 135 
53 133 132 135 22 
54 35 54 136 137 
55 54 37 138 136 
56 136 138 21 139 
57 137 136 139 38 
58 51 66 140 141 
59 66 53 142 140 
60 140 142 37 143 
61 141 140 143 54 
62 63 75 144 145 
63 75 65 146 144 
64 144 146 53 147 
65 145 144 147 66 
66 71 91 148 149 
67 91 74 150 148 
68 148 150 65 151 
69 149 148 151 75 
70 87 107 152 153 
71 107 90 154 152 
72 152 154 74 155 
73 153 152 155 91 
74 104 158 156 157 
75 158 103 159 156 
76 156 159 107 160 
77 157 156 160 87 
78 82 162 161 98 
79 162 92 163 161 
80 5 165 164 106 
81 165 100 166 164 
82 164 166 99 167 
83 106 164 167 90 
84 18 169 168 45 
85 169 8 170 168 
86 168 170 29 171 
87 45 168 171 28 
88 34 173 172 61 
89 173 18 174 172 
90 172 174 45 175 
91 61 172 175 44 
92 50 177 176 69 
93 177 34 178 176 
94 176 178 61 179 
95 69 176 179 60 
96 181 50 182 180 
97 180 182 69 183 
98 100 189 188 166 
99 189 84 190 188 
100 188 190 101 191 
101 166 188 191 99 
102 15 193 192 33 
103 193 17 194 192 
104 192 194 8 169 
105 33 192 169 18 
106 31 196 195 49 
107 196 33 197 195 
108 195 197 18 173 
109 49 195 173 34 
110 47 199 198 78 
111 199 49 200 198 
112 198 200 34 177 
113 78 198 177 50 
114 76 202 201 94 
115 202 78 203 201 
116 201 203 50 181 
117 92 205 204 163 
118 205 94 206 204 
119 84 208 207 190 
120 207 209 184 210 
121 190 207 210 101 
122 163 213 211 212 
123 213 204 214 211 
124 211 214 185 208 
125 212 211 208 84 
126 68 216 215 186 
127 216 181 217 215 
128 215 217 180 218 
129 186 215 218 85 
130 185 220 219 209 
131 220 68 221 219 
132 219 221 186 222 
133 209 219 222 184 
134 208 225 223 224 
135 225 185 226 223 
136 223 226 209 227 
137 224 223 227 207 
138 11 230 228 229 
139 230 10 24 228 
140 228 24 14 110 
141 229 228 110 6 
142 20 111 231 232 
143 111 19 133 231 
144 231 133 22 233 
145 232 231 233 4 
146 24 236 234 235 
147 236 23 40 234 
148 234 40 27 114 
149 235 234 114 14 
150 21 46 237 134 
151 46 28 238 237 
152 237 238 30 239 
153 134 237 239 9 
154 36 115 240 241 
155 115 35 137 240 
156 240 137 38 242 
157 241 240 242 19 
158 40 245 243 244 
159 245 39 56 243 
160 243 56 43 118 
161 244 243 118 27 
162 37 62 246 138 
163 62 44 247 246 
164 246 247 46 248 
165 138 246 248 21 
166 52 119 249 250 
167 119 51 141 249 
168 249 141 54 251 
169 250 249 251 35 
170 56 254 252 253 
171 254 55 80 252 
172 252 80 59 122 
173 253 252 122 43 
174 53 70 255 142 
175 70 60 256 255 
176 255 256 62 257 
177 142 255 257 37 
178 64 123 258 259 
179 123 63 145 258 
180 258 145 66 260 
181 259 258 260 51 
182 65 86 261 146 
183 86 67 262 261 
184 261 262 70 263 
185 146 261 263 53 
186 72 127 264 265 
187 127 71 149 264 
188 264 149 75 266 
189 265 264 266 63 
190 80 269 267 268 
191 269 79 96 267 
192 267 96 73 126 
193 268 267 126 59 
194 74 102 270 150 
195 102 83 271 270 
196 270 271 86 272 
197 150 270 272 65 
198 88 131 273 274 
199 131 87 153 273 
200 273 153 91 275 
201 274 273 275 71 
202 90 167 276 154 
203 167 99 277 276 
204 276 277 102 278 
205 154 276 278 74 
206 161 281 279 280 
207 281 163 212 279 
208 279 212 84 189 
209 280 279 189 100 
210 98 284 282 283 
211 284 161 280 282 
212 282 280 100 165 
213 283 282 165 5 
214 94 286 285 206 
215 286 201 287 285 
216 285 287 181 216 
217 206 285 216 68 
218 204 289 288 214 
219 289 206 290 288 
220 288 290 68 220 
221 214 288 220 185 
222 28 171 291 238 
223 171 29 292 291 
224 291 292 3 293 
225 238 291 293 30 
226 44 175 294 247 
227 175 45 295 294 
228 294 295 28 296 
229 247 294 296 46 
230 60 179 297 256 
231 179 61 298 297 
232 297 298 44 299 
233 256 297 299 62 
234 67 183 300 262 
235 183 69 301 300 
236 300 301 60 302 
237 262 300 302 70 
238 83 187 303 271 
239 187 85 304 303 
240 303 304 67 305 
241 271 303 305 86 
242 95 308 306 307 
243 308 98 283 306 
244 306 283 5 105 
245 307 306 105 89 
246 96 311 309 310 
247 311 95 307 309 
248 309 307 89 130 
249 310 309 130 73 
250 99 191 312 277 
251 191 101 313 312 
252 312 313 83 314 
253 277 312 314 102 
254 85 218 315 304 
255 218 180 316 315 
256 315 316 183 317 
257 304 315 317 67 
258 101 210 318 313 
259 210 184 319 318 
260 318 319 187 320 
261 313 318 320 83 
262 184 222 321 319 
263 222 186 322 321 
264 321 322 85 323 
265 319 321 323 187 
