2 0.000000 100.000000 410.334720
323 265 
1 -72.961727 0.000000 -73.928940 91.365083 0.000000 40.626325 0.000192 
2 87.806532 0.000000 -73.928940 91.379009 0.000000 40.548890 0.000566 
3 87.806532 0.000000 73.494202 91.587698 0.000000 40.172077 -0.000210 
4 -72.961727 0.000000 73.494202 91.406062 0.000000 40.622080 -0.000522 
5 7.422402 0.000000 -0.217369 84.482912 0.000000 25.272117 0.222396 
6 -72.961727 0.000000 -0.217369 91.388430 0.000000 40.645451 -0.000390 
7 7.422402 0.000000 -73.928940 91.330852 0.000000 40.575830 0.001228 
8 87.806532 0.000000 -0.217369 91.650575 0.000000 39.947627 0.000436 
9 7.422402 0.000000 73.494202 91.484196 0.000000 40.529352 -0.001199 
10 -32.769663 0.000000 -37.073155 91.323228 0.000000 40.647962 0.000781 
11 -72.961727 0.000000 -37.073155 91.368991 0.000000 40.637820 0.000028 
12 -32.769663 0.000000 -73.928940 91.345895 0.000000 40.617065 0.000618 
13 7.422402 0.000000 -37.073155 91.187500 0.000000 40.455116 0.004822 
14 -32.769663 0.000000 -0.217369 91.410825 0.000000 40.724500 -0.001442 
15 47.614467 0.000000 -37.073155 91.374109 0.000000 40.337742 0.002364 
16 47.614467 0.000000 -73.928940 91.355715 0.000000 40.542221 0.001046 
17 87.806532 0.000000 -37.073155 91.416100 0.000000 40.447251 0.000712 
18 47.614467 0.000000 -0.217369 92.325199 0.000000 38.222912 0.001507 
19 -32.769663 0.000000 36.638417 91.481756 0.000000 40.634087 -0.002004 
20 -72.961727 0.000000 36.638417 91.405996 0.000000 40.634847 -0.000625 
21 7.422402 0.000000 36.638417 91.764662 0.000000 40.309538 -0.004561 
22 -32.769663 0.000000 73.494202 91.438874 0.000000 40.604014 -0.000975 
23 -12.673630 0.000000 -18.645262 91.156959 0.000000 40.724338 0.003194 
24 -32.769663 0.000000 -18.645262 91.337117 0.000000 40.691911 0.000170 
25 -12.673630 0.000000 -37.073155 91.247700 0.000000 40.612098 0.002451 
26 7.422402 0.000000 -18.645262 90.689704 0.000000 40.059886 0.017058 
27 -12.673630 0.000000 -0.217369 91.475881 0.000000 41.031864 -0.005145 
28 47.614467 0.000000 36.638417 92.008472 0.000000 39.293727 -0.000956 
29 87.806532 0.000000 36.638417 73.161201 0.000000 81.630952 -0.201617 
30 47.614467 0.000000 73.494202 91.510264 0.000000 40.399415 -0.000624 
31 27.518435 0.000000 -18.645262 91.326861 0.000000 39.551524 0.009508 
32 27.518435 0.000000 -37.073155 91.279302 0.000000 40.318581 0.004250 
33 47.614467 0.000000 -18.645262 91.511703 0.000000 39.932032 0.003104 
34 27.518435 0.000000 -0.217369 92.758896 0.000000 35.876716 0.010865 
35 -12.673630 0.000000 18.210524 91.754186 0.000000 40.684063 -0.007402 
36 -32.769663 0.000000 18.210524 91.479545 0.000000 40.682851 -0.002360 
37 7.422402 0.000000 18.210524 92.617684 0.000000 39.673398 -0.015201 
38 -12.673630 0.000000 36.638417 91.604163 0.000000 40.570538 -0.003729 
39 -2.625614 0.000000 -9.431316 90.515269 0.000000 40.907227 0.013358 
40 -12.673630 0.000000 -9.431316 91.193712 0.000000 40.892341 0.001152 
41 -2.625614 0.000000 -18.645262 90.897892 0.000000 40.576890 0.009109 
42 7.422402 0.000000 -9.431316 89.300251 0.000000 39.154116 0.049242 
43 -2.625614 0.000000 -0.217369 91.663205 0.000000 42.649848 -0.022115 
44 27.518435 0.000000 18.210524 92.617342 0.000000 38.123628 -0.003138 
45 47.614467 0.000000 18.210524 75.609040 0.000000 76.108283 -0.150920 
46 27.518435 0.000000 36.638417 91.832545 0.000000 39.888037 -0.002427 
47 17.470418 0.000000 -9.431316 90.817001 0.000000 37.523122 0.034429 
48 17.470418 0.000000 -18.645262 90.969843 0.000000 39.551793 0.016014 
49 27.518435 0.000000 -9.431316 91.709815 0.000000 38.226920 0.012801 
50 17.470418 0.000000 -0.217369 88.887781 0.000000 42.902783 0.025831 
51 -2.625614 0.000000 8.996577 92.698751 0.000000 40.802338 -0.025789 
52 -12.673630 0.000000 8.996577 91.747746 0.000000 40.871636 -0.008814 
53 7.422402 0.000000 8.996577 94.655806 0.000000 38.374948 -0.043236 
54 -2.625614 0.000000 18.210524 92.158997 0.000000 40.462741 -0.013051 
55 2.398394 0.000000 -4.824342 88.501145 0.000000 40.389226 0.053626 
56 -2.625614 0.000000 -4.824342 90.362992 0.000000 41.557609 0.010749 
57 2.398394 0.000000 -9.431316 89.804182 0.000000 40.369419 0.030552 
58 7.422402 0.000000 -4.824342 86.738807 0.000000 37.802523 0.104735 
59 2.398394 0.000000 -0.217369 94.979268 0.000000 37.915954 -0.045868 
60 17.470418 0.000000 8.996577 82.664586 0.000000 49.158111 0.075005 
61 27.518435 0.000000 8.996577 82.192517 0.000000 60.909178 -0.046554 
62 17.470418 0.000000 18.210524 92.657526 0.000000 38.689896 -0.008233 
63 2.398394 0.000000 4.389604 95.413654 0.000000 40.418948 -0.073746 
64 -2.625614 0.000000 4.389604 92.907299 0.000000 41.513261 -0.035512 
65 7.422402 0.000000 4.389604 97.162468 0.000000 38.138515 -0.089509 
66 2.398394 0.000000 8.996577 93.757107 0.000000 40.067286 -0.039578 
67 12.446410 0.000000 4.389604 84.403414 0.000000 45.961764 0.076358 
68 12.446410 0.000000 -0.217369 50.479746 0.000000 -16.070385 0.719354 
69 17.470418 0.000000 4.389604 81.627699 0.000000 50.390186 0.079775 
70 12.446410 0.000000 8.996577 93.997126 0.000000 36.905740 -0.019749 
71 4.910398 0.000000 2.086117 94.932392 0.000000 45.497277 -0.108216 
72 2.398394 0.000000 2.086117 96.827238 0.000000 40.566692 -0.102117 
73 4.910398 0.000000 -0.217369 84.576728 0.000000 47.238135 0.061534 
74 7.422402 0.000000 2.086117 91.427185 0.000000 52.300901 -0.109431 
75 4.910398 0.000000 4.389604 96.598560 0.000000 39.321708 -0.087748 
76 12.446410 0.000000 -4.824342 88.775661 0.000000 34.682019 0.091604 
77 12.446410 0.000000 -9.431316 89.807086 0.000000 37.841092 0.050274 
78 17.470418 0.000000 -4.824342 91.138357 0.000000 35.472016 0.043554 
79 4.910398 0.000000 -2.520856 87.046376 0.000000 38.589824 0.093375 
80 2.398394 0.000000 -2.520856 86.804969 0.000000 38.610747 0.097411 
81 4.910398 0.000000 -4.824342 87.694655 0.000000 39.460344 0.075253 
82 7.422402 0.000000 -2.520856 84.363160 0.000000 36.447140 0.155446 
83 9.934406 0.000000 2.086117 96.992685 0.000000 29.985165 -0.030669 
84 9.934406 0.000000 -0.217369 90.447209 0.000000 -2.174439 0.181457 
85 12.446410 0.000000 2.086117 87.887934 0.000000 36.761064 0.092434 
86 9.934406 0.000000 4.389604 88.933694 0.000000 48.748955 -0.028566 
87 6.166400 0.000000 0.934374 108.393452 0.000000 30.087149 -0.265438 
88 4.910398 0.000000 0.934374 83.626191 0.000000 67.506529 -0.155047 
89 6.166400 0.000000 -0.217369 78.032115 0.000000 28.538244 0.309656 
90 7.422402 0.000000 0.934374 94.009745 0.000000 -2.252777 0.115709 
91 6.166400 0.000000 2.086117 90.624914 0.000000 56.227975 -0.137446 
92 9.934406 0.000000 -2.520856 85.290345 0.000000 33.722525 0.158835 
93 9.934406 0.000000 -4.824342 87.045469 0.000000 35.727310 0.114665 
94 12.446410 0.000000 -2.520856 89.856750 0.000000 33.502906 0.080332 
95 6.166400 0.000000 -1.369112 83.697111 0.000000 37.123145 0.161667 
96 4.910398 0.000000 -1.369112 88.880869 0.000000 37.670662 0.068111 
97 6.166400 0.000000 -2.520856 85.267685 0.000000 37.956242 0.128875 
98 7.422402 0.000000 -1.369112 83.357042 0.000000 35.302945 0.180531 
99 8.678404 0.000000 0.934374 92.760629 0.000000 -2.446158 0.138948 
100 8.678404 0.000000 -0.217369 92.760629 0.000000 -2.446158 0.138948 
101 9.934406 0.000000 0.934374 96.463106 0.000000 15.601216 0.045147 
102 8.678404 0.000000 2.086117 89.751295 0.000000 54.338259 -0.100794 
103 6.794401 0.000000 0.358503 94.811369 0.000000 -1.882335 0.100726 
104 6.166400 0.000000 0.358503 97.529968 0.000000 10.083964 0.038622 
105 6.794401 0.000000 -0.217369 82.021303 0.000000 25.044767 0.264527 
106 7.422402 0.000000 0.358503 94.004650 0.000000 -2.258909 0.115802 
107 6.794401 0.000000 0.934374 105.089050 0.000000 15.622529 -0.128777 
108 -52.865695 0.000000 18.210524 91.419115 0.000000 40.656208 -0.001038 
109 -72.961727 0.000000 18.210524 91.399419 0.000000 40.641899 -0.000562 
110 -52.865695 0.000000 -0.217369 91.394799 0.000000 40.666060 -0.000674 
111 -52.865695 0.000000 36.638417 91.428740 0.000000 40.638729 -0.001072 
112 -22.721646 0.000000 8.996577 91.526098 0.000000 40.769109 -0.003915 
113 -32.769663 0.000000 8.996577 91.453942 0.000000 40.710879 -0.002120 
114 -22.721646 0.000000 -0.217369 91.430384 0.000000 40.804282 -0.002450 
115 -22.721646 0.000000 18.210524 91.564126 0.000000 40.703416 -0.004076 
116 -7.649622 0.000000 4.389604 91.931217 0.000000 41.194078 -0.014830 
117 -12.673630 0.000000 4.389604 91.648336 0.000000 40.979626 -0.007875 
118 -7.649622 0.000000 -0.217369 91.528344 0.000000 41.365725 -0.008856 
119 -7.649622 0.000000 8.996577 92.055228 0.000000 40.919875 -0.014860 
120 -0.113610 0.000000 2.086117 94.602513 0.000000 42.708416 -0.077364 
121 -2.625614 0.000000 2.086117 92.648342 0.000000 42.208674 -0.036529 
122 -0.113610 0.000000 -0.217369 93.862432 0.000000 45.470961 -0.087776 
123 -0.113610 0.000000 4.389604 94.077561 0.000000 41.325751 -0.055841 
124 3.654396 0.000000 0.934374 87.165334 0.000000 50.017179 -0.009951 
125 2.398394 0.000000 0.934374 98.122338 0.000000 41.508454 -0.135094 
126 3.654396 0.000000 -0.217369 90.970512 0.000000 8.418483 0.165350 
127 3.654396 0.000000 2.086117 95.680333 0.000000 41.026678 -0.083791 
128 5.538399 0.000000 0.358503 90.331517 0.000000 42.139990 0.006444 
129 4.910398 0.000000 0.358503 87.536600 0.000000 51.815831 -0.034754 
130 5.538399 0.000000 -0.217369 85.513497 0.000000 50.216699 0.016573 
131 5.538399 0.000000 0.934374 97.528514 0.000000 55.011858 -0.253812 
132 -12.673630 0.000000 55.066309 91.510551 0.000000 40.565957 -0.001978 
133 -32.769663 0.000000 55.066309 91.459618 0.000000 40.611228 -0.001413 
134 7.422402 0.000000 55.066309 91.561125 0.000000 40.466507 -0.002098 
135 -12.673630 0.000000 73.494202 91.462794 0.000000 40.576009 -0.001186 
136 -2.625614 0.000000 27.424470 91.848213 0.000000 40.438748 -0.007139 
137 -12.673630 0.000000 27.424470 91.676712 0.000000 40.599594 -0.005295 
138 7.422402 0.000000 27.424470 92.010703 0.000000 40.119751 -0.007556 
139 -2.625614 0.000000 36.638417 91.692468 0.000000 40.473526 -0.004561 
140 2.398394 0.000000 13.603551 92.896640 0.000000 40.058938 -0.023450 
141 -2.625614 0.000000 13.603551 92.398995 0.000000 40.553307 -0.018215 
142 7.422402 0.000000 13.603551 93.269912 0.000000 39.227100 -0.023804 
143 2.398394 0.000000 18.210524 92.412790 0.000000 40.147803 -0.015197 
144 4.910398 0.000000 6.693091 95.297786 0.000000 39.189386 -0.061748 
145 2.398394 0.000000 6.693091 94.405809 0.000000 40.176070 -0.052657 
146 7.422402 0.000000 6.693091 95.879552 0.000000 37.812060 -0.062264 
147 4.910398 0.000000 8.996577 94.288272 0.000000 39.334937 -0.043752 
148 6.166400 0.000000 3.237861 97.330460 0.000000 40.584689 -0.112034 
149 4.910398 0.000000 3.237861 97.018798 0.000000 40.119724 -0.102224 
150 7.422402 0.000000 3.237861 94.294038 0.000000 44.979992 -0.091457 
151 6.166400 0.000000 4.389604 97.169380 0.000000 38.628441 -0.093404 
152 6.794401 0.000000 1.510246 92.985176 0.000000 51.876265 -0.133739 
153 6.166400 0.000000 1.510246 91.690466 0.000000 60.663780 -0.208724 
154 7.422402 0.000000 1.510246 96.501280 0.000000 35.211978 -0.055238 
155 6.794401 0.000000 2.086117 89.367743 0.000000 57.016404 -0.123746 
156 6.480401 0.000000 0.646438 96.242835 0.000000 -0.133983 0.073730 
157 6.166400 0.000000 0.646438 97.810215 0.000000 8.313793 0.036404 
158 6.480401 0.000000 0.358503 96.316923 0.000000 -0.390728 0.072290 
159 6.794401 0.000000 0.646438 94.950924 0.000000 -1.813894 0.098103 
160 6.480401 0.000000 0.934374 107.263294 0.000000 20.752409 -0.193608 
161 8.678404 0.000000 -1.369112 84.105919 0.000000 35.299252 0.168016 
162 8.678404 0.000000 -2.520856 84.563356 0.000000 34.934951 0.162859 
163 9.934406 0.000000 -1.369112 84.846039 0.000000 35.594209 0.153420 
164 8.050403 0.000000 0.358503 93.352403 0.000000 -2.408787 0.127953 
165 8.050403 0.000000 -0.217369 93.368360 0.000000 -2.410221 0.127654 
166 8.678404 0.000000 0.358503 92.713186 0.000000 -2.438793 0.139832 
167 8.050403 0.000000 0.934374 93.368360 0.000000 -2.410221 0.127654 
168 67.710499 0.000000 18.210524 93.168648 0.000000 36.556990 -0.001681 
169 67.710499 0.000000 -0.217369 91.847966 0.000000 39.451812 0.000751 
170 87.806532 0.000000 18.210524 92.443661 0.000000 38.195285 -0.000471 
171 67.710499 0.000000 36.638417 92.434362 0.000000 38.263987 -0.000824 
172 37.566451 0.000000 8.996577 88.759803 0.000000 46.287694 -0.002085 
173 37.566451 0.000000 -0.217369 92.762763 0.000000 36.957893 0.002918 
174 47.614467 0.000000 8.996577 93.218188 0.000000 36.343000 -0.001044 
175 37.566451 0.000000 18.210524 87.024873 0.000000 50.464749 -0.012002 
176 22.494427 0.000000 4.389604 90.675874 0.000000 37.457034 0.037486 
177 22.494427 0.000000 -0.217369 91.928005 0.000000 37.180572 0.016685 
178 27.518435 0.000000 4.389604 88.471700 0.000000 46.055202 0.005168 
179 22.494427 0.000000 8.996577 88.734003 0.000000 46.576675 -0.004311 
180 14.958414 0.000000 2.086117 65.282249 0.000000 98.279064 -0.392055 
181 14.958414 0.000000 -0.217369 83.604025 0.000000 53.600349 0.013737 
182 17.470418 0.000000 2.086117 79.268670 0.000000 55.372039 0.065042 
183 14.958414 0.000000 4.389604 90.562995 0.000000 40.135893 0.018745 
184 11.190408 0.000000 0.934374 89.097158 0.000000 18.331085 0.172567 
185 11.190408 0.000000 -0.217369 76.229739 0.000000 23.651644 0.362963 
186 12.446410 0.000000 0.934374 64.086837 0.000000 44.389254 0.392247 
187 11.190408 0.000000 2.086117 95.452603 0.000000 24.546858 0.028625 
188 9.306405 0.000000 0.358503 91.786346 0.000000 -2.371885 0.156964 
189 9.306405 0.000000 -0.217369 91.764485 0.000000 -2.372303 0.157365 
190 9.934406 0.000000 0.358503 90.482826 0.000000 -2.175044 0.180813 
191 9.306405 0.000000 0.934374 91.764485 0.000000 -2.372303 0.157365 
192 67.710499 0.000000 -18.645262 91.505255 0.000000 40.176068 0.001267 
193 67.710499 0.000000 -37.073155 91.409033 0.000000 40.397944 0.001239 
194 87.806532 0.000000 -18.645262 91.478116 0.000000 40.313520 0.000657 
195 37.566451 0.000000 -9.431316 91.814347 0.000000 38.948453 0.005314 
196 37.566451 0.000000 -18.645262 91.482677 0.000000 39.756452 0.005034 
197 47.614467 0.000000 -9.431316 91.750456 0.000000 39.429952 0.002713 
198 22.494427 0.000000 -4.824342 91.973329 0.000000 36.164489 0.023304 
199 22.494427 0.000000 -9.431316 91.437478 0.000000 37.812913 0.020937 
200 27.518435 0.000000 -4.824342 92.239581 0.000000 36.912340 0.012934 
201 14.958414 0.000000 -2.520856 90.677155 0.000000 36.136127 0.047183 
202 14.958414 0.000000 -4.824342 90.314680 0.000000 35.044257 0.061516 
203 17.470418 0.000000 -2.520856 91.207282 0.000000 35.762587 0.040227 
204 11.190408 0.000000 -1.369112 86.026133 0.000000 33.416082 0.148287 
205 11.190408 0.000000 -2.520856 87.151722 0.000000 32.900484 0.132214 
206 12.446410 0.000000 -1.369112 93.325316 0.000000 32.805244 0.021420 
207 10.562407 0.000000 0.358503 87.335489 0.000000 -1.549524 0.237011 
208 10.562407 0.000000 -0.217369 82.746943 0.000000 29.524094 0.228127 
209 11.190408 0.000000 0.358503 77.968014 0.000000 -6.137823 0.388332 
210 10.562407 0.000000 0.934374 94.171379 0.000000 16.917925 0.084554 
211 10.562407 0.000000 -0.793241 84.175264 0.000000 36.627823 0.157293 
212 9.934406 0.000000 -0.793241 84.946562 0.000000 37.384164 0.138651 
213 10.562407 0.000000 -1.369112 85.175909 0.000000 35.039751 0.151728 
214 11.190408 0.000000 -0.793241 83.267547 0.000000 33.520820 0.194287 
215 13.702412 0.000000 0.934374 56.107007 0.000000 82.401385 0.006202 
216 13.702412 0.000000 -0.217369 76.638638 0.000000 78.208507 -0.199005 
217 14.958414 0.000000 0.934374 71.177086 0.000000 74.017702 -0.054480 
218 13.702412 0.000000 2.086117 81.260777 0.000000 53.002650 0.058741 
219 11.818409 0.000000 0.358503 56.155002 0.000000 -18.858232 0.649098 
220 11.818409 0.000000 -0.217369 49.197543 0.000000 -19.490762 0.719971 
221 12.446410 0.000000 0.358503 36.904115 0.000000 32.490273 0.758247 
222 11.818409 0.000000 0.934374 77.259982 0.000000 25.959446 0.335700 
223 10.876408 0.000000 0.070567 84.909409 0.000000 -1.678473 0.278757 
224 10.562407 0.000000 0.070567 87.429784 0.000000 -1.579592 0.235354 
225 10.876408 0.000000 -0.217369 79.841788 0.000000 27.989016 0.284190 
226 11.190408 0.000000 0.070567 75.706762 0.000000 -8.021597 0.420414 
227 10.876408 0.000000 0.358503 84.661096 0.000000 -1.249423 0.283094 
228 -52.865695 0.000000 -18.645262 91.369124 0.000000 40.659624 -0.000152 
229 -72.961727 0.000000 -18.645262 91.376934 0.000000 40.643538 -0.000164 
230 -52.865695 0.000000 -37.073155 91.356149 0.000000 40.644683 0.000206 
231 -52.865695 0.000000 55.066309 91.426230 0.000000 40.624992 -0.000915 
232 -72.961727 0.000000 55.066309 91.407624 0.000000 40.627622 -0.000596 
233 -52.865695 0.000000 73.494202 91.419410 0.000000 40.617079 -0.000726 
234 -22.721646 0.000000 -9.431316 91.331705 0.000000 40.777121 -0.000425 
235 -32.769663 0.000000 -9.431316 91.366638 0.000000 40.715682 -0.000563 
236 -22.721646 0.000000 -18.645262 91.284330 0.000000 40.718426 0.000918 
237 27.518435 0.000000 55.066309 91.589220 0.000000 40.328591 -0.001498 
238 47.614467 0.000000 55.066309 91.624530 0.000000 40.159940 -0.000788 
239 27.518435 0.000000 73.494202 91.497669 0.000000 40.468946 -0.000956 
240 -22.721646 0.000000 27.424470 91.556556 0.000000 40.648322 -0.003489 
241 -32.769663 0.000000 27.424470 91.486853 0.000000 40.654743 -0.002265 
242 -22.721646 0.000000 36.638417 91.531052 0.000000 40.615953 -0.002759 
243 -7.649622 0.000000 -4.824342 91.122593 0.000000 41.212506 -0.000180 
244 -12.673630 0.000000 -4.824342 91.301136 0.000000 40.988827 -0.001598 
245 -7.649622 0.000000 -9.431316 90.980119 0.000000 40.962194 0.004472 
246 17.470418 0.000000 27.424470 92.077043 0.000000 39.692763 -0.005370 
247 27.518435 0.000000 27.424470 92.131659 0.000000 39.259072 -0.002952 
248 17.470418 0.000000 36.638417 91.800369 0.000000 40.105753 -0.003578 
249 -7.649622 0.000000 13.603551 92.015212 0.000000 40.731644 -0.012587 
250 -12.673630 0.000000 13.603551 91.772895 0.000000 40.763997 -0.008397 
251 -7.649622 0.000000 18.210524 91.921949 0.000000 40.615907 -0.009930 
252 -0.113610 0.000000 -2.520856 88.480059 0.000000 42.473397 0.036729 
253 -2.625614 0.000000 -2.520856 90.613907 0.000000 42.246764 0.000433 
254 -0.113610 0.000000 -4.824342 89.391691 0.000000 41.342174 0.029995 
255 12.446410 0.000000 13.603551 93.272010 0.000000 38.286363 -0.016551 
256 17.470418 0.000000 13.603551 92.928073 0.000000 37.903269 -0.007228 
257 12.446410 0.000000 18.210524 92.676229 0.000000 39.157300 -0.012218 
258 -0.113610 0.000000 6.693091 93.574346 0.000000 40.810356 -0.042164 
259 -2.625614 0.000000 6.693091 92.852525 0.000000 41.074750 -0.030873 
260 -0.113610 0.000000 8.996577 93.204395 0.000000 40.541851 -0.033070 
261 9.934406 0.000000 6.693091 95.411019 0.000000 36.696280 -0.044988 
262 12.446410 0.000000 6.693091 92.212348 0.000000 39.255514 -0.004411 
263 9.934406 0.000000 8.996577 94.601705 0.000000 37.396271 -0.034796 
264 3.654396 0.000000 3.237861 96.400393 0.000000 40.152735 -0.090528 
265 2.398394 0.000000 3.237861 96.008031 0.000000 40.559516 -0.086262 
266 3.654396 0.000000 4.389604 95.945700 0.000000 39.847261 -0.079338 
267 3.654396 0.000000 -1.369112 89.224894 0.000000 30.887066 0.108491 
268 2.398394 0.000000 -1.369112 84.817968 0.000000 30.497895 0.187579 
269 3.654396 0.000000 -2.520856 87.610007 0.000000 38.033664 0.087793 
270 8.678404 0.000000 3.237861 85.697121 0.000000 57.238691 -0.062026 
271 9.934406 0.000000 3.237861 90.702374 0.000000 44.384480 -0.019690 
272 8.678404 0.000000 4.389604 95.523651 0.000000 39.545157 -0.068859 
273 5.538399 0.000000 1.510246 88.765378 0.000000 63.991874 -0.197425 
274 4.910398 0.000000 1.510246 88.699727 0.000000 57.759062 -0.120375 
275 5.538399 0.000000 2.086117 93.680680 0.000000 50.185439 -0.129465 
276 8.050403 0.000000 1.510246 98.606349 0.000000 25.089931 -0.035272 
277 8.678404 0.000000 1.510246 100.872089 0.000000 15.030191 -0.040108 
278 8.050403 0.000000 2.086117 89.532903 0.000000 58.777382 -0.147092 
279 9.306405 0.000000 -0.793241 85.062016 0.000000 36.680462 0.141900 
280 8.678404 0.000000 -0.793241 84.782930 0.000000 35.678017 0.153893 
281 9.306405 0.000000 -1.369112 84.504955 0.000000 35.527944 0.159668 
282 8.050403 0.000000 -0.793241 84.271802 0.000000 34.522269 0.170648 
283 7.422402 0.000000 -0.793241 83.490224 0.000000 33.730896 0.189161 
284 8.050403 0.000000 -1.369112 83.729083 0.000000 35.118742 0.175611 
285 13.702412 0.000000 -1.369112 93.218060 0.000000 43.087009 -0.054610 
286 13.702412 0.000000 -2.520856 90.927893 0.000000 35.488935 0.047265 
287 14.958414 0.000000 -1.369112 89.616419 0.000000 41.335745 0.026025 
288 11.818409 0.000000 -0.793241 85.770753 0.000000 27.258310 0.190036 
289 11.818409 0.000000 -1.369112 88.636024 0.000000 31.893997 0.112643 
290 12.446410 0.000000 -0.793241 97.568118 0.000000 24.724553 -0.013084 
291 67.710499 0.000000 55.066309 91.718296 0.000000 39.895726 -0.000391 
292 87.806532 0.000000 55.066309 91.942806 0.000000 39.365996 -0.000316 
293 67.710499 0.000000 73.494202 91.535387 0.000000 40.310114 -0.000363 
294 37.566451 0.000000 27.424470 92.281055 0.000000 38.737456 -0.001638 
295 47.614467 0.000000 27.424470 92.471384 0.000000 38.223489 -0.001199 
296 37.566451 0.000000 36.638417 91.895836 0.000000 39.633573 -0.001566 
297 22.494427 0.000000 13.603551 92.192268 0.000000 39.214163 -0.003716 
298 27.518435 0.000000 13.603551 86.956076 0.000000 50.683890 -0.013022 
299 22.494427 0.000000 18.210524 92.651214 0.000000 38.314421 -0.005224 
300 14.958414 0.000000 6.693091 79.170571 0.000000 60.680094 0.004995 
301 17.470418 0.000000 6.693091 89.402653 0.000000 45.202114 -0.003607 
302 14.958414 0.000000 8.996577 92.360084 0.000000 37.853024 0.003676 
303 11.190408 0.000000 3.237861 87.145021 0.000000 48.612339 0.004259 
304 12.446410 0.000000 3.237861 90.355198 0.000000 37.558293 0.042531 
305 11.190408 0.000000 4.389604 82.225848 0.000000 55.801973 0.012505 
306 6.794401 0.000000 -0.793241 82.473276 0.000000 33.802124 0.205558 
307 6.166400 0.000000 -0.793241 82.038075 0.000000 35.754165 0.199139 
308 6.794401 0.000000 -1.369112 83.154117 0.000000 35.879187 0.179808 
309 5.538399 0.000000 -0.793241 84.457319 0.000000 39.044149 0.134252 
310 4.910398 0.000000 -0.793241 92.434400 0.000000 38.940581 -0.006049 
311 5.538399 0.000000 -1.369112 85.620050 0.000000 38.432259 0.119217 
312 9.306405 0.000000 1.510246 100.059963 0.000000 19.549637 -0.039418 
313 9.934406 0.000000 1.510246 97.758901 0.000000 23.441634 -0.010631 
314 9.306405 0.000000 2.086117 96.276581 0.000000 35.319972 -0.051668 
315 13.702412 0.000000 3.237861 89.622620 0.000000 39.398396 0.041555 
316 14.958414 0.000000 3.237861 87.833632 0.000000 43.541242 0.038941 
317 13.702412 0.000000 4.389604 90.261704 0.000000 40.420949 0.021897 
318 10.562407 0.000000 1.510246 95.617578 0.000000 24.660202 0.024915 
319 11.190408 0.000000 1.510246 92.023608 0.000000 26.443604 0.083239 
320 10.562407 0.000000 2.086117 96.764021 0.000000 25.509603 -0.001402 
321 11.818409 0.000000 1.510246 86.332170 0.000000 31.412270 0.156003 
322 12.446410 0.000000 1.510246 79.728355 0.000000 41.144784 0.195050 
323 11.818409 0.000000 2.086117 91.928204 0.000000 30.905190 0.059407 
1 1 12 10 11 
2 12 7 13 10 
3 7 16 15 13 
4 16 2 17 15 
5 10 25 23 24 
6 25 13 26 23 
7 13 32 31 26 
8 32 15 33 31 
9 23 41 39 40 
10 41 26 42 39 
11 26 48 47 42 
12 48 31 49 47 
13 39 57 55 56 
14 57 42 58 55 
15 42 77 76 58 
16 77 47 78 76 
17 55 81 79 80 
18 81 58 82 79 
19 58 93 92 82 
20 93 76 94 92 
21 79 97 95 96 
22 97 82 98 95 
23 89 105 103 104 
24 105 5 106 103 
25 103 106 90 107 
26 6 110 108 109 
27 110 14 36 108 
28 108 36 19 111 
29 109 108 111 20 
30 14 114 112 113 
31 114 27 52 112 
32 112 52 35 115 
33 113 112 115 36 
34 27 118 116 117 
35 118 43 64 116 
36 116 64 51 119 
37 117 116 119 52 
38 43 122 120 121 
39 122 59 72 120 
40 120 72 63 123 
41 121 120 123 64 
42 59 126 124 125 
43 126 73 88 124 
44 124 88 71 127 
45 125 124 127 72 
46 73 130 128 129 
47 130 89 104 128 
48 128 104 87 131 
49 129 128 131 88 
50 19 38 132 133 
51 38 21 134 132 
52 132 134 9 135 
53 133 132 135 22 
54 35 54 136 137 
55 54 37 138 136 
56 136 138 21 139 
57 137 136 139 38 
58 51 66 140 141 
59 66 53 142 140 
60 140 142 37 143 
61 141 140 143 54 
62 63 75 144 145 
63 75 65 146 144 
64 144 146 53 147 
65 145 144 147 66 
66 71 91 148 149 
67 91 74 150 148 
68 148 150 65 151 
69 149 148 151 75 
70 87 107 152 153 
71 107 90 154 152 
72 152 154 74 155 
73 153 152 155 91 
74 104 158 156 157 
75 158 103 159 156 
76 156 159 107 160 
77 157 156 160 87 
78 82 162 161 98 
79 162 92 163 161 
80 5 165 164 106 
81 165 100 166 164 
82 164 166 99 167 
83 106 164 167 90 
84 18 169 168 45 
85 169 8 170 168 
86 168 170 29 171 
87 45 168 171 28 
88 34 173 172 61 
89 173 18 174 172 
90 172 174 45 175 
91 61 172 175 44 
92 50 177 176 69 
93 177 34 178 176 
94 176 178 61 179 
95 69 176 179 60 
96 181 50 182 180 
97 180 182 69 183 
98 100 189 188 166 
99 189 84 190 188 
100 188 190 101 191 
101 166 188 191 99 
102 15 193 192 33 
103 193 17 194 192 
104 192 194 8 169 
105 33 192 169 18 
106 31 196 195 49 
107 196 33 197 195 
108 195 197 18 173 
109 49 195 173 34 
110 47 199 198 78 
111 199 49 200 198 
112 198 200 34 177 
113 78 198 177 50 
114 76 202 201 94 
115 202 78 203 201 
116 201 203 50 181 
117 92 205 204 163 
118 205 94 206 204 
119 84 208 207 190 
120 207 209 184 210 
121 190 207 210 101 
122 163 213 211 212 
123 213 204 214 211 
124 211 214 185 208 
125 212 211 208 84 
126 68 216 215 186 
127 216 181 217 215 
128 215 217 180 218 
129 186 215 218 85 
130 185 220 219 209 
131 220 68 221 219 
132 219 221 186 222 
133 209 219 222 184 
134 208 225 223 224 
135 225 185 226 223 
136 223 226 209 227 
137 224 223 227 207 
138 11 230 228 229 
139 230 10 24 228 
140 228 24 14 110 
141 229 228 110 6 
142 20 111 231 232 
143 111 19 133 231 
144 231 133 22 233 
145 232 231 233 4 
146 24 236 234 235 
147 236 23 40 234 
148 234 40 27 114 
149 235 234 114 14 
150 21 46 237 134 
151 46 28 238 237 
152 237 238 30 239 
153 134 237 239 9 
154 36 115 240 241 
155 115 35 137 240 
156 240 137 38 242 
157 241 240 242 19 
158 40 245 243 244 
159 245 39 56 243 
160 243 56 43 118 
161 244 243 118 27 
162 37 62 246 138 
163 62 44 247 246 
164 246 247 46 248 
165 138 246 248 21 
166 52 119 249 250 
167 119 51 141 249 
168 249 141 54 251 
169 250 249 251 35 
170 56 254 252 253 
171 254 55 80 252 
172 252 80 59 122 
173 253 252 122 43 
174 53 70 255 142 
175 70 60 256 255 
176 255 256 62 257 
177 142 255 257 37 
178 64 123 258 259 
179 123 63 145 258 
180 258 145 66 260 
181 259 258 260 51 
182 65 86 261 146 
183 86 67 262 261 
184 261 262 70 263 
185 146 261 263 53 
186 72 127 264 265 
187 127 71 149 264 
188 264 149 75 266 
189 265 264 266 63 
190 80 269 267 268 
191 269 79 96 267 
192 267 96 73 126 
193 268 267 126 59 
194 74 102 270 150 
195 102 83 271 270 
196 270 271 86 272 
197 150 270 272 65 
198 88 131 273 274 
199 131 87 153 273 
200 273 153 91 275 
201 274 273 275 71 
202 90 167 276 154 
203 167 99 277 276 
204 276 277 102 278 
205 154 276 278 74 
206 161 281 279 280 
207 281 163 212 279 
208 279 212 84 189 
209 280 279 189 100 
210 98 284 282 283 
211 284 161 280 282 
212 282 280 100 165 
213 283 282 165 5 
214 94 286 285 206 
215 286 201 287 285 
216 285 287 181 216 
217 206 285 216 68 
218 204 289 288 214 
219 289 206 290 288 
220 288 290 68 220 
221 214 288 220 185 
222 28 171 291 238 
223 171 29 292 291 
224 291 292 3 293 
225 238 291 293 30 
226 44 175 294 247 
227 175 45 295 294 
228 294 295 28 296 
229 247 294 296 46 
230 60 179 297 256 
231 179 61 298 297 
232 297 298 44 299 
233 256 297 299 62 
234 67 183 300 262 
235 183 69 301 300 
236 300 301 60 302 
237 262 300 302 70 
238 83 187 303 271 
239 187 85 304 303 
240 303 304 67 305 
241 271 303 305 86 
242 95 308 306 307 
243 308 98 283 306 
244 306 283 5 105 
245 307 306 105 89 
246 96 311 309 310 
247 311 95 307 309 
248 309 307 89 130 
249 310 309 130 73 
250 99 191 312 277 
251 191 101 313 312 
252 312 313 83 314 
253 277 312 314 102 
254 85 218 315 304 
255 218 180 316 315 
256 315 316 183 317 
257 304 315 317 67 
258 101 210 318 313 
259 210 184 319 318 
260 318 319 187 320 
261 313 318 320 83 
262 184 222 321 319 
263 222 186 322 321 
264 321 322 85 323 
265 319 321 323 187 
