2 0.000000 100.000000 410.334720
323 265 
1 -72.961727 0.000000 -73.928940 99.370665 0.000000 11.114365 0.000194 
2 87.806532 0.000000 -73.928940 99.373977 0.000000 11.047801 0.000276 
3 87.806532 0.000000 73.494202 99.402632 0.000000 11.012599 -0.000216 
4 -72.961727 0.000000 73.494202 99.392912 0.000000 11.113778 -0.000247 
5 7.422402 0.000000 -0.217369 94.511665 0.000000 6.732786 0.102221 
6 -72.961727 0.000000 -0.217369 99.382124 0.000000 11.125640 -0.000059 
7 7.422402 0.000000 -73.928940 99.345996 0.000000 11.079665 0.000761 
8 87.806532 0.000000 -0.217369 99.546456 0.000000 9.592523 -0.000151 
9 7.422402 0.000000 73.494202 99.423777 0.000000 11.072616 -0.000769 
10 -32.769663 0.000000 -37.073155 99.342210 0.000000 11.124363 0.000737 
11 -72.961727 0.000000 -37.073155 99.372026 0.000000 11.120890 0.000153 
12 -32.769663 0.000000 -73.928940 99.357939 0.000000 11.107675 0.000462 
13 7.422402 0.000000 -37.073155 99.247798 0.000000 11.002288 0.002882 
14 -32.769663 0.000000 -0.217369 99.384771 0.000000 11.166332 -0.000202 
15 47.614467 0.000000 -37.073155 99.348869 0.000000 10.872801 0.001158 
16 47.614467 0.000000 -73.928940 99.358741 0.000000 11.051258 0.000571 
17 87.806532 0.000000 -37.073155 99.388400 0.000000 10.910862 0.000290 
18 47.614467 0.000000 -0.217369 99.412737 0.000000 10.653993 0.000360 
19 -32.769663 0.000000 36.638417 99.426320 0.000000 11.122784 -0.000931 
20 -72.961727 0.000000 36.638417 99.392041 0.000000 11.120534 -0.000244 
21 7.422402 0.000000 36.638417 99.542640 0.000000 10.979785 -0.002929 
22 -32.769663 0.000000 73.494202 99.407721 0.000000 11.105781 -0.000523 
23 -12.673630 0.000000 -18.645262 99.240729 0.000000 11.160603 0.002672 
24 -32.769663 0.000000 -18.645262 99.347380 0.000000 11.148595 0.000581 
25 -12.673630 0.000000 -37.073155 99.294687 0.000000 11.101037 0.001733 
26 7.422402 0.000000 -18.645262 98.939116 0.000000 10.800440 0.009440 
27 -12.673630 0.000000 -0.217369 99.388610 0.000000 11.318063 -0.000619 
28 47.614467 0.000000 36.638417 99.465193 0.000000 10.761125 -0.000913 
29 87.806532 0.000000 36.638417 99.438931 0.000000 10.669171 -0.000193 
30 47.614467 0.000000 73.494202 99.415136 0.000000 11.032442 -0.000508 
31 27.518435 0.000000 -18.645262 99.232163 0.000000 10.346339 0.004593 
32 27.518435 0.000000 -37.073155 99.289072 0.000000 10.893031 0.002302 
33 47.614467 0.000000 -18.645262 99.390712 0.000000 10.441327 0.001247 
34 27.518435 0.000000 -0.217369 98.849563 0.000000 15.279545 -0.000470 
35 -12.673630 0.000000 18.210524 99.542540 0.000000 11.159462 -0.003325 
36 -32.769663 0.000000 18.210524 99.422183 0.000000 11.148004 -0.000905 
37 7.422402 0.000000 18.210524 99.911148 0.000000 10.742484 -0.009764 
38 -12.673630 0.000000 36.638417 99.481303 0.000000 11.095602 -0.001964 
39 -2.625614 0.000000 -9.431316 98.904472 0.000000 11.252092 0.009130 
40 -12.673630 0.000000 -9.431316 99.255562 0.000000 11.246583 0.002185 
41 -2.625614 0.000000 -18.645262 99.088212 0.000000 11.084427 0.005866 
42 7.422402 0.000000 -9.431316 98.246793 0.000000 10.467131 0.023801 
43 -2.625614 0.000000 -0.217369 99.352036 0.000000 12.009052 -0.001504 
44 27.518435 0.000000 18.210524 99.668155 0.000000 10.125214 -0.003626 
45 47.614467 0.000000 18.210524 99.544805 0.000000 9.973019 -0.000863 
46 27.518435 0.000000 36.638417 99.515038 0.000000 10.833036 -0.002060 
47 17.470418 0.000000 -9.431316 98.767029 0.000000 9.533113 0.015419 
48 17.470418 0.000000 -18.645262 99.033814 0.000000 10.443218 0.008324 
49 27.518435 0.000000 -9.431316 99.287454 0.000000 9.580586 0.005021 
50 17.470418 0.000000 -0.217369 97.867061 0.000000 20.774153 -0.000953 
51 -2.625614 0.000000 8.996577 99.922358 0.000000 11.261732 -0.011130 
52 -12.673630 0.000000 8.996577 99.526790 0.000000 11.249287 -0.003213 
53 7.422402 0.000000 8.996577 100.741377 0.000000 10.340210 -0.025575 
54 -2.625614 0.000000 18.210524 99.721011 0.000000 11.075025 -0.006694 
55 2.398394 0.000000 -4.824342 98.059499 0.000000 11.168854 0.025959 
56 -2.625614 0.000000 -4.824342 98.855226 0.000000 11.544393 0.009437 
57 2.398394 0.000000 -9.431316 98.541591 0.000000 11.007013 0.016840 
58 7.422402 0.000000 -4.824342 97.174303 0.000000 10.162824 0.045387 
59 2.398394 0.000000 -0.217369 98.115172 0.000000 18.364054 0.003617 
60 17.470418 0.000000 8.996577 100.176736 0.000000 9.299754 -0.012186 
61 27.518435 0.000000 8.996577 99.709019 0.000000 9.412800 -0.003049 
62 17.470418 0.000000 18.210524 99.845325 0.000000 10.320070 -0.007559 
63 2.398394 0.000000 4.389604 100.964186 0.000000 11.339399 -0.032235 
64 -2.625614 0.000000 4.389604 99.949556 0.000000 11.594734 -0.012435 
65 7.422402 0.000000 4.389604 102.067795 0.000000 9.915156 -0.051615 
66 2.398394 0.000000 8.996577 100.362297 0.000000 10.988488 -0.019334 
67 12.446410 0.000000 4.389604 100.981252 0.000000 8.712870 -0.027313 
68 12.446410 0.000000 -0.217369 81.063363 0.000000 -25.931155 0.275631 
69 17.470418 0.000000 4.389604 99.807128 0.000000 10.263093 -0.006679 
70 12.446410 0.000000 8.996577 100.628058 0.000000 9.590726 -0.021799 
71 4.910398 0.000000 2.086117 101.994815 0.000000 13.824550 -0.059406 
72 2.398394 0.000000 2.086117 101.224142 0.000000 12.121482 -0.039326 
73 4.910398 0.000000 -0.217369 83.036043 0.000000 46.285880 0.096263 
74 7.422402 0.000000 2.086117 103.622707 0.000000 9.641366 -0.083062 
75 4.910398 0.000000 4.389604 101.499921 0.000000 10.911967 -0.042131 
76 12.446410 0.000000 -4.824342 97.829923 0.000000 8.915302 0.034982 
77 12.446410 0.000000 -9.431316 98.350511 0.000000 9.828814 0.023057 
78 17.470418 0.000000 -4.824342 98.769422 0.000000 9.263992 0.015878 
79 4.910398 0.000000 -2.520856 97.317055 0.000000 11.877656 0.038831 
80 2.398394 0.000000 -2.520856 97.568235 0.000000 11.492285 0.034837 
81 4.910398 0.000000 -4.824342 97.616290 0.000000 10.850273 0.035333 
82 7.422402 0.000000 -2.520856 96.044261 0.000000 10.111987 0.067325 
83 9.934406 0.000000 2.086117 102.296006 0.000000 9.032892 -0.054607 
84 9.934406 0.000000 -0.217369 98.538106 0.000000 -2.368952 0.028463 
85 12.446410 0.000000 2.086117 98.954263 0.000000 10.327912 0.010139 
86 9.934406 0.000000 4.389604 101.895517 0.000000 8.959698 -0.046297 
87 6.166400 0.000000 0.934374 113.007068 0.000000 18.222644 -0.310266 
88 4.910398 0.000000 0.934374 98.724123 0.000000 27.090190 -0.048033 
89 6.166400 0.000000 -0.217369 83.946812 0.000000 14.104966 0.275398 
90 7.422402 0.000000 0.934374 98.388348 0.000000 -2.357703 0.031417 
91 6.166400 0.000000 2.086117 104.163626 0.000000 12.085385 -0.099612 
92 9.934406 0.000000 -2.520856 96.436850 0.000000 8.756893 0.062325 
93 9.934406 0.000000 -4.824342 97.206968 0.000000 9.315439 0.046403 
94 12.446410 0.000000 -2.520856 98.544643 0.000000 8.669382 0.021380 
95 6.166400 0.000000 -1.369112 94.148478 0.000000 12.945764 0.096847 
96 4.910398 0.000000 -1.369112 97.842267 0.000000 16.155921 0.016588 
97 6.166400 0.000000 -2.520856 96.300277 0.000000 11.196083 0.060090 
98 7.422402 0.000000 -1.369112 95.080443 0.000000 10.032543 0.085906 
99 8.678404 0.000000 0.934374 98.206127 0.000000 -2.589759 0.034885 
100 8.678404 0.000000 -0.217369 98.206127 0.000000 -2.589759 0.034885 
101 9.934406 0.000000 0.934374 102.141495 0.000000 18.289750 -0.076740 
102 8.678404 0.000000 2.086117 102.742099 0.000000 9.085319 -0.063848 
103 6.794401 0.000000 0.358503 98.515127 0.000000 -1.956937 0.029094 
104 6.166400 0.000000 0.358503 98.621835 0.000000 10.060374 0.017252 
105 6.794401 0.000000 -0.217369 90.487460 0.000000 7.860448 0.175023 
106 7.422402 0.000000 0.358503 98.358886 0.000000 -2.363842 0.031994 
107 6.794401 0.000000 0.934374 107.727279 0.000000 11.337791 -0.173371 
108 -52.865695 0.000000 18.210524 99.396222 0.000000 11.132183 -0.000353 
109 -72.961727 0.000000 18.210524 99.388168 0.000000 11.124078 -0.000175 
110 -52.865695 0.000000 -0.217369 99.382929 0.000000 11.136658 -0.000099 
111 -52.865695 0.000000 36.638417 99.402206 0.000000 11.123360 -0.000453 
112 -22.721646 0.000000 8.996577 99.435643 0.000000 11.191612 -0.001270 
113 -32.769663 0.000000 8.996577 99.407426 0.000000 11.161012 -0.000640 
114 -22.721646 0.000000 -0.217369 99.386389 0.000000 11.207517 -0.000326 
115 -22.721646 0.000000 18.210524 99.458495 0.000000 11.159485 -0.001653 
116 -7.649622 0.000000 4.389604 99.579129 0.000000 11.409013 -0.004617 
117 -12.673630 0.000000 4.389604 99.473311 0.000000 11.297800 -0.002258 
118 -7.649622 0.000000 -0.217369 99.387022 0.000000 11.475186 -0.000946 
119 -7.649622 0.000000 8.996577 99.653518 0.000000 11.286634 -0.005821 
120 -0.113610 0.000000 2.086117 100.405405 0.000000 12.277077 -0.023197 
121 -2.625614 0.000000 2.086117 99.788528 0.000000 11.907197 -0.009953 
122 -0.113610 0.000000 -0.217369 99.334222 0.000000 12.987306 -0.003596 
123 -0.113610 0.000000 4.389604 100.409050 0.000000 11.595757 -0.021644 
124 3.654396 0.000000 0.934374 97.863121 0.000000 16.751163 0.014221 
125 2.398394 0.000000 0.934374 101.200822 0.000000 13.800433 -0.043206 
126 3.654396 0.000000 -0.217369 97.540638 0.000000 9.030634 0.040427 
127 3.654396 0.000000 2.086117 100.870015 0.000000 12.660095 -0.033504 
128 5.538399 0.000000 0.358503 88.394446 0.000000 41.141640 0.049379 
129 4.910398 0.000000 0.358503 90.399335 0.000000 40.250614 0.020785 
130 5.538399 0.000000 -0.217369 82.793821 0.000000 48.620044 0.078127 
131 5.538399 0.000000 0.934374 106.991594 0.000000 28.728325 -0.227252 
132 -12.673630 0.000000 55.066309 99.439272 0.000000 11.089686 -0.001115 
133 -32.769663 0.000000 55.066309 99.417090 0.000000 11.110197 -0.000719 
134 7.422402 0.000000 55.066309 99.455938 0.000000 11.046043 -0.001350 
135 -12.673630 0.000000 73.494202 99.417567 0.000000 11.093025 -0.000691 
136 -2.625614 0.000000 27.424470 99.590627 0.000000 11.045341 -0.004029 
137 -12.673630 0.000000 27.424470 99.512654 0.000000 11.113279 -0.002627 
138 7.422402 0.000000 27.424470 99.651857 0.000000 10.903870 -0.004939 
139 -2.625614 0.000000 36.638417 99.517966 0.000000 11.051377 -0.002596 
140 2.398394 0.000000 13.603551 100.027037 0.000000 10.937050 -0.012503 
141 -2.625614 0.000000 13.603551 99.816464 0.000000 11.130239 -0.008721 
142 7.422402 0.000000 13.603551 100.190894 0.000000 10.590658 -0.015038 
143 2.398394 0.000000 18.210524 99.832226 0.000000 10.943877 -0.008624 
144 4.910398 0.000000 6.693091 100.960431 0.000000 10.703827 -0.030758 
145 2.398394 0.000000 6.693091 100.605826 0.000000 11.085723 -0.024443 
146 7.422402 0.000000 6.693091 101.230750 0.000000 10.158744 -0.035086 
147 4.910398 0.000000 8.996577 100.579689 0.000000 10.717888 -0.023115 
148 6.166400 0.000000 3.237861 102.558200 0.000000 10.830468 -0.063548 
149 4.910398 0.000000 3.237861 101.865110 0.000000 11.484547 -0.050840 
150 7.422402 0.000000 3.237861 102.686221 0.000000 9.822809 -0.064095 
151 6.166400 0.000000 4.389604 101.850203 0.000000 10.496072 -0.048363 
152 6.794401 0.000000 1.510246 105.668549 0.000000 11.081128 -0.128863 
153 6.166400 0.000000 1.510246 106.493303 0.000000 14.277981 -0.154468 
154 7.422402 0.000000 1.510246 104.102927 0.000000 9.922271 -0.093587 
155 6.794401 0.000000 2.086117 104.154395 0.000000 10.562960 -0.095971 
156 6.480401 0.000000 0.646438 98.900841 0.000000 -0.163937 0.021860 
157 6.166400 0.000000 0.646438 99.033334 0.000000 8.327210 0.012306 
158 6.480401 0.000000 0.358503 98.919085 0.000000 -0.420029 0.021484 
159 6.794401 0.000000 0.646438 98.554003 0.000000 -1.884801 0.028356 
160 6.480401 0.000000 0.934374 110.758285 0.000000 13.353845 -0.244572 
161 8.678404 0.000000 -1.369112 95.960658 0.000000 9.586383 0.069965 
162 8.678404 0.000000 -2.520856 96.256910 0.000000 9.355279 0.064709 
163 9.934406 0.000000 -1.369112 96.087779 0.000000 9.571436 0.067553 
164 8.050403 0.000000 0.358503 98.235050 0.000000 -2.534872 0.034345 
165 8.050403 0.000000 -0.217369 98.251218 0.000000 -2.536267 0.034027 
166 8.678404 0.000000 0.358503 98.245679 0.000000 -2.584271 0.034111 
167 8.050403 0.000000 0.934374 98.251218 0.000000 -2.536267 0.034027 
168 67.710499 0.000000 18.210524 99.536345 0.000000 9.809828 -0.000372 
169 67.710499 0.000000 -0.217369 99.529780 0.000000 9.707065 -0.000040 
170 87.806532 0.000000 18.210524 99.548259 0.000000 9.644437 -0.000287 
171 67.710499 0.000000 36.638417 99.443748 0.000000 10.717134 -0.000392 
172 37.566451 0.000000 8.996577 99.581017 0.000000 9.669183 -0.000987 
173 37.566451 0.000000 -0.217369 99.237675 0.000000 12.057980 0.000649 
174 47.614467 0.000000 8.996577 99.494285 0.000000 10.216945 -0.000350 
175 37.566451 0.000000 18.210524 99.576225 0.000000 10.038648 -0.001620 
176 22.494427 0.000000 4.389604 99.111495 0.000000 12.623627 0.001756 
177 22.494427 0.000000 -0.217369 98.747099 0.000000 17.337529 -0.005158 
178 27.518435 0.000000 4.389604 98.718853 0.000000 17.273047 -0.004377 
179 22.494427 0.000000 8.996577 99.862662 0.000000 9.319491 -0.005940 
180 14.958414 0.000000 2.086117 98.033161 0.000000 17.298228 0.009027 
181 14.958414 0.000000 -0.217369 96.611681 0.000000 26.014506 -0.001057 
182 17.470418 0.000000 2.086117 95.850650 0.000000 27.065478 0.008011 
183 14.958414 0.000000 4.389604 100.234329 0.000000 9.425894 -0.013577 
184 11.190408 0.000000 0.934374 103.200365 0.000000 14.797475 -0.086928 
185 11.190408 0.000000 -0.217369 88.011876 0.000000 4.759122 0.223126 
186 12.446410 0.000000 0.934374 90.829373 0.000000 19.369720 0.137484 
187 11.190408 0.000000 2.086117 101.334131 0.000000 8.772783 -0.034557 
188 9.306405 0.000000 0.358503 98.611949 0.000000 -2.548201 0.026919 
189 9.306405 0.000000 -0.217369 98.626701 0.000000 -2.549705 0.026627 
190 9.934406 0.000000 0.358503 98.524178 0.000000 -2.367927 0.028738 
191 9.306405 0.000000 0.934374 98.626701 0.000000 -2.549705 0.026627 
192 67.710499 0.000000 -18.645262 99.420690 0.000000 10.543084 0.000437 
193 67.710499 0.000000 -37.073155 99.377514 0.000000 10.889958 0.000552 
194 87.806532 0.000000 -18.645262 99.424278 0.000000 10.622775 0.000197 
195 37.566451 0.000000 -9.431316 99.434092 0.000000 9.734023 0.001811 
196 37.566451 0.000000 -18.645262 99.345072 0.000000 10.385268 0.002270 
197 47.614467 0.000000 -9.431316 99.472591 0.000000 9.860226 0.000798 
198 22.494427 0.000000 -4.824342 99.181059 0.000000 9.403282 0.007470 
199 22.494427 0.000000 -9.431316 99.100516 0.000000 9.513935 0.008857 
200 27.518435 0.000000 -4.824342 99.359852 0.000000 9.465309 0.003803 
201 14.958414 0.000000 -2.520856 98.796753 0.000000 10.744860 0.012375 
202 14.958414 0.000000 -4.824342 98.426772 0.000000 9.092717 0.022949 
203 17.470418 0.000000 -2.520856 98.825578 0.000000 10.865111 0.011545 
204 11.190408 0.000000 -1.369112 96.288965 0.000000 7.873449 0.066644 
205 11.190408 0.000000 -2.520856 97.187687 0.000000 8.304172 0.048559 
206 12.446410 0.000000 -1.369112 100.948214 0.000000 7.520780 -0.024710 
207 10.562407 0.000000 0.358503 97.620586 0.000000 -1.725349 0.046724 
208 10.562407 0.000000 -0.217369 93.697722 0.000000 9.862982 0.112346 
209 11.190408 0.000000 0.358503 93.541052 0.000000 -7.572744 0.119273 
210 10.562407 0.000000 0.934374 103.016860 0.000000 17.883467 -0.093229 
211 10.562407 0.000000 -0.793241 95.022341 0.000000 9.911959 0.087251 
212 9.934406 0.000000 -0.793241 96.020914 0.000000 10.554281 0.066859 
213 10.562407 0.000000 -1.369112 95.976244 0.000000 9.061371 0.070645 
214 11.190408 0.000000 -0.793241 94.070182 0.000000 7.266268 0.109800 
215 13.702412 0.000000 0.934374 91.726198 0.000000 36.583547 0.024795 
216 13.702412 0.000000 -0.217369 95.388199 0.000000 35.359088 -0.034917 
217 14.958414 0.000000 0.934374 93.955239 0.000000 40.392420 -0.045913 
218 13.702412 0.000000 2.086117 97.978651 0.000000 14.147957 0.020002 
219 11.818409 0.000000 0.358503 80.609824 0.000000 -27.324015 0.275545 
220 11.818409 0.000000 -0.217369 77.073448 0.000000 -30.539444 0.312703 
221 12.446410 0.000000 0.358503 76.984064 0.000000 12.841373 0.390855 
222 11.818409 0.000000 0.934374 97.528808 0.000000 12.960493 0.032016 
223 10.876408 0.000000 0.070567 96.766418 0.000000 -1.936594 0.063251 
224 10.562407 0.000000 0.070567 97.655882 0.000000 -1.759626 0.046023 
225 10.876408 0.000000 -0.217369 91.040536 0.000000 8.495288 0.163945 
226 11.190408 0.000000 0.070567 92.200662 0.000000 -10.121466 0.139659 
227 10.876408 0.000000 0.358503 96.732845 0.000000 -1.437781 0.064069 
228 -52.865695 0.000000 -18.645262 99.369563 0.000000 11.132500 0.000176 
229 -72.961727 0.000000 -18.645262 99.376037 0.000000 11.124258 0.000065 
230 -52.865695 0.000000 -37.073155 99.363277 0.000000 11.124032 0.000320 
231 -52.865695 0.000000 55.066309 99.401863 0.000000 11.116039 -0.000430 
232 -72.961727 0.000000 55.066309 99.393341 0.000000 11.116757 -0.000262 
233 -52.865695 0.000000 73.494202 99.399021 0.000000 11.111674 -0.000363 
234 -22.721646 0.000000 -9.431316 99.337694 0.000000 11.191420 0.000677 
235 -32.769663 0.000000 -9.431316 99.362172 0.000000 11.161187 0.000259 
236 -22.721646 0.000000 -18.645262 99.315123 0.000000 11.160495 0.001195 
237 27.518435 0.000000 55.066309 99.450291 0.000000 10.995450 -0.001126 
238 47.614467 0.000000 55.066309 99.432686 0.000000 10.961629 -0.000702 
239 27.518435 0.000000 73.494202 99.422174 0.000000 11.050091 -0.000687 
240 -22.721646 0.000000 27.424470 99.458651 0.000000 11.132676 -0.001596 
241 -32.769663 0.000000 27.424470 99.427432 0.000000 11.134223 -0.000979 
242 -22.721646 0.000000 36.638417 99.448953 0.000000 11.115487 -0.001365 
243 -7.649622 0.000000 -4.824342 99.204824 0.000000 11.398113 0.002849 
244 -12.673630 0.000000 -4.824342 99.305845 0.000000 11.294915 0.001077 
245 -7.649622 0.000000 -9.431316 99.140692 0.000000 11.279571 0.004389 
246 17.470418 0.000000 27.424470 99.637436 0.000000 10.734108 -0.004284 
247 27.518435 0.000000 27.424470 99.575670 0.000000 10.614558 -0.002798 
248 17.470418 0.000000 36.638417 99.539789 0.000000 10.898582 -0.002695 
249 -7.649622 0.000000 13.603551 99.649097 0.000000 11.192982 -0.005523 
250 -12.673630 0.000000 13.603551 99.545579 0.000000 11.199435 -0.003475 
251 -7.649622 0.000000 18.210524 99.618194 0.000000 11.135909 -0.004779 
252 -0.113610 0.000000 -2.520856 98.315195 0.000000 12.026437 0.018949 
253 -2.625614 0.000000 -2.520856 98.962990 0.000000 11.832899 0.006631 
254 -0.113610 0.000000 -4.824342 98.441872 0.000000 11.501923 0.017690 
255 12.446410 0.000000 13.603551 100.179061 0.000000 10.193651 -0.013975 
256 17.470418 0.000000 13.603551 100.013502 0.000000 9.904242 -0.010079 
257 12.446410 0.000000 18.210524 99.916461 0.000000 10.503882 -0.009363 
258 -0.113610 0.000000 6.693091 100.262829 0.000000 11.315888 -0.018068 
259 -2.625614 0.000000 6.693091 99.967812 0.000000 11.398236 -0.012348 
260 -0.113610 0.000000 8.996577 100.132231 0.000000 11.171810 -0.015127 
261 9.934406 0.000000 6.693091 101.289989 0.000000 9.523645 -0.035036 
262 12.446410 0.000000 6.693091 100.955062 0.000000 9.124977 -0.027519 
263 9.934406 0.000000 8.996577 100.763821 0.000000 9.935796 -0.025207 
264 3.654396 0.000000 3.237861 101.329262 0.000000 11.565360 -0.040138 
265 2.398394 0.000000 3.237861 101.106076 0.000000 11.596486 -0.035692 
266 3.654396 0.000000 4.389604 101.179996 0.000000 11.142769 -0.036155 
267 3.654396 0.000000 -1.369112 98.852092 0.000000 11.852593 0.008778 
268 2.398394 0.000000 -1.369112 97.015459 0.000000 11.890606 0.044661 
269 3.654396 0.000000 -2.520856 97.778424 0.000000 11.467827 0.030787 
270 8.678404 0.000000 3.237861 102.474532 0.000000 9.115180 -0.058412 
271 9.934406 0.000000 3.237861 102.155811 0.000000 8.634425 -0.051036 
272 8.678404 0.000000 4.389604 102.103986 0.000000 9.370440 -0.051303 
273 5.538399 0.000000 1.510246 104.485767 0.000000 17.532956 -0.122468 
274 4.910398 0.000000 1.510246 101.447338 0.000000 17.626574 -0.060226 
275 5.538399 0.000000 2.086117 103.295049 0.000000 13.500213 -0.085212 
276 8.050403 0.000000 1.510246 103.150528 0.000000 9.895068 -0.073794 
277 8.678404 0.000000 1.510246 102.666239 0.000000 10.082459 -0.064201 
278 8.050403 0.000000 2.086117 103.112359 0.000000 9.226003 -0.071728 
279 9.306405 0.000000 -0.793241 96.358224 0.000000 10.238565 0.061026 
280 8.678404 0.000000 -0.793241 96.173977 0.000000 9.763006 0.065525 
281 9.306405 0.000000 -1.369112 96.115618 0.000000 9.649631 0.066867 
282 8.050403 0.000000 -0.793241 95.657442 0.000000 9.423118 0.076086 
283 7.422402 0.000000 -0.793241 94.604641 0.000000 9.509469 0.095953 
284 8.050403 0.000000 -1.369112 95.631973 0.000000 9.602504 0.076232 
285 13.702412 0.000000 -1.369112 100.973129 0.000000 14.542953 -0.040707 
286 13.702412 0.000000 -2.520856 99.061797 0.000000 10.083564 0.008508 
287 14.958414 0.000000 -1.369112 98.724891 0.000000 14.773494 0.003514 
288 11.818409 0.000000 -0.793241 96.133659 0.000000 2.627818 0.075141 
289 11.818409 0.000000 -1.369112 97.941688 0.000000 6.749749 0.036187 
290 12.446410 0.000000 -0.793241 104.375784 0.000000 1.816880 -0.089761 
291 67.710499 0.000000 55.066309 99.419230 0.000000 10.941828 -0.000391 
292 87.806532 0.000000 55.066309 99.412303 0.000000 10.926196 -0.000219 
293 67.710499 0.000000 73.494202 99.407833 0.000000 11.020797 -0.000338 
294 37.566451 0.000000 27.424470 99.524244 0.000000 10.551314 -0.001641 
295 47.614467 0.000000 27.424470 99.493804 0.000000 10.508111 -0.000944 
296 37.566451 0.000000 36.638417 99.486828 0.000000 10.789791 -0.001405 
297 22.494427 0.000000 13.603551 99.835885 0.000000 9.767560 -0.006261 
298 27.518435 0.000000 13.603551 99.715579 0.000000 9.710270 -0.003749 
299 22.494427 0.000000 18.210524 99.749801 0.000000 10.199513 -0.005405 
300 14.958414 0.000000 6.693091 100.515972 0.000000 9.043273 -0.018524 
301 17.470418 0.000000 6.693091 100.150304 0.000000 9.164789 -0.011408 
302 14.958414 0.000000 8.996577 100.402714 0.000000 9.383399 -0.016875 
303 11.190408 0.000000 3.237861 101.518324 0.000000 8.500631 -0.037823 
304 12.446410 0.000000 3.237861 100.611239 0.000000 8.915002 -0.020210 
305 11.190408 0.000000 4.389604 101.524428 0.000000 8.664903 -0.038229 
306 6.794401 0.000000 -0.793241 92.777379 0.000000 10.761861 0.127654 
307 6.166400 0.000000 -0.793241 90.945145 0.000000 14.422797 0.152096 
308 6.794401 0.000000 -1.369112 94.409782 0.000000 11.036733 0.096498 
309 5.538399 0.000000 -0.793241 91.648890 0.000000 20.654029 0.117389 
310 4.910398 0.000000 -0.793241 98.659883 0.000000 24.920440 -0.035480 
311 5.538399 0.000000 -1.369112 95.165588 0.000000 15.323608 0.070870 
312 9.306405 0.000000 1.510246 102.364797 0.000000 10.407627 -0.058687 
313 9.934406 0.000000 1.510246 102.260365 0.000000 10.592687 -0.056939 
314 9.306405 0.000000 2.086117 102.509680 0.000000 9.030648 -0.058979 
315 13.702412 0.000000 3.237861 99.937127 0.000000 9.966901 -0.008677 
316 14.958414 0.000000 3.237861 99.639684 0.000000 11.049363 -0.005016 
317 13.702412 0.000000 4.389604 100.576270 0.000000 9.019704 -0.019694 
318 10.562407 0.000000 1.510246 102.210577 0.000000 10.342023 -0.055396 
319 11.190408 0.000000 1.510246 101.467126 0.000000 9.643061 -0.038857 
320 10.562407 0.000000 2.086117 102.028857 0.000000 8.870464 -0.048857 
321 11.818409 0.000000 1.510246 99.178646 0.000000 9.912101 0.006535 
322 12.446410 0.000000 1.510246 96.585832 0.000000 12.574526 0.051306 
323 11.818409 0.000000 2.086117 100.183670 0.000000 9.114553 -0.011984 
1 1 12 10 11 
2 12 7 13 10 
3 7 16 15 13 
4 16 2 17 15 
5 10 25 23 24 
6 25 13 26 23 
7 13 32 31 26 
8 32 15 33 31 
9 23 41 39 40 
10 41 26 42 39 
11 26 48 47 42 
12 48 31 49 47 
13 39 57 55 56 
14 57 42 58 55 
15 42 77 76 58 
16 77 47 78 76 
17 55 81 79 80 
18 81 58 82 79 
19 58 93 92 82 
20 93 76 94 92 
21 79 97 95 96 
22 97 82 98 95 
23 89 105 103 104 
24 105 5 106 103 
25 103 106 90 107 
26 6 110 108 109 
27 110 14 36 108 
28 108 36 19 111 
29 109 108 111 20 
30 14 114 112 113 
31 114 27 52 112 
32 112 52 35 115 
33 113 112 115 36 
34 27 118 116 117 
35 118 43 64 116 
36 116 64 51 119 
37 117 116 119 52 
38 43 122 120 121 
39 122 59 72 120 
40 120 72 63 123 
41 121 120 123 64 
42 59 126 124 125 
43 126 73 88 124 
44 124 88 71 127 
45 125 124 127 72 
46 73 130 128 129 
47 130 89 104 128 
48 128 104 87 131 
49 129 128 131 88 
50 19 38 132 133 
51 38 21 134 132 
52 132 134 9 135 
53 133 132 135 22 
54 35 54 136 137 
55 54 37 138 136 
56 136 138 21 139 
57 137 136 139 38 
58 51 66 140 141 
59 66 53 142 140 
60 140 142 37 143 
61 141 140 143 54 
62 63 75 144 145 
63 75 65 146 144 
64 144 146 53 147 
65 145 144 147 66 
66 71 91 148 149 
67 91 74 150 148 
68 148 150 65 151 
69 149 148 151 75 
70 87 107 152 153 
71 107 90 154 152 
72 152 154 74 155 
73 153 152 155 91 
74 104 158 156 157 
75 158 103 159 156 
76 156 159 107 160 
77 157 156 160 87 
78 82 162 161 98 
79 162 92 163 161 
80 5 165 164 106 
81 165 100 166 164 
82 164 166 99 167 
83 106 164 167 90 
84 18 169 168 45 
85 169 8 170 168 
86 168 170 29 171 
87 45 168 171 28 
88 34 173 172 61 
89 173 18 174 172 
90 172 174 45 175 
91 61 172 175 44 
92 50 177 176 69 
93 177 34 178 176 
94 176 178 61 179 
95 69 176 179 60 
96 181 50 182 180 
97 180 182 69 183 
98 100 189 188 166 
99 189 84 190 188 
100 188 190 101 191 
101 166 188 191 99 
102 15 193 192 33 
103 193 17 194 192 
104 192 194 8 169 
105 33 192 169 18 
106 31 196 195 49 
107 196 33 197 195 
108 195 197 18 173 
109 49 195 173 34 
110 47 199 198 78 
111 199 49 200 198 
112 198 200 34 177 
113 78 198 177 50 
114 76 202 201 94 
115 202 78 203 201 
116 201 203 50 181 
117 92 205 204 163 
118 205 94 206 204 
119 84 208 207 190 
120 207 209 184 210 
121 190 207 210 101 
122 163 213 211 212 
123 213 204 214 211 
124 211 214 185 208 
125 212 211 208 84 
126 68 216 215 186 
127 216 181 217 215 
128 215 217 180 218 
129 186 215 218 85 
130 185 220 219 209 
131 220 68 221 219 
132 219 221 186 222 
133 209 219 222 184 
134 208 225 223 224 
135 225 185 226 223 
136 223 226 209 227 
137 224 223 227 207 
138 11 230 228 229 
139 230 10 24 228 
140 228 24 14 110 
141 229 228 110 6 
142 20 111 231 232 
143 111 19 133 231 
144 231 133 22 233 
145 232 231 233 4 
146 24 236 234 235 
147 236 23 40 234 
148 234 40 27 114 
149 235 234 114 14 
150 21 46 237 134 
151 46 28 238 237 
152 237 238 30 239 
153 134 237 239 9 
154 36 115 240 241 
155 115 35 137 240 
156 240 137 38 242 
157 241 240 242 19 
158 40 245 243 244 
159 245 39 56 243 
160 243 56 43 118 
161 244 243 118 27 
162 37 62 246 138 
163 62 44 247 246 
164 246 247 46 248 
165 138 246 248 21 
166 52 119 249 250 
167 119 51 141 249 
168 249 141 54 251 
169 250 249 251 35 
170 56 254 252 253 
171 254 55 80 252 
172 252 80 59 122 
173 253 252 122 43 
174 53 70 255 142 
175 70 60 256 255 
176 255 256 62 257 
177 142 255 257 37 
178 64 123 258 259 
179 123 63 145 258 
180 258 145 66 260 
181 259 258 260 51 
182 65 86 261 146 
183 86 67 262 261 
184 261 262 70 263 
185 146 261 263 53 
186 72 127 264 265 
187 127 71 149 264 
188 264 149 75 266 
189 265 264 266 63 
190 80 269 267 268 
191 269 79 96 267 
192 267 96 73 126 
193 268 267 126 59 
194 74 102 270 150 
195 102 83 271 270 
196 270 271 86 272 
197 150 270 272 65 
198 88 131 273 274 
199 131 87 153 273 
200 273 153 91 275 
201 274 273 275 71 
202 90 167 276 154 
203 167 99 277 276 
204 276 277 102 278 
205 154 276 278 74 
206 161 281 279 280 
207 281 163 212 279 
208 279 212 84 189 
209 280 279 189 100 
210 98 284 282 283 
211 284 161 280 282 
212 282 280 100 165 
213 283 282 165 5 
214 94 286 285 206 
215 286 201 287 285 
216 285 287 181 216 
217 206 285 216 68 
218 204 289 288 214 
219 289 206 290 288 
220 288 290 68 220 
221 214 288 220 185 
222 28 171 291 238 
223 171 29 292 291 
224 291 292 3 293 
225 238 291 293 30 
226 44 175 294 247 
227 175 45 295 294 
228 294 295 28 296 
229 247 294 296 46 
230 60 179 297 256 
231 179 61 298 297 
232 297 298 44 299 
233 256 297 299 62 
234 67 183 300 262 
235 183 69 301 300 
236 300 301 60 302 
237 262 300 302 70 
238 83 187 303 271 
239 187 85 304 303 
240 303 304 67 305 
241 271 303 305 86 
242 95 308 306 307 
243 308 98 283 306 
244 306 283 5 105 
245 307 306 105 89 
246 96 311 309 310 
247 311 95 307 309 
248 309 307 89 130 
249 310 309 130 73 
250 99 191 312 277 
251 191 101 313 312 
252 312 313 83 314 
253 277 312 314 102 
254 85 218 315 304 
255 218 180 316 315 
256 315 316 183 317 
257 304 315 317 67 
258 101 210 318 313 
259 210 184 319 318 
260 318 319 187 320 
261 313 318 320 83 
262 184 222 321 319 
263 222 186 322 321 
264 321 322 85 323 
265 319 321 323 187 
