2 0.000000 100.000000 410.334720
323 265 
1 -72.961727 0.000000 -73.928940 97.581071 0.000000 21.797145 0.000282 
2 87.806532 0.000000 -73.928940 97.591055 0.000000 21.700556 0.000507 
3 87.806532 0.000000 73.494202 97.661516 0.000000 21.571652 -0.000311 
4 -72.961727 0.000000 73.494202 97.619397 0.000000 21.795008 -0.000457 
5 7.422402 0.000000 -0.217369 90.806091 0.000000 11.679220 0.161785 
6 -72.961727 0.000000 -0.217369 97.601610 0.000000 21.816017 -0.000201 
7 7.422402 0.000000 -73.928940 97.542661 0.000000 21.742130 0.001271 
8 87.806532 0.000000 -0.217369 97.947862 0.000000 20.157898 -0.000012 
9 7.422402 0.000000 73.494202 97.678390 0.000000 21.718766 -0.001277 
10 -32.769663 0.000000 -37.073155 97.534736 0.000000 21.816498 0.001102 
11 -72.961727 0.000000 -37.073155 97.583909 0.000000 21.808222 0.000178 
12 -32.769663 0.000000 -73.928940 97.560641 0.000000 21.786684 0.000726 
13 7.422402 0.000000 -37.073155 97.383958 0.000000 21.617359 0.004905 
14 -32.769663 0.000000 -0.217369 97.612358 0.000000 21.889519 -0.000732 
15 47.614467 0.000000 -37.073155 97.563974 0.000000 21.441266 0.002154 
16 47.614467 0.000000 -73.928940 97.565758 0.000000 21.700297 0.001002 
17 87.806532 0.000000 -37.073155 97.624313 0.000000 21.534586 0.000576 
18 47.614467 0.000000 -0.217369 98.131809 0.000000 19.123460 0.000444 
19 -32.769663 0.000000 36.638417 97.682715 0.000000 21.809916 -0.001759 
20 -72.961727 0.000000 36.638417 97.618447 0.000000 21.806778 -0.000490 
21 7.422402 0.000000 36.638417 97.901589 0.000000 21.542877 -0.004882 
22 -32.769663 0.000000 73.494202 97.646616 0.000000 21.780076 -0.000923 
23 -12.673630 0.000000 -18.645262 97.366030 0.000000 21.880723 0.004109 
24 -32.769663 0.000000 -18.645262 97.545174 0.000000 21.858840 0.000713 
25 -12.673630 0.000000 -37.073155 97.456042 0.000000 21.778868 0.002800 
26 7.422402 0.000000 -18.645262 96.886001 0.000000 21.262044 0.016103 
27 -12.673630 0.000000 -0.217369 97.639845 0.000000 22.163258 -0.002475 
28 47.614467 0.000000 36.638417 97.829784 0.000000 21.044810 -0.001355 
29 87.806532 0.000000 36.638417 97.895004 0.000000 20.499451 -0.000366 
30 47.614467 0.000000 73.494202 97.671692 0.000000 21.636112 -0.000788 
31 27.518435 0.000000 -18.645262 97.428657 0.000000 20.598769 0.008335 
32 27.518435 0.000000 -37.073155 97.462284 0.000000 21.452248 0.004090 
33 47.614467 0.000000 -18.645262 97.672629 0.000000 20.870157 0.002449 
34 27.518435 0.000000 -0.217369 97.307469 0.000000 22.305493 0.003372 
35 -12.673630 0.000000 18.210524 97.904213 0.000000 21.865090 -0.006332 
36 -32.769663 0.000000 18.210524 97.677612 0.000000 21.854984 -0.001856 
37 7.422402 0.000000 18.210524 98.586813 0.000000 21.052555 -0.016257 
38 -12.673630 0.000000 36.638417 97.785080 0.000000 21.758588 -0.003536 
39 -2.625614 0.000000 -9.431316 96.762132 0.000000 22.027424 0.015188 
40 -12.673630 0.000000 -9.431316 97.392961 0.000000 22.034402 0.002910 
41 -2.625614 0.000000 -18.645262 97.109940 0.000000 21.745071 0.009681 
42 7.422402 0.000000 -9.431316 95.733042 0.000000 20.571930 0.041198 
43 -2.625614 0.000000 -0.217369 97.673397 0.000000 23.542260 -0.009433 
44 27.518435 0.000000 18.210524 98.271100 0.000000 19.842922 -0.005095 
45 47.614467 0.000000 18.210524 98.209524 0.000000 19.217006 -0.001440 
46 27.518435 0.000000 36.638417 97.878040 0.000000 21.253361 -0.003182 
47 17.470418 0.000000 -9.431316 96.742779 0.000000 19.120998 0.027522 
48 17.470418 0.000000 -18.645262 97.085888 0.000000 20.713989 0.014526 
49 27.518435 0.000000 -9.431316 97.619756 0.000000 19.381928 0.009472 
50 17.470418 0.000000 -0.217369 95.635345 0.000000 29.448236 -0.001332 
51 -2.625614 0.000000 8.996577 98.663857 0.000000 21.998995 -0.021851 
52 -12.673630 0.000000 8.996577 97.887992 0.000000 22.028470 -0.006731 
53 7.422402 0.000000 8.996577 100.100778 0.000000 20.136225 -0.042563 
54 -2.625614 0.000000 18.210524 98.233547 0.000000 21.690781 -0.012032 
55 2.398394 0.000000 -4.824342 95.001741 0.000000 21.595938 0.050828 
56 -2.625614 0.000000 -4.824342 96.623856 0.000000 22.593030 0.015339 
57 2.398394 0.000000 -9.431316 96.145137 0.000000 21.537699 0.029224 
58 7.422402 0.000000 -4.824342 93.997662 0.000000 19.612000 0.077981 
59 2.398394 0.000000 -0.217369 98.143075 0.000000 27.959266 -0.041378 
60 17.470418 0.000000 8.996577 99.082913 0.000000 18.481912 -0.015900 
61 27.518435 0.000000 8.996577 97.926446 0.000000 20.786283 -0.002166 
62 17.470418 0.000000 18.210524 98.499823 0.000000 20.294280 -0.011407 
63 2.398394 0.000000 4.389604 100.881611 0.000000 21.738576 -0.064967 
64 -2.625614 0.000000 4.389604 98.802969 0.000000 22.627986 -0.027405 
65 7.422402 0.000000 4.389604 102.375900 0.000000 19.096070 -0.084548 
66 2.398394 0.000000 8.996577 99.480663 0.000000 21.394996 -0.035415 
67 12.446410 0.000000 4.389604 99.730608 0.000000 18.583464 -0.029154 
68 12.446410 0.000000 -0.217369 72.367139 0.000000 -23.145511 0.422728 
69 17.470418 0.000000 4.389604 92.003927 0.000000 35.786619 0.025460 
70 12.446410 0.000000 8.996577 99.847891 0.000000 18.814577 -0.032359 
71 4.910398 0.000000 2.086117 102.220604 0.000000 24.651274 -0.105674 
72 2.398394 0.000000 2.086117 102.037752 0.000000 22.755757 -0.092953 
73 4.910398 0.000000 -0.217369 84.416927 0.000000 47.158745 0.064984 
74 7.422402 0.000000 2.086117 103.275477 0.000000 24.159733 -0.124952 
75 4.910398 0.000000 4.389604 101.665501 0.000000 20.678278 -0.076347 
76 12.446410 0.000000 -4.824342 95.190323 0.000000 17.723534 0.062468 
77 12.446410 0.000000 -9.431316 95.997837 0.000000 19.539215 0.040263 
78 17.470418 0.000000 -4.824342 96.827412 0.000000 18.263264 0.029091 
79 4.910398 0.000000 -2.520856 93.802477 0.000000 20.773297 0.076957 
80 2.398394 0.000000 -2.520856 93.546248 0.000000 21.275632 0.079645 
81 4.910398 0.000000 -4.824342 94.495297 0.000000 20.737941 0.064058 
82 7.422402 0.000000 -2.520856 92.423348 0.000000 18.751284 0.110631 
83 9.934406 0.000000 2.086117 96.460454 0.000000 35.543001 -0.056792 
84 9.934406 0.000000 -0.217369 96.024800 0.000000 -2.308529 0.077391 
85 12.446410 0.000000 2.086117 93.187221 0.000000 25.333628 0.067435 
86 9.934406 0.000000 4.389604 101.816497 0.000000 17.815067 -0.068398 
87 6.166400 0.000000 0.934374 110.077831 0.000000 36.825574 -0.347325 
88 4.910398 0.000000 0.934374 95.324353 0.000000 47.527044 -0.134555 
89 6.166400 0.000000 -0.217369 81.760635 0.000000 18.729873 0.296439 
90 7.422402 0.000000 0.934374 94.878360 0.000000 -2.273592 0.099293 
91 6.166400 0.000000 2.086117 104.254215 0.000000 24.237756 -0.145641 
92 9.934406 0.000000 -2.520856 93.104125 0.000000 16.998648 0.104267 
93 9.934406 0.000000 -4.824342 94.152726 0.000000 18.333498 0.079915 
94 12.446410 0.000000 -2.520856 96.196073 0.000000 17.143784 0.045241 
95 6.166400 0.000000 -1.369112 90.732343 0.000000 20.691152 0.133952 
96 4.910398 0.000000 -1.369112 94.589791 0.000000 23.197487 0.051465 
97 6.166400 0.000000 -2.520856 92.753428 0.000000 19.989287 0.099723 
98 7.422402 0.000000 -1.369112 91.410928 0.000000 18.014821 0.131951 
99 8.678404 0.000000 0.934374 95.293331 0.000000 -2.512947 0.091287 
100 8.678404 0.000000 -0.217369 95.293331 0.000000 -2.512947 0.091287 
101 9.934406 0.000000 0.934374 96.785204 0.000000 24.225698 0.004574 
102 8.678404 0.000000 2.086117 100.519676 0.000000 28.340188 -0.090737 
103 6.794401 0.000000 0.358503 95.435905 0.000000 -1.895091 0.088840 
104 6.166400 0.000000 0.358503 97.639238 0.000000 10.092672 0.036472 
105 6.794401 0.000000 -0.217369 87.443447 0.000000 12.990523 0.218489 
106 7.422402 0.000000 0.358503 94.958033 0.000000 -2.282011 0.097776 
107 6.794401 0.000000 0.934374 104.555970 0.000000 29.392446 -0.179587 
108 -52.865695 0.000000 18.210524 97.627858 0.000000 21.827827 -0.000765 
109 -72.961727 0.000000 18.210524 97.611974 0.000000 21.813080 -0.000391 
110 -52.865695 0.000000 -0.217369 97.604693 0.000000 21.836253 -0.000350 
111 -52.865695 0.000000 36.638417 97.637748 0.000000 21.811895 -0.000889 
112 -22.721646 0.000000 8.996577 97.708717 0.000000 21.934066 -0.002810 
113 -32.769663 0.000000 8.996577 97.652371 0.000000 21.879077 -0.001468 
114 -22.721646 0.000000 -0.217369 97.620648 0.000000 21.964996 -0.001225 
115 -22.721646 0.000000 18.210524 97.747151 0.000000 21.874762 -0.003301 
116 -7.649622 0.000000 4.389604 98.016957 0.000000 22.322588 -0.010562 
117 -12.673630 0.000000 4.389604 97.794971 0.000000 22.121361 -0.005321 
118 -7.649622 0.000000 -0.217369 97.657065 0.000000 22.462006 -0.004144 
119 -7.649622 0.000000 8.996577 98.137667 0.000000 22.084878 -0.011874 
120 -0.113610 0.000000 2.086117 100.022150 0.000000 23.841983 -0.057287 
121 -2.625614 0.000000 2.086117 98.534312 0.000000 23.236578 -0.024895 
122 -0.113610 0.000000 -0.217369 98.489869 0.000000 25.757641 -0.036371 
123 -0.113610 0.000000 4.389604 99.786620 0.000000 22.515990 -0.046434 
124 3.654396 0.000000 0.934374 96.750686 0.000000 30.398751 -0.028478 
125 2.398394 0.000000 0.934374 102.620133 0.000000 25.334338 -0.117272 
126 3.654396 0.000000 -0.217369 95.146229 0.000000 8.807998 0.086961 
127 3.654396 0.000000 2.086117 101.382932 0.000000 22.990589 -0.080707 
128 5.538399 0.000000 0.358503 90.196088 0.000000 42.102741 0.009202 
129 4.910398 0.000000 0.358503 89.472539 0.000000 52.863352 -0.079987 
130 5.538399 0.000000 -0.217369 85.073645 0.000000 50.014795 0.026100 
131 5.538399 0.000000 0.934374 103.659574 0.000000 49.504752 -0.319603 
132 -12.673630 0.000000 55.066309 97.706399 0.000000 21.749948 -0.001960 
133 -32.769663 0.000000 55.066309 97.664787 0.000000 21.787890 -0.001312 
134 7.422402 0.000000 55.066309 97.740542 0.000000 21.668652 -0.002274 
135 -12.673630 0.000000 73.494202 97.665194 0.000000 21.756655 -0.001184 
136 -2.625614 0.000000 27.424470 97.986372 0.000000 21.657091 -0.007036 
137 -12.673630 0.000000 27.424470 97.843528 0.000000 21.785927 -0.004798 
138 7.422402 0.000000 27.424470 98.099620 0.000000 21.393426 -0.008121 
139 -2.625614 0.000000 36.638417 97.851339 0.000000 21.674702 -0.004468 
140 2.398394 0.000000 13.603551 98.815110 0.000000 21.387383 -0.022185 
141 -2.625614 0.000000 13.603551 98.426355 0.000000 21.775102 -0.016190 
142 7.422402 0.000000 13.603551 99.091660 0.000000 20.741792 -0.024938 
143 2.398394 0.000000 18.210524 98.436496 0.000000 21.442629 -0.014953 
144 4.910398 0.000000 6.693091 100.600339 0.000000 20.667675 -0.054758 
145 2.398394 0.000000 6.693091 100.013160 0.000000 21.474609 -0.046379 
146 7.422402 0.000000 6.693091 100.991256 0.000000 19.645499 -0.058518 
147 4.910398 0.000000 8.996577 99.848588 0.000000 20.835865 -0.040387 
148 6.166400 0.000000 3.237861 103.066999 0.000000 20.503098 -0.104318 
149 4.910398 0.000000 3.237861 102.260951 0.000000 21.293300 -0.091071 
150 7.422402 0.000000 3.237861 103.191393 0.000000 19.362011 -0.102335 
151 6.166400 0.000000 4.389604 102.105651 0.000000 19.971999 -0.082444 
152 6.794401 0.000000 1.510246 103.497997 0.000000 32.918715 -0.179548 
153 6.166400 0.000000 1.510246 104.856186 0.000000 33.026671 -0.208558 
154 7.422402 0.000000 1.510246 101.448964 0.000000 34.287152 -0.146750 
155 6.794401 0.000000 2.086117 104.117866 0.000000 23.699757 -0.140221 
156 6.480401 0.000000 0.646438 96.556019 0.000000 -0.138585 0.067692 
157 6.166400 0.000000 0.646438 97.913548 0.000000 8.322520 0.034367 
158 6.480401 0.000000 0.358503 96.601055 0.000000 -0.394750 0.066808 
159 6.794401 0.000000 0.646438 95.542275 0.000000 -1.825876 0.086834 
160 6.480401 0.000000 0.934374 107.699990 0.000000 31.410255 -0.258589 
161 8.678404 0.000000 -1.369112 92.354777 0.000000 17.595427 0.116100 
162 8.678404 0.000000 -2.520856 92.701701 0.000000 17.762146 0.109090 
163 9.934406 0.000000 -1.369112 92.778368 0.000000 17.666869 0.108006 
164 8.050403 0.000000 0.358503 94.930472 0.000000 -2.449650 0.098220 
165 8.050403 0.000000 -0.217369 94.749916 0.000000 -2.445884 0.101647 
166 8.678404 0.000000 0.358503 95.406025 0.000000 -2.509572 0.089139 
167 8.050403 0.000000 0.934374 94.749916 0.000000 -2.445884 0.101647 
168 67.710499 0.000000 18.210524 97.889491 0.000000 20.510323 -0.000303 
169 67.710499 0.000000 -0.217369 98.069269 0.000000 19.557554 -0.000008 
170 87.806532 0.000000 18.210524 95.380675 0.000000 31.721369 -0.010372 
171 67.710499 0.000000 36.638417 97.837792 0.000000 20.822648 -0.000582 
172 37.566451 0.000000 8.996577 94.539550 0.000000 35.566664 -0.020271 
173 37.566451 0.000000 -0.217369 97.968593 0.000000 19.610919 0.001757 
174 47.614467 0.000000 8.996577 95.797316 0.000000 29.833892 -0.006719 
175 37.566451 0.000000 18.210524 98.195199 0.000000 19.518344 -0.002326 
176 22.494427 0.000000 4.389604 89.976610 0.000000 39.974229 0.030627 
177 22.494427 0.000000 -0.217369 97.003068 0.000000 25.047969 -0.003700 
178 27.518435 0.000000 4.389604 95.973530 0.000000 28.760303 -0.003807 
179 22.494427 0.000000 8.996577 98.476404 0.000000 18.932702 -0.005605 
180 14.958414 0.000000 2.086117 93.696051 0.000000 34.560050 0.002665 
181 14.958414 0.000000 -0.217369 92.918837 0.000000 35.594338 0.009913 
182 17.470418 0.000000 2.086117 91.644538 0.000000 44.906546 -0.041532 
183 14.958414 0.000000 4.389604 95.745675 0.000000 25.369887 0.018913 
184 11.190408 0.000000 0.934374 97.305205 0.000000 10.953833 0.041171 
185 11.190408 0.000000 -0.217369 84.721151 0.000000 7.129646 0.277149 
186 12.446410 0.000000 0.934374 81.660313 0.000000 19.675094 0.294448 
187 11.190408 0.000000 2.086117 96.190749 0.000000 29.751016 -0.013778 
188 9.306405 0.000000 0.358503 96.118650 0.000000 -2.483766 0.075504 
189 9.306405 0.000000 -0.217369 96.136840 0.000000 -2.485337 0.075153 
190 9.934406 0.000000 0.358503 96.019044 0.000000 -2.307776 0.077502 
191 9.306405 0.000000 0.934374 96.136840 0.000000 -2.485337 0.075153 
192 67.710499 0.000000 -18.645262 97.701935 0.000000 21.091602 0.000948 
193 67.710499 0.000000 -37.073155 97.609403 0.000000 21.487734 0.001068 
194 87.806532 0.000000 -18.645262 97.693525 0.000000 21.246817 0.000455 
195 37.566451 0.000000 -9.431316 97.835301 0.000000 19.775131 0.003720 
196 37.566451 0.000000 -18.645262 97.609953 0.000000 20.734986 0.004236 
197 47.614467 0.000000 -9.431316 97.865680 0.000000 20.115203 0.001769 
198 22.494427 0.000000 -4.824342 97.548678 0.000000 18.595539 0.013846 
199 22.494427 0.000000 -9.431316 97.315137 0.000000 19.182367 0.016180 
200 27.518435 0.000000 -4.824342 97.833965 0.000000 18.817613 0.007441 
201 14.958414 0.000000 -2.520856 96.658540 0.000000 19.740651 0.026743 
202 14.958414 0.000000 -4.824342 96.204012 0.000000 17.980959 0.042147 
203 17.470418 0.000000 -2.520856 96.933720 0.000000 19.834956 0.021043 
204 11.190408 0.000000 -1.369112 93.493423 0.000000 15.911567 0.100580 
205 11.190408 0.000000 -2.520856 94.301449 0.000000 16.519097 0.083436 
206 12.446410 0.000000 -1.369112 99.382781 0.000000 15.931068 -0.013074 
207 10.562407 0.000000 0.358503 94.500075 0.000000 -1.672244 0.106694 
208 10.562407 0.000000 -0.217369 90.498870 0.000000 12.703912 0.164857 
209 11.190408 0.000000 0.358503 89.164363 0.000000 -7.193216 0.199797 
210 10.562407 0.000000 0.934374 97.989644 0.000000 16.379542 0.012974 
211 10.562407 0.000000 -0.793241 91.942626 0.000000 17.467533 0.124144 
212 9.934406 0.000000 -0.793241 92.748246 0.000000 18.189415 0.106691 
213 10.562407 0.000000 -1.369112 92.890127 0.000000 17.179850 0.107628 
214 11.190408 0.000000 -0.793241 91.169888 0.000000 14.686650 0.147235 
215 13.702412 0.000000 0.934374 81.277228 0.000000 37.729339 0.197051 
216 13.702412 0.000000 -0.217369 89.366615 0.000000 51.317566 -0.061988 
217 14.958414 0.000000 0.934374 86.933927 0.000000 47.927332 0.014546 
218 13.702412 0.000000 2.086117 93.697271 0.000000 31.874144 0.020486 
219 11.818409 0.000000 0.358503 74.691666 0.000000 -25.277592 0.378220 
220 11.818409 0.000000 -0.217369 70.028266 0.000000 -27.755369 0.432568 
221 12.446410 0.000000 0.358503 63.846049 0.000000 9.362872 0.583602 
222 11.818409 0.000000 0.934374 90.397111 0.000000 11.404862 0.169829 
223 10.876408 0.000000 0.070567 93.156199 0.000000 -1.860163 0.131846 
224 10.562407 0.000000 0.070567 94.569392 0.000000 -1.705523 0.105372 
225 10.876408 0.000000 -0.217369 87.851776 0.000000 11.180491 0.215706 
226 11.190408 0.000000 0.070567 87.729058 0.000000 -9.590145 0.221164 
227 10.876408 0.000000 0.358503 93.011338 0.000000 -1.380955 0.134698 
228 -52.865695 0.000000 -18.645262 97.580961 0.000000 21.829378 0.000143 
229 -72.961727 0.000000 -18.645262 97.591017 0.000000 21.813859 0.000015 
230 -52.865695 0.000000 -37.073155 97.569517 0.000000 21.814694 0.000431 
231 -52.865695 0.000000 55.066309 97.636043 0.000000 21.798464 -0.000797 
232 -72.961727 0.000000 55.066309 97.620411 0.000000 21.800166 -0.000499 
233 -52.865695 0.000000 73.494202 97.630589 0.000000 21.790985 -0.000658 
234 -22.721646 0.000000 -9.431316 97.532017 0.000000 21.937142 0.000627 
235 -32.769663 0.000000 -9.431316 97.571861 0.000000 21.880989 0.000095 
236 -22.721646 0.000000 -18.645262 97.490884 0.000000 21.881742 0.001672 
237 27.518435 0.000000 55.066309 97.738839 0.000000 21.569480 -0.001812 
238 47.614467 0.000000 55.066309 97.719000 0.000000 21.488752 -0.001077 
239 27.518435 0.000000 73.494202 97.679245 0.000000 21.674950 -0.001104 
240 -22.721646 0.000000 27.424470 97.744271 0.000000 21.826187 -0.003032 
241 -32.769663 0.000000 27.424470 97.685810 0.000000 21.830039 -0.001907 
242 -22.721646 0.000000 36.638417 97.724798 0.000000 21.795792 -0.002519 
243 -7.649622 0.000000 -4.824342 97.306436 0.000000 22.317275 0.003340 
244 -12.673630 0.000000 -4.824342 97.485816 0.000000 22.122666 0.000710 
245 -7.649622 0.000000 -9.431316 97.188360 0.000000 22.093610 0.006630 
246 17.470418 0.000000 27.424470 98.096984 0.000000 21.074463 -0.006715 
247 27.518435 0.000000 27.424470 98.019168 0.000000 20.825226 -0.004145 
248 17.470418 0.000000 36.638417 97.906340 0.000000 21.388137 -0.004310 
249 -7.649622 0.000000 13.603551 98.112541 0.000000 21.914163 -0.010630 
250 -12.673630 0.000000 13.603551 97.915621 0.000000 21.935307 -0.006863 
251 -7.649622 0.000000 18.210524 98.045312 0.000000 21.815927 -0.008882 
252 -0.113610 0.000000 -2.520856 95.255072 0.000000 23.498526 0.037429 
253 -2.625614 0.000000 -2.520856 96.834880 0.000000 23.180126 0.008569 
254 -0.113610 0.000000 -4.824342 95.782168 0.000000 22.427497 0.032278 
255 12.446410 0.000000 13.603551 99.075817 0.000000 20.018343 -0.021675 
256 17.470418 0.000000 13.603551 98.826095 0.000000 19.491992 -0.014653 
257 12.446410 0.000000 18.210524 98.602005 0.000000 20.633253 -0.014809 
258 -0.113610 0.000000 6.693091 99.371503 0.000000 22.018204 -0.035950 
259 -2.625614 0.000000 6.693091 98.781338 0.000000 22.238062 -0.025228 
260 -0.113610 0.000000 8.996577 99.060850 0.000000 21.787436 -0.028774 
261 9.934406 0.000000 6.693091 100.963207 0.000000 18.561450 -0.053810 
262 12.446410 0.000000 6.693091 100.300480 0.000000 17.972035 -0.038318 
263 9.934406 0.000000 8.996577 100.108837 0.000000 19.403083 -0.039826 
264 3.654396 0.000000 3.237861 101.705796 0.000000 21.611444 -0.081112 
265 2.398394 0.000000 3.237861 101.396696 0.000000 22.058673 -0.076787 
266 3.654396 0.000000 4.389604 101.244978 0.000000 21.191188 -0.069961 
267 3.654396 0.000000 -1.369112 94.918236 0.000000 18.373454 0.065294 
268 2.398394 0.000000 -1.369112 91.978130 0.000000 18.787031 0.118707 
269 3.654396 0.000000 -2.520856 94.038250 0.000000 20.611223 0.073198 
270 8.678404 0.000000 3.237861 102.653951 0.000000 18.755259 -0.088959 
271 9.934406 0.000000 3.237861 101.563558 0.000000 19.180495 -0.068305 
272 8.678404 0.000000 4.389604 102.317568 0.000000 18.297723 -0.080369 
273 5.538399 0.000000 1.510246 103.195972 0.000000 33.348458 -0.176153 
274 4.910398 0.000000 1.510246 100.727166 0.000000 31.106212 -0.111356 
275 5.538399 0.000000 2.086117 103.446690 0.000000 24.903594 -0.132141 
276 8.050403 0.000000 1.510246 100.321194 0.000000 34.462021 -0.125197 
277 8.678404 0.000000 1.510246 99.758174 0.000000 31.553373 -0.094731 
278 8.050403 0.000000 2.086117 102.144822 0.000000 25.691363 -0.109361 
279 9.306405 0.000000 -0.793241 92.942141 0.000000 17.842628 0.104340 
280 8.678404 0.000000 -0.793241 92.675687 0.000000 17.279067 0.111265 
281 9.306405 0.000000 -1.369112 92.633820 0.000000 17.699477 0.110570 
282 8.050403 0.000000 -0.793241 92.059388 0.000000 16.805154 0.124266 
283 7.422402 0.000000 -0.793241 90.997623 0.000000 16.843004 0.143575 
284 8.050403 0.000000 -1.369112 91.959317 0.000000 17.582810 0.123433 
285 13.702412 0.000000 -1.369112 99.193999 0.000000 24.822786 -0.045562 
286 13.702412 0.000000 -2.520856 96.917117 0.000000 18.964463 0.024742 
287 14.958414 0.000000 -1.369112 96.346983 0.000000 24.478982 0.011804 
288 11.818409 0.000000 -0.793241 93.682862 0.000000 9.594907 0.113146 
289 11.818409 0.000000 -1.369112 95.630987 0.000000 14.801423 0.063563 
290 12.446410 0.000000 -0.793241 103.655460 0.000000 8.683524 -0.081986 
291 67.710499 0.000000 55.066309 97.707963 0.000000 21.419638 -0.000565 
292 87.806532 0.000000 55.066309 97.712303 0.000000 21.339469 -0.000307 
293 67.710499 0.000000 73.494202 97.664390 0.000000 21.603417 -0.000504 
294 37.566451 0.000000 27.424470 97.967357 0.000000 20.634130 -0.002337 
295 47.614467 0.000000 27.424470 97.958107 0.000000 20.444895 -0.001378 
296 37.566451 0.000000 36.638417 97.845701 0.000000 21.144495 -0.002087 
297 22.494427 0.000000 13.603551 98.573503 0.000000 19.210767 -0.008579 
298 27.518435 0.000000 13.603551 98.420077 0.000000 19.063208 -0.004992 
299 22.494427 0.000000 18.210524 98.371829 0.000000 20.034668 -0.007840 
300 14.958414 0.000000 6.693091 99.356764 0.000000 18.210719 -0.020340 
301 17.470418 0.000000 6.693091 98.557916 0.000000 19.524976 -0.009489 
302 14.958414 0.000000 8.996577 99.445667 0.000000 18.517500 -0.023234 
303 11.190408 0.000000 3.237861 99.525736 0.000000 21.711822 -0.037678 
304 12.446410 0.000000 3.237861 95.580637 0.000000 29.054559 0.002017 
305 11.190408 0.000000 4.389604 100.969562 0.000000 17.759782 -0.051026 
306 6.794401 0.000000 -0.793241 89.404570 0.000000 17.915484 0.168586 
307 6.166400 0.000000 -0.793241 87.954362 0.000000 21.158918 0.181633 
308 6.794401 0.000000 -1.369112 90.823809 0.000000 18.927478 0.139279 
309 5.538399 0.000000 -0.793241 89.078545 0.000000 26.539776 0.136065 
310 4.910398 0.000000 -0.793241 96.220393 0.000000 29.456468 -0.012605 
311 5.538399 0.000000 -1.369112 91.900221 0.000000 22.801225 0.103445 
312 9.306405 0.000000 1.510246 98.915473 0.000000 27.272194 -0.052804 
313 9.934406 0.000000 1.510246 99.269461 0.000000 23.913459 -0.042628 
314 9.306405 0.000000 2.086117 98.183904 0.000000 32.403922 -0.069009 
315 13.702412 0.000000 3.237861 90.763746 0.000000 40.161302 0.014901 
316 14.958414 0.000000 3.237861 89.324100 0.000000 49.428239 -0.042195 
317 13.702412 0.000000 4.389604 98.282519 0.000000 20.687549 -0.008743 
318 10.562407 0.000000 1.510246 99.875415 0.000000 20.049510 -0.037708 
319 11.190408 0.000000 1.510246 102.304759 0.000000 3.436337 -0.047807 
320 10.562407 0.000000 2.086117 96.106200 0.000000 34.078400 -0.039774 
321 11.818409 0.000000 1.510246 113.191513 0.000000 -38.658252 -0.430678 
322 12.446410 0.000000 1.510246 95.601267 0.000000 21.723048 0.038851 
323 11.818409 0.000000 2.086117 95.714445 0.000000 25.962431 0.016470 
1 1 12 10 11 
2 12 7 13 10 
3 7 16 15 13 
4 16 2 17 15 
5 10 25 23 24 
6 25 13 26 23 
7 13 32 31 26 
8 32 15 33 31 
9 23 41 39 40 
10 41 26 42 39 
11 26 48 47 42 
12 48 31 49 47 
13 39 57 55 56 
14 57 42 58 55 
15 42 77 76 58 
16 77 47 78 76 
17 55 81 79 80 
18 81 58 82 79 
19 58 93 92 82 
20 93 76 94 92 
21 79 97 95 96 
22 97 82 98 95 
23 89 105 103 104 
24 105 5 106 103 
25 103 106 90 107 
26 6 110 108 109 
27 110 14 36 108 
28 108 36 19 111 
29 109 108 111 20 
30 14 114 112 113 
31 114 27 52 112 
32 112 52 35 115 
33 113 112 115 36 
34 27 118 116 117 
35 118 43 64 116 
36 116 64 51 119 
37 117 116 119 52 
38 43 122 120 121 
39 122 59 72 120 
40 120 72 63 123 
41 121 120 123 64 
42 59 126 124 125 
43 126 73 88 124 
44 124 88 71 127 
45 125 124 127 72 
46 73 130 128 129 
47 130 89 104 128 
48 128 104 87 131 
49 129 128 131 88 
50 19 38 132 133 
51 38 21 134 132 
52 132 134 9 135 
53 133 132 135 22 
54 35 54 136 137 
55 54 37 138 136 
56 136 138 21 139 
57 137 136 139 38 
58 51 66 140 141 
59 66 53 142 140 
60 140 142 37 143 
61 141 140 143 54 
62 63 75 144 145 
63 75 65 146 144 
64 144 146 53 147 
65 145 144 147 66 
66 71 91 148 149 
67 91 74 150 148 
68 148 150 65 151 
69 149 148 151 75 
70 87 107 152 153 
71 107 90 154 152 
72 152 154 74 155 
73 153 152 155 91 
74 104 158 156 157 
75 158 103 159 156 
76 156 159 107 160 
77 157 156 160 87 
78 82 162 161 98 
79 162 92 163 161 
80 5 165 164 106 
81 165 100 166 164 
82 164 166 99 167 
83 106 164 167 90 
84 18 169 168 45 
85 169 8 170 168 
86 168 170 29 171 
87 45 168 171 28 
88 34 173 172 61 
89 173 18 174 172 
90 172 174 45 175 
91 61 172 175 44 
92 50 177 176 69 
93 177 34 178 176 
94 176 178 61 179 
95 69 176 179 60 
96 181 50 182 180 
97 180 182 69 183 
98 100 189 188 166 
99 189 84 190 188 
100 188 190 101 191 
101 166 188 191 99 
102 15 193 192 33 
103 193 17 194 192 
104 192 194 8 169 
105 33 192 169 18 
106 31 196 195 49 
107 196 33 197 195 
108 195 197 18 173 
109 49 195 173 34 
110 47 199 198 78 
111 199 49 200 198 
112 198 200 34 177 
113 78 198 177 50 
114 76 202 201 94 
115 202 78 203 201 
116 201 203 50 181 
117 92 205 204 163 
118 205 94 206 204 
119 84 208 207 190 
120 207 209 184 210 
121 190 207 210 101 
122 163 213 211 212 
123 213 204 214 211 
124 211 214 185 208 
125 212 211 208 84 
126 68 216 215 186 
127 216 181 217 215 
128 215 217 180 218 
129 186 215 218 85 
130 185 220 219 209 
131 220 68 221 219 
132 219 221 186 222 
133 209 219 222 184 
134 208 225 223 224 
135 225 185 226 223 
136 223 226 209 227 
137 224 223 227 207 
138 11 230 228 229 
139 230 10 24 228 
140 228 24 14 110 
141 229 228 110 6 
142 20 111 231 232 
143 111 19 133 231 
144 231 133 22 233 
145 232 231 233 4 
146 24 236 234 235 
147 236 23 40 234 
148 234 40 27 114 
149 235 234 114 14 
150 21 46 237 134 
151 46 28 238 237 
152 237 238 30 239 
153 134 237 239 9 
154 36 115 240 241 
155 115 35 137 240 
156 240 137 38 242 
157 241 240 242 19 
158 40 245 243 244 
159 245 39 56 243 
160 243 56 43 118 
161 244 243 118 27 
162 37 62 246 138 
163 62 44 247 246 
164 246 247 46 248 
165 138 246 248 21 
166 52 119 249 250 
167 119 51 141 249 
168 249 141 54 251 
169 250 249 251 35 
170 56 254 252 253 
171 254 55 80 252 
172 252 80 59 122 
173 253 252 122 43 
174 53 70 255 142 
175 70 60 256 255 
176 255 256 62 257 
177 142 255 257 37 
178 64 123 258 259 
179 123 63 145 258 
180 258 145 66 260 
181 259 258 260 51 
182 65 86 261 146 
183 86 67 262 261 
184 261 262 70 263 
185 146 261 263 53 
186 72 127 264 265 
187 127 71 149 264 
188 264 149 75 266 
189 265 264 266 63 
190 80 269 267 268 
191 269 79 96 267 
192 267 96 73 126 
193 268 267 126 59 
194 74 102 270 150 
195 102 83 271 270 
196 270 271 86 272 
197 150 270 272 65 
198 88 131 273 274 
199 131 87 153 273 
200 273 153 91 275 
201 274 273 275 71 
202 90 167 276 154 
203 167 99 277 276 
204 276 277 102 278 
205 154 276 278 74 
206 161 281 279 280 
207 281 163 212 279 
208 279 212 84 189 
209 280 279 189 100 
210 98 284 282 283 
211 284 161 280 282 
212 282 280 100 165 
213 283 282 165 5 
214 94 286 285 206 
215 286 201 287 285 
216 285 287 181 216 
217 206 285 216 68 
218 204 289 288 214 
219 289 206 290 288 
220 288 290 68 220 
221 214 288 220 185 
222 28 171 291 238 
223 171 29 292 291 
224 291 292 3 293 
225 238 291 293 30 
226 44 175 294 247 
227 175 45 295 294 
228 294 295 28 296 
229 247 294 296 46 
230 60 179 297 256 
231 179 61 298 297 
232 297 298 44 299 
233 256 297 299 62 
234 67 183 300 262 
235 183 69 301 300 
236 300 301 60 302 
237 262 300 302 70 
238 83 187 303 271 
239 187 85 304 303 
240 303 304 67 305 
241 271 303 305 86 
242 95 308 306 307 
243 308 98 283 306 
244 306 283 5 105 
245 307 306 105 89 
246 96 311 309 310 
247 311 95 307 309 
248 309 307 89 130 
249 310 309 130 73 
250 99 191 312 277 
251 191 101 313 312 
252 312 313 83 314 
253 277 312 314 102 
254 85 218 315 304 
255 218 180 316 315 
256 315 316 183 317 
257 304 315 317 67 
258 101 210 318 313 
259 210 184 319 318 
260 318 319 187 320 
261 313 318 320 83 
262 184 222 321 319 
263 222 186 322 321 
264 321 322 85 323 
265 319 321 323 187 
