2 0.000000 100.000000 410.334720
323 265 
1 -72.961727 0.000000 -73.928940 92.082790 0.000000 38.970135 0.000209 
2 87.806532 0.000000 -73.928940 92.097040 0.000000 38.887968 0.000586 
3 87.806532 0.000000 73.494202 92.290257 0.000000 38.533028 -0.000229 
4 -72.961727 0.000000 73.494202 92.125157 0.000000 38.965892 -0.000539 
5 7.422402 0.000000 -0.217369 85.254867 0.000000 23.769061 0.216664 
6 -72.961727 0.000000 -0.217369 92.106832 0.000000 38.989984 -0.000389 
7 7.422402 0.000000 -73.928940 92.046734 0.000000 38.917284 0.001284 
8 87.806532 0.000000 -0.217369 92.388398 0.000000 38.211871 0.000424 
9 7.422402 0.000000 73.494202 92.204592 0.000000 38.871113 -0.001265 
10 -32.769663 0.000000 -37.073155 92.038672 0.000000 38.992766 0.000845 
11 -72.961727 0.000000 -37.073155 92.086774 0.000000 38.982051 0.000043 
12 -32.769663 0.000000 -73.928940 92.062715 0.000000 38.960419 0.000654 
13 7.422402 0.000000 -37.073155 91.895233 0.000000 38.791888 0.005046 
14 -32.769663 0.000000 -0.217369 92.129150 0.000000 39.072245 -0.001442 
15 47.614467 0.000000 -37.073155 92.089661 0.000000 38.663786 0.002461 
16 47.614467 0.000000 -73.928940 92.072513 0.000000 38.881488 0.001088 
17 87.806532 0.000000 -37.073155 92.135672 0.000000 38.777707 0.000731 
18 47.614467 0.000000 -0.217369 93.061382 0.000000 36.406409 0.001415 
19 -32.769663 0.000000 36.638417 92.202959 0.000000 38.978915 -0.002074 
20 -72.961727 0.000000 36.638417 92.125015 0.000000 38.979075 -0.000639 
21 7.422402 0.000000 36.638417 92.490178 0.000000 38.645845 -0.004793 
22 -32.769663 0.000000 73.494202 92.158711 0.000000 38.947397 -0.001013 
23 -12.673630 0.000000 -18.645262 91.865907 0.000000 39.071493 0.003407 
24 -32.769663 0.000000 -18.645262 92.052898 0.000000 39.038515 0.000226 
25 -12.673630 0.000000 -37.073155 91.959538 0.000000 38.955549 0.002591 
26 7.422402 0.000000 -18.645262 91.376871 0.000000 38.389986 0.017648 
27 -12.673630 0.000000 -0.217369 92.194009 0.000000 39.388290 -0.005117 
28 47.614467 0.000000 36.638417 92.689910 0.000000 37.668028 -0.001030 
29 87.806532 0.000000 36.638417 90.052301 0.000000 43.801257 -0.002797 
30 47.614467 0.000000 73.494202 92.226630 0.000000 38.741936 -0.000669 
31 27.518435 0.000000 -18.645262 92.032096 0.000000 37.841586 0.009811 
32 27.518435 0.000000 -37.073155 91.990408 0.000000 38.646616 0.004420 
33 47.614467 0.000000 -18.645262 92.231965 0.000000 38.229058 0.003180 
34 27.518435 0.000000 -0.217369 93.280286 0.000000 34.625787 0.009984 
35 -12.673630 0.000000 18.210524 92.481634 0.000000 39.030752 -0.007625 
36 -32.769663 0.000000 18.210524 92.200410 0.000000 39.029484 -0.002422 
37 7.422402 0.000000 18.210524 93.359901 0.000000 37.997093 -0.015985 
38 -12.673630 0.000000 36.638417 92.328057 0.000000 38.913464 -0.003873 
39 -2.625614 0.000000 -9.431316 91.204658 0.000000 39.259053 0.014044 
40 -12.673630 0.000000 -9.431316 91.903720 0.000000 39.244531 0.001357 
41 -2.625614 0.000000 -18.645262 91.593065 0.000000 38.924979 0.009556 
42 7.422402 0.000000 -9.431316 89.971028 0.000000 37.482490 0.050028 
43 -2.625614 0.000000 -0.217369 92.371336 0.000000 41.046931 -0.021731 
44 27.518435 0.000000 18.210524 93.330480 0.000000 36.391437 -0.003492 
45 47.614467 0.000000 18.210524 83.893033 0.000000 58.360230 -0.044396 
46 27.518435 0.000000 36.638417 92.547063 0.000000 38.224810 -0.002610 
47 17.470418 0.000000 -9.431316 91.473543 0.000000 35.805755 0.035054 
48 17.470418 0.000000 -18.645262 91.660852 0.000000 37.854145 0.016535 
49 27.518435 0.000000 -9.431316 92.410680 0.000000 36.479588 0.012951 
50 17.470418 0.000000 -0.217369 89.478374 0.000000 42.223368 0.021081 
51 -2.625614 0.000000 8.996577 93.447010 0.000000 39.155566 -0.026550 
52 -12.673630 0.000000 8.996577 92.474307 0.000000 39.223710 -0.009000 
53 7.422402 0.000000 8.996577 95.423018 0.000000 36.684499 -0.045130 
54 -2.625614 0.000000 18.210524 92.894890 0.000000 38.805019 -0.013529 
55 2.398394 0.000000 -4.824342 89.142928 0.000000 38.731727 0.055339 
56 -2.625614 0.000000 -4.824342 91.049700 0.000000 39.925830 0.011588 
57 2.398394 0.000000 -9.431316 90.480360 0.000000 38.705418 0.031520 
58 7.422402 0.000000 -4.824342 87.453367 0.000000 36.148537 0.104519 
59 2.398394 0.000000 -0.217369 95.295348 0.000000 37.544262 -0.049077 
60 17.470418 0.000000 8.996577 85.729187 0.000000 43.840939 0.072848 
61 27.518435 0.000000 8.996577 75.644929 0.000000 77.577983 -0.174050 
62 17.470418 0.000000 18.210524 93.376169 0.000000 37.002915 -0.008832 
63 2.398394 0.000000 4.389604 96.229979 0.000000 38.759255 -0.076249 
64 -2.625614 0.000000 4.389604 93.659596 0.000000 39.885679 -0.036299 
65 7.422402 0.000000 4.389604 98.079178 0.000000 36.247955 -0.093344 
66 2.398394 0.000000 8.996577 94.521880 0.000000 38.397899 -0.040878 
67 12.446410 0.000000 4.389604 83.842726 0.000000 47.566417 0.070783 
68 12.446410 0.000000 -0.217369 52.540899 0.000000 -16.737157 0.695932 
69 17.470418 0.000000 4.389604 85.301767 0.000000 45.851455 0.062125 
70 12.446410 0.000000 8.996577 94.826874 0.000000 35.108759 -0.022476 
71 4.910398 0.000000 2.086117 96.032160 0.000000 43.694700 -0.113140 
72 2.398394 0.000000 2.086117 97.693777 0.000000 39.061545 -0.106988 
73 4.910398 0.000000 -0.217369 84.445427 0.000000 47.172296 0.064374 
74 7.422402 0.000000 2.086117 91.812763 0.000000 52.430483 -0.117854 
75 4.910398 0.000000 4.389604 97.402510 0.000000 37.605806 -0.090145 
76 12.446410 0.000000 -4.824342 89.403493 0.000000 33.110842 0.091069 
77 12.446410 0.000000 -9.431316 90.458367 0.000000 36.157716 0.050990 
78 17.470418 0.000000 -4.824342 91.763231 0.000000 33.864108 0.043273 
79 4.910398 0.000000 -2.520856 87.689537 0.000000 36.920135 0.094745 
80 2.398394 0.000000 -2.520856 87.388667 0.000000 37.087004 0.098778 
81 4.910398 0.000000 -4.824342 88.366348 0.000000 37.769893 0.076482 
82 7.422402 0.000000 -2.520856 85.161896 0.000000 34.812238 0.153556 
83 9.934406 0.000000 2.086117 96.939945 0.000000 31.639329 -0.039840 
84 9.934406 0.000000 -0.217369 91.252032 0.000000 -2.193787 0.166825 
85 12.446410 0.000000 2.086117 88.703192 0.000000 34.367648 0.095061 
86 9.934406 0.000000 4.389604 92.252469 0.000000 43.149122 -0.037236 
87 6.166400 0.000000 0.934374 107.629975 0.000000 32.620217 -0.264829 
88 4.910398 0.000000 0.934374 83.913048 0.000000 68.374670 -0.171650 
89 6.166400 0.000000 -0.217369 78.470831 0.000000 27.294382 0.309735 
90 7.422402 0.000000 0.934374 94.277877 0.000000 -2.259203 0.110658 
91 6.166400 0.000000 2.086117 92.606856 0.000000 53.582056 -0.144707 
92 9.934406 0.000000 -2.520856 86.043148 0.000000 32.215992 0.155871 
93 9.934406 0.000000 -4.824342 87.731844 0.000000 34.135318 0.113790 
94 12.446410 0.000000 -2.520856 90.490512 0.000000 32.065656 0.078326 
95 6.166400 0.000000 -1.369112 84.416435 0.000000 35.504048 0.161333 
96 4.910398 0.000000 -1.369112 89.413128 0.000000 36.233778 0.069241 
97 6.166400 0.000000 -2.520856 86.005567 0.000000 36.274131 0.128723 
98 7.422402 0.000000 -1.369112 84.193560 0.000000 33.658663 0.177854 
99 8.678404 0.000000 0.934374 93.337947 0.000000 -2.461382 0.128197 
100 8.678404 0.000000 -0.217369 93.337947 0.000000 -2.461382 0.128197 
101 9.934406 0.000000 0.934374 97.132618 0.000000 14.635605 0.035105 
102 8.678404 0.000000 2.086117 85.550326 0.000000 68.619480 -0.202749 
103 6.794401 0.000000 0.358503 94.929528 0.000000 -1.884842 0.098483 
104 6.166400 0.000000 0.358503 97.406499 0.000000 10.065896 0.041065 
105 6.794401 0.000000 -0.217369 82.684575 0.000000 23.620791 0.260532 
106 7.422402 0.000000 0.358503 94.295907 0.000000 -2.265985 0.110315 
107 6.794401 0.000000 0.934374 104.296743 0.000000 17.850539 -0.119645 
108 -52.865695 0.000000 18.210524 92.138414 0.000000 39.001523 -0.001061 
109 -72.961727 0.000000 18.210524 92.118195 0.000000 38.986340 -0.000570 
110 -52.865695 0.000000 -0.217369 92.113174 0.000000 39.011677 -0.000675 
111 -52.865695 0.000000 36.638417 92.148478 0.000000 38.983380 -0.001105 
112 -22.721646 0.000000 8.996577 92.247549 0.000000 39.118278 -0.003985 
113 -32.769663 0.000000 8.996577 92.173762 0.000000 39.058295 -0.002155 
114 -22.721646 0.000000 -0.217369 92.148673 0.000000 39.154360 -0.002444 
115 -22.721646 0.000000 18.210524 92.287004 0.000000 39.050408 -0.004183 
116 -7.649622 0.000000 4.389604 92.660586 0.000000 39.556067 -0.015067 
117 -12.673630 0.000000 4.389604 92.371677 0.000000 39.334757 -0.007975 
118 -7.649622 0.000000 -0.217369 92.245810 0.000000 39.731857 -0.008791 
119 -7.649622 0.000000 8.996577 92.788866 0.000000 39.274132 -0.015223 
120 -0.113610 0.000000 2.086117 95.366476 0.000000 41.142607 -0.078748 
121 -2.625614 0.000000 2.086117 93.386829 0.000000 40.599004 -0.036938 
122 -0.113610 0.000000 -0.217369 94.459982 0.000000 43.904671 -0.085031 
123 -0.113610 0.000000 4.389604 94.860986 0.000000 39.698258 -0.057456 
124 3.654396 0.000000 0.934374 88.207189 0.000000 48.921944 -0.017386 
125 2.398394 0.000000 0.934374 98.925582 0.000000 40.362253 -0.141538 
126 3.654396 0.000000 -0.217369 91.124235 0.000000 8.432972 0.162526 
127 3.654396 0.000000 2.086117 96.574912 0.000000 39.485696 -0.088583 
128 5.538399 0.000000 0.358503 90.145462 0.000000 42.060366 0.010472 
129 4.910398 0.000000 0.358503 87.210381 0.000000 52.902935 -0.040437 
130 5.538399 0.000000 -0.217369 85.325699 0.000000 50.119167 0.020759 
131 5.538399 0.000000 0.934374 96.957616 0.000000 57.533521 -0.271089 
132 -12.673630 0.000000 55.066309 92.232382 0.000000 38.908707 -0.002070 
133 -32.769663 0.000000 55.066309 92.180270 0.000000 38.955104 -0.001470 
134 7.422402 0.000000 55.066309 92.283104 0.000000 38.807085 -0.002216 
135 -12.673630 0.000000 73.494202 92.182998 0.000000 38.918767 -0.001238 
136 -2.625614 0.000000 27.424470 92.581564 0.000000 38.784389 -0.007557 
137 -12.673630 0.000000 27.424470 92.402453 0.000000 38.943590 -0.005482 
138 7.422402 0.000000 27.424470 92.740695 0.000000 38.453105 -0.007948 
139 -2.625614 0.000000 36.638417 92.417633 0.000000 38.814073 -0.004755 
140 2.398394 0.000000 13.603551 93.646947 0.000000 38.391683 -0.024367 
141 -2.625614 0.000000 13.603551 93.140373 0.000000 38.897932 -0.018818 
142 7.422402 0.000000 13.603551 94.022373 0.000000 37.547512 -0.025002 
143 2.398394 0.000000 18.210524 93.153493 0.000000 38.486184 -0.015876 
144 4.910398 0.000000 6.693091 96.074195 0.000000 37.494634 -0.063610 
145 2.398394 0.000000 6.693091 95.187432 0.000000 38.505217 -0.054330 
146 7.422402 0.000000 6.693091 96.661149 0.000000 36.099335 -0.064654 
147 4.910398 0.000000 8.996577 95.053678 0.000000 37.654011 -0.045303 
148 6.166400 0.000000 3.237861 98.329168 0.000000 38.642019 -0.116183 
149 4.910398 0.000000 3.237861 97.869618 0.000000 38.399960 -0.105302 
150 7.422402 0.000000 3.237861 96.146288 0.000000 41.763915 -0.098833 
151 6.166400 0.000000 4.389604 97.985434 0.000000 36.873531 -0.096080 
152 6.794401 0.000000 1.510246 92.499183 0.000000 55.889412 -0.167973 
153 6.166400 0.000000 1.510246 92.351589 0.000000 60.932218 -0.224155 
154 7.422402 0.000000 1.510246 95.280368 0.000000 40.513642 -0.071970 
155 6.794401 0.000000 2.086117 90.381125 0.000000 56.507730 -0.136187 
156 6.480401 0.000000 0.646438 96.234947 0.000000 -0.136148 0.073882 
157 6.166400 0.000000 0.646438 97.686955 0.000000 8.299116 0.038838 
158 6.480401 0.000000 0.358503 96.300435 0.000000 -0.392194 0.072607 
159 6.794401 0.000000 0.646438 95.057746 0.000000 -1.816220 0.096073 
160 6.480401 0.000000 0.934374 106.481854 0.000000 23.137089 -0.187371 
161 8.678404 0.000000 -1.369112 84.948247 0.000000 33.677940 0.164959 
162 8.678404 0.000000 -2.520856 85.359212 0.000000 33.371062 0.160018 
163 9.934406 0.000000 -1.369112 85.640724 0.000000 34.005917 0.150926 
164 8.050403 0.000000 0.358503 93.798106 0.000000 -2.420315 0.119606 
165 8.050403 0.000000 -0.217369 93.795293 0.000000 -2.421241 0.119658 
166 8.678404 0.000000 0.358503 93.298515 0.000000 -2.454187 0.128936 
167 8.050403 0.000000 0.934374 93.795293 0.000000 -2.421241 0.119658 
168 67.710499 0.000000 18.210524 93.064839 0.000000 36.641167 -0.000364 
169 67.710499 0.000000 -0.217369 92.593045 0.000000 37.673292 0.000725 
170 87.806532 0.000000 18.210524 93.263782 0.000000 36.177527 -0.000695 
171 67.710499 0.000000 36.638417 93.085171 0.000000 36.653041 -0.000829 
172 37.566451 0.000000 8.996577 90.149167 0.000000 43.360846 -0.000704 
173 37.566451 0.000000 -0.217369 93.442540 0.000000 35.224506 0.002773 
174 47.614467 0.000000 8.996577 93.478826 0.000000 35.560200 -0.000282 
175 37.566451 0.000000 18.210524 90.204205 0.000000 43.509767 -0.002990 
176 22.494427 0.000000 4.389604 91.449184 0.000000 36.245006 0.032335 
177 22.494427 0.000000 -0.217369 92.455500 0.000000 36.269392 0.013651 
178 27.518435 0.000000 4.389604 89.297628 0.000000 44.633089 0.003382 
179 22.494427 0.000000 8.996577 90.330440 0.000000 43.138354 -0.002051 
180 14.958414 0.000000 2.086117 73.602443 0.000000 82.953276 -0.229857 
181 14.958414 0.000000 -0.217369 84.583424 0.000000 52.733567 0.006482 
182 17.470418 0.000000 2.086117 79.390238 0.000000 54.209673 0.075850 
183 14.958414 0.000000 4.389604 91.557645 0.000000 38.610113 0.012646 
184 11.190408 0.000000 0.934374 90.313335 0.000000 17.059279 0.155248 
185 11.190408 0.000000 -0.217369 77.113422 0.000000 22.223377 0.355964 
186 12.446410 0.000000 0.934374 66.284225 0.000000 42.018559 0.384084 
187 11.190408 0.000000 2.086117 95.181626 0.000000 25.855837 0.027193 
188 9.306405 0.000000 0.358503 92.488802 0.000000 -2.390032 0.144011 
189 9.306405 0.000000 -0.217369 92.469600 0.000000 -2.390532 0.144366 
190 9.934406 0.000000 0.358503 91.283617 0.000000 -2.194264 0.166249 
191 9.306405 0.000000 0.934374 92.469600 0.000000 -2.390532 0.144366 
192 67.710499 0.000000 -18.645262 92.228182 0.000000 38.483376 0.001299 
193 67.710499 0.000000 -37.073155 92.127478 0.000000 38.725953 0.001283 
194 87.806532 0.000000 -18.645262 92.201336 0.000000 38.629430 0.000668 
195 37.566451 0.000000 -9.431316 92.534928 0.000000 37.197328 0.005365 
196 37.566451 0.000000 -18.645262 92.197608 0.000000 38.048738 0.005189 
197 47.614467 0.000000 -9.431316 92.478793 0.000000 37.686273 0.002742 
198 22.494427 0.000000 -4.824342 92.631006 0.000000 34.509337 0.022860 
199 22.494427 0.000000 -9.431316 92.119182 0.000000 36.074561 0.021268 
200 27.518435 0.000000 -4.824342 92.920545 0.000000 35.202077 0.012659 
201 14.958414 0.000000 -2.520856 91.300410 0.000000 34.748345 0.045679 
202 14.958414 0.000000 -4.824342 90.925198 0.000000 33.453723 0.061346 
203 17.470418 0.000000 -2.520856 91.819770 0.000000 34.416055 0.038466 
204 11.190408 0.000000 -1.369112 86.778096 0.000000 31.909310 0.145136 
205 11.190408 0.000000 -2.520856 87.843474 0.000000 31.438418 0.129515 
206 12.446410 0.000000 -1.369112 93.993749 0.000000 31.421437 0.017787 
207 10.562407 0.000000 0.358503 88.263296 0.000000 -1.565579 0.220714 
208 10.562407 0.000000 -0.217369 83.582311 0.000000 28.046285 0.222740 
209 11.190408 0.000000 0.358503 79.246839 0.000000 -6.254660 0.368082 
210 10.562407 0.000000 0.934374 95.066711 0.000000 15.857798 0.071085 
211 10.562407 0.000000 -0.793241 84.977356 0.000000 34.970220 0.155593 
212 9.934406 0.000000 -0.793241 85.759840 0.000000 35.691879 0.137134 
213 10.562407 0.000000 -1.369112 85.947098 0.000000 33.480968 0.149212 
214 11.190408 0.000000 -0.793241 84.081934 0.000000 31.921218 0.191126 
215 13.702412 0.000000 0.934374 58.985296 0.000000 79.861845 0.014282 
216 13.702412 0.000000 -0.217369 77.939407 0.000000 76.481959 -0.192404 
217 14.958414 0.000000 0.934374 72.873832 0.000000 73.497416 -0.071247 
218 13.702412 0.000000 2.086117 83.309445 0.000000 49.086187 0.065008 
219 11.818409 0.000000 0.358503 58.036623 0.000000 -19.507798 0.625120 
220 11.818409 0.000000 -0.217369 51.253406 0.000000 -20.306302 0.696074 
221 12.446410 0.000000 0.358503 39.587562 0.000000 30.557202 0.749908 
222 11.818409 0.000000 0.934374 78.869428 0.000000 24.219800 0.319301 
223 10.876408 0.000000 0.070567 85.931058 0.000000 -1.700434 0.261296 
224 10.562407 0.000000 0.070567 88.354287 0.000000 -1.596007 0.219097 
225 10.876408 0.000000 -0.217369 80.690513 0.000000 26.529321 0.278524 
226 11.190408 0.000000 0.070567 77.055196 0.000000 -8.191784 0.399539 
227 10.876408 0.000000 0.358503 85.691712 0.000000 -1.265418 0.265533 
228 -52.865695 0.000000 -18.645262 92.086577 0.000000 39.004931 -0.000132 
229 -72.961727 0.000000 -18.645262 92.094963 0.000000 38.987982 -0.000154 
230 -52.865695 0.000000 -37.073155 92.073203 0.000000 38.989320 0.000236 
231 -52.865695 0.000000 55.066309 92.145792 0.000000 38.968965 -0.000943 
232 -72.961727 0.000000 55.066309 92.126733 0.000000 38.971619 -0.000612 
233 -52.865695 0.000000 73.494202 92.138824 0.000000 38.960780 -0.000751 
234 -22.721646 0.000000 -9.431316 92.046974 0.000000 39.125918 -0.000348 
235 -32.769663 0.000000 -9.431316 92.083444 0.000000 39.063078 -0.000528 
236 -22.721646 0.000000 -18.645262 91.997732 0.000000 39.066141 0.001025 
237 27.518435 0.000000 55.066309 92.308201 0.000000 38.668131 -0.001603 
238 47.614467 0.000000 55.066309 92.335894 0.000000 38.505055 -0.000856 
239 27.518435 0.000000 73.494202 92.216603 0.000000 38.810222 -0.001014 
240 -22.721646 0.000000 27.424470 92.279672 0.000000 38.994108 -0.003608 
241 -32.769663 0.000000 27.424470 92.208079 0.000000 39.000460 -0.002337 
242 -22.721646 0.000000 36.638417 92.253639 0.000000 38.960487 -0.002865 
243 -7.649622 0.000000 -4.824342 91.829109 0.000000 39.573630 0.000134 
244 -12.673630 0.000000 -4.824342 92.014202 0.000000 39.343959 -0.001456 
245 -7.649622 0.000000 -9.431316 91.684181 0.000000 39.313702 0.004844 
246 17.470418 0.000000 27.424470 92.799071 0.000000 38.020256 -0.005721 
247 27.518435 0.000000 27.424470 92.834931 0.000000 37.597723 -0.003191 
248 17.470418 0.000000 36.638417 92.522381 0.000000 38.440253 -0.003804 
249 -7.649622 0.000000 13.603551 92.748236 0.000000 39.080218 -0.012950 
250 -12.673630 0.000000 13.603551 92.500543 0.000000 39.113057 -0.008618 
251 -7.649622 0.000000 18.210524 92.653416 0.000000 38.961671 -0.010267 
252 -0.113610 0.000000 -2.520856 89.164667 0.000000 40.886064 0.037799 
253 -2.625614 0.000000 -2.520856 91.308739 0.000000 40.628182 0.001206 
254 -0.113610 0.000000 -4.824342 90.055504 0.000000 39.713242 0.031286 
255 12.446410 0.000000 13.603551 94.019856 0.000000 36.588459 -0.017845 
256 17.470418 0.000000 13.603551 93.672242 0.000000 36.147147 -0.008111 
257 12.446410 0.000000 18.210524 93.411439 0.000000 37.473747 -0.012998 
258 -0.113610 0.000000 6.693091 94.344165 0.000000 39.159847 -0.043432 
259 -2.625614 0.000000 6.693091 93.604487 0.000000 39.432216 -0.031670 
260 -0.113610 0.000000 8.996577 93.963513 0.000000 38.883204 -0.034105 
261 9.934406 0.000000 6.693091 96.286673 0.000000 34.883447 -0.048798 
262 12.446410 0.000000 6.693091 93.771540 0.000000 36.412981 -0.011901 
263 9.934406 0.000000 8.996577 95.384415 0.000000 35.683479 -0.037150 
264 3.654396 0.000000 3.237861 97.246545 0.000000 38.487738 -0.093820 
265 2.398394 0.000000 3.237861 96.850494 0.000000 38.936313 -0.089605 
266 3.654396 0.000000 4.389604 96.761985 0.000000 38.157955 -0.081891 
267 3.654396 0.000000 -1.369112 89.665835 0.000000 29.683650 0.107892 
268 2.398394 0.000000 -1.369112 85.345726 0.000000 29.483802 0.184681 
269 3.654396 0.000000 -2.520856 88.180941 0.000000 36.431670 0.089686 
270 8.678404 0.000000 3.237861 87.946862 0.000000 54.273891 -0.068031 
271 9.934406 0.000000 3.237861 90.101874 0.000000 46.078027 -0.024153 
272 8.678404 0.000000 4.389604 96.879502 0.000000 37.013217 -0.075562 
273 5.538399 0.000000 1.510246 89.940901 0.000000 63.004469 -0.205893 
274 4.910398 0.000000 1.510246 90.165971 0.000000 55.874515 -0.125186 
275 5.538399 0.000000 2.086117 95.205423 0.000000 47.866188 -0.135524 
276 8.050403 0.000000 1.510246 97.979944 0.000000 29.007381 -0.044150 
277 8.678404 0.000000 1.510246 99.193822 0.000000 23.807650 -0.040622 
278 8.050403 0.000000 2.086117 91.696916 0.000000 54.583697 -0.138770 
279 9.306405 0.000000 -0.793241 85.894843 0.000000 34.980577 0.139844 
280 8.678404 0.000000 -0.793241 85.630109 0.000000 33.971265 0.151344 
281 9.306405 0.000000 -1.369112 85.326271 0.000000 33.923907 0.156860 
282 8.050403 0.000000 -0.793241 85.119467 0.000000 32.827687 0.167702 
283 7.422402 0.000000 -0.793241 84.313929 0.000000 32.060984 0.186325 
284 8.050403 0.000000 -1.369112 84.578222 0.000000 33.481975 0.172548 
285 13.702412 0.000000 -1.369112 93.884966 0.000000 41.691942 -0.055260 
286 13.702412 0.000000 -2.520856 91.545115 0.000000 34.067687 0.045888 
287 14.958414 0.000000 -1.369112 90.327878 0.000000 40.113803 0.023176 
288 11.818409 0.000000 -0.793241 86.611976 0.000000 25.786744 0.183341 
289 11.818409 0.000000 -1.369112 89.362109 0.000000 30.449011 0.108727 
290 12.446410 0.000000 -0.793241 98.311416 0.000000 23.461699 -0.021559 
291 67.710499 0.000000 55.066309 92.412876 0.000000 38.263595 -0.000424 
292 87.806532 0.000000 55.066309 92.594533 0.000000 37.806455 -0.000308 
293 67.710499 0.000000 73.494202 92.247084 0.000000 38.657643 -0.000394 
294 37.566451 0.000000 27.424470 92.956994 0.000000 37.102760 -0.001762 
295 47.614467 0.000000 27.424470 93.154067 0.000000 36.541569 -0.001297 
296 37.566451 0.000000 36.638417 92.597128 0.000000 37.980950 -0.001678 
297 22.494427 0.000000 13.603551 93.125514 0.000000 37.008143 -0.004196 
298 27.518435 0.000000 13.603551 89.090572 0.000000 46.240285 -0.007529 
299 22.494427 0.000000 18.210524 93.351635 0.000000 36.629903 -0.005628 
300 14.958414 0.000000 6.693091 81.370289 0.000000 56.515804 0.018484 
301 17.470418 0.000000 6.693091 89.746880 0.000000 44.332626 -0.001988 
302 14.958414 0.000000 8.996577 93.455357 0.000000 35.673493 -0.000650 
303 11.190408 0.000000 3.237861 88.471276 0.000000 45.593740 0.009404 
304 12.446410 0.000000 3.237861 90.904942 0.000000 37.394758 0.033792 
305 11.190408 0.000000 4.389604 82.258822 0.000000 57.332874 -0.005357 
306 6.794401 0.000000 -0.793241 83.231624 0.000000 32.175915 0.203721 
307 6.166400 0.000000 -0.793241 82.669560 0.000000 34.216839 0.199495 
308 6.794401 0.000000 -1.369112 83.948464 0.000000 34.231731 0.178084 
309 5.538399 0.000000 -0.793241 84.915862 0.000000 37.704869 0.136764 
310 4.910398 0.000000 -0.793241 92.759925 0.000000 37.924522 -0.004267 
311 5.538399 0.000000 -1.369112 86.240694 0.000000 36.880995 0.120233 
312 9.306405 0.000000 1.510246 99.631228 0.000000 21.235252 -0.037732 
313 9.934406 0.000000 1.510246 98.168489 0.000000 23.008526 -0.016644 
314 9.306405 0.000000 2.086117 95.219906 0.000000 39.778607 -0.064917 
315 13.702412 0.000000 3.237861 91.058849 0.000000 37.324029 0.031520 
316 14.958414 0.000000 3.237861 89.550518 0.000000 41.053388 0.029532 
317 13.702412 0.000000 4.389604 90.355961 0.000000 40.365483 0.020643 
318 10.562407 0.000000 1.510246 96.319229 0.000000 23.698761 0.016097 
319 11.190408 0.000000 1.510246 92.951356 0.000000 25.150611 0.072749 
320 10.562407 0.000000 2.086117 96.491066 0.000000 28.681417 -0.013315 
321 11.818409 0.000000 1.510246 87.468726 0.000000 29.689630 0.146775 
322 12.446410 0.000000 1.510246 81.253428 0.000000 38.769730 0.189479 
323 11.818409 0.000000 2.086117 92.116982 0.000000 29.877118 0.062182 
1 1 12 10 11 
2 12 7 13 10 
3 7 16 15 13 
4 16 2 17 15 
5 10 25 23 24 
6 25 13 26 23 
7 13 32 31 26 
8 32 15 33 31 
9 23 41 39 40 
10 41 26 42 39 
11 26 48 47 42 
12 48 31 49 47 
13 39 57 55 56 
14 57 42 58 55 
15 42 77 76 58 
16 77 47 78 76 
17 55 81 79 80 
18 81 58 82 79 
19 58 93 92 82 
20 93 76 94 92 
21 79 97 95 96 
22 97 82 98 95 
23 89 105 103 104 
24 105 5 106 103 
25 103 106 90 107 
26 6 110 108 109 
27 110 14 36 108 
28 108 36 19 111 
29 109 108 111 20 
30 14 114 112 113 
31 114 27 52 112 
32 112 52 35 115 
33 113 112 115 36 
34 27 118 116 117 
35 118 43 64 116 
36 116 64 51 119 
37 117 116 119 52 
38 43 122 120 121 
39 122 59 72 120 
40 120 72 63 123 
41 121 120 123 64 
42 59 126 124 125 
43 126 73 88 124 
44 124 88 71 127 
45 125 124 127 72 
46 73 130 128 129 
47 130 89 104 128 
48 128 104 87 131 
49 129 128 131 88 
50 19 38 132 133 
51 38 21 134 132 
52 132 134 9 135 
53 133 132 135 22 
54 35 54 136 137 
55 54 37 138 136 
56 136 138 21 139 
57 137 136 139 38 
58 51 66 140 141 
59 66 53 142 140 
60 140 142 37 143 
61 141 140 143 54 
62 63 75 144 145 
63 75 65 146 144 
64 144 146 53 147 
65 145 144 147 66 
66 71 91 148 149 
67 91 74 150 148 
68 148 150 65 151 
69 149 148 151 75 
70 87 107 152 153 
71 107 90 154 152 
72 152 154 74 155 
73 153 152 155 91 
74 104 158 156 157 
75 158 103 159 156 
76 156 159 107 160 
77 157 156 160 87 
78 82 162 161 98 
79 162 92 163 161 
80 5 165 164 106 
81 165 100 166 164 
82 164 166 99 167 
83 106 164 167 90 
84 18 169 168 45 
85 169 8 170 168 
86 168 170 29 171 
87 45 168 171 28 
88 34 173 172 61 
89 173 18 174 172 
90 172 174 45 175 
91 61 172 175 44 
92 50 177 176 69 
93 177 34 178 176 
94 176 178 61 179 
95 69 176 179 60 
96 181 50 182 180 
97 180 182 69 183 
98 100 189 188 166 
99 189 84 190 188 
100 188 190 101 191 
101 166 188 191 99 
102 15 193 192 33 
103 193 17 194 192 
104 192 194 8 169 
105 33 192 169 18 
106 31 196 195 49 
107 196 33 197 195 
108 195 197 18 173 
109 49 195 173 34 
110 47 199 198 78 
111 199 49 200 198 
112 198 200 34 177 
113 78 198 177 50 
114 76 202 201 94 
115 202 78 203 201 
116 201 203 50 181 
117 92 205 204 163 
118 205 94 206 204 
119 84 208 207 190 
120 207 209 184 210 
121 190 207 210 101 
122 163 213 211 212 
123 213 204 214 211 
124 211 214 185 208 
125 212 211 208 84 
126 68 216 215 186 
127 216 181 217 215 
128 215 217 180 218 
129 186 215 218 85 
130 185 220 219 209 
131 220 68 221 219 
132 219 221 186 222 
133 209 219 222 184 
134 208 225 223 224 
135 225 185 226 223 
136 223 226 209 227 
137 224 223 227 207 
138 11 230 228 229 
139 230 10 24 228 
140 228 24 14 110 
141 229 228 110 6 
142 20 111 231 232 
143 111 19 133 231 
144 231 133 22 233 
145 232 231 233 4 
146 24 236 234 235 
147 236 23 40 234 
148 234 40 27 114 
149 235 234 114 14 
150 21 46 237 134 
151 46 28 238 237 
152 237 238 30 239 
153 134 237 239 9 
154 36 115 240 241 
155 115 35 137 240 
156 240 137 38 242 
157 241 240 242 19 
158 40 245 243 244 
159 245 39 56 243 
160 243 56 43 118 
161 244 243 118 27 
162 37 62 246 138 
163 62 44 247 246 
164 246 247 46 248 
165 138 246 248 21 
166 52 119 249 250 
167 119 51 141 249 
168 249 141 54 251 
169 250 249 251 35 
170 56 254 252 253 
171 254 55 80 252 
172 252 80 59 122 
173 253 252 122 43 
174 53 70 255 142 
175 70 60 256 255 
176 255 256 62 257 
177 142 255 257 37 
178 64 123 258 259 
179 123 63 145 258 
180 258 145 66 260 
181 259 258 260 51 
182 65 86 261 146 
183 86 67 262 261 
184 261 262 70 263 
185 146 261 263 53 
186 72 127 264 265 
187 127 71 149 264 
188 264 149 75 266 
189 265 264 266 63 
190 80 269 267 268 
191 269 79 96 267 
192 267 96 73 126 
193 268 267 126 59 
194 74 102 270 150 
195 102 83 271 270 
196 270 271 86 272 
197 150 270 272 65 
198 88 131 273 274 
199 131 87 153 273 
200 273 153 91 275 
201 274 273 275 71 
202 90 167 276 154 
203 167 99 277 276 
204 276 277 102 278 
205 154 276 278 74 
206 161 281 279 280 
207 281 163 212 279 
208 279 212 84 189 
209 280 279 189 100 
210 98 284 282 283 
211 284 161 280 282 
212 282 280 100 165 
213 283 282 165 5 
214 94 286 285 206 
215 286 201 287 285 
216 285 287 181 216 
217 206 285 216 68 
218 204 289 288 214 
219 289 206 290 288 
220 288 290 68 220 
221 214 288 220 185 
222 28 171 291 238 
223 171 29 292 291 
224 291 292 3 293 
225 238 291 293 30 
226 44 175 294 247 
227 175 45 295 294 
228 294 295 28 296 
229 247 294 296 46 
230 60 179 297 256 
231 179 61 298 297 
232 297 298 44 299 
233 256 297 299 62 
234 67 183 300 262 
235 183 69 301 300 
236 300 301 60 302 
237 262 300 302 70 
238 83 187 303 271 
239 187 85 304 303 
240 303 304 67 305 
241 271 303 305 86 
242 95 308 306 307 
243 308 98 283 306 
244 306 283 5 105 
245 307 306 105 89 
246 96 311 309 310 
247 311 95 307 309 
248 309 307 89 130 
249 310 309 130 73 
250 99 191 312 277 
251 191 101 313 312 
252 312 313 83 314 
253 277 312 314 102 
254 85 218 315 304 
255 218 180 316 315 
256 315 316 183 317 
257 304 315 317 67 
258 101 210 318 313 
259 210 184 319 318 
260 318 319 187 320 
261 313 318 320 83 
262 184 222 321 319 
263 222 186 322 321 
264 321 322 85 323 
265 319 321 323 187 
