2 0.000000 100.000000 410.334720
323 265 
1 -72.961727 0.000000 -73.928940 99.762474 0.000000 -6.915955 -0.000038 
2 87.806532 0.000000 -73.928940 99.762813 0.000000 -6.902880 -0.000027 
3 87.806532 0.000000 73.494202 99.759636 0.000000 -6.905912 0.000032 
4 -72.961727 0.000000 73.494202 99.758865 0.000000 -6.916007 0.000034 
5 7.422402 0.000000 -0.217369 95.437761 0.000000 -7.207403 0.083969 
6 -72.961727 0.000000 -0.217369 99.760700 0.000000 -6.918053 -0.000006 
7 7.422402 0.000000 -73.928940 99.766384 0.000000 -6.909296 -0.000107 
8 87.806532 0.000000 -0.217369 99.795719 0.000000 -6.403646 -0.000019 
9 7.422402 0.000000 73.494202 99.755482 0.000000 -6.909899 0.000110 
10 -32.769663 0.000000 -37.073155 99.768603 0.000000 -6.916698 -0.000161 
11 -72.961727 0.000000 -37.073155 99.762437 0.000000 -6.917099 -0.000039 
12 -32.769663 0.000000 -73.928940 99.764716 0.000000 -6.914453 -0.000081 
13 7.422402 0.000000 -37.073155 99.782285 0.000000 -6.889060 -0.000396 
14 -32.769663 0.000000 -0.217369 99.760896 0.000000 -6.926208 -0.000021 
15 47.614467 0.000000 -37.073155 99.768372 0.000000 -6.867978 -0.000090 
16 47.614467 0.000000 -73.928940 99.764514 0.000000 -6.904616 -0.000063 
17 87.806532 0.000000 -37.073155 99.765432 0.000000 -6.860881 -0.000021 
18 47.614467 0.000000 -0.217369 99.757785 0.000000 -6.934934 0.000029 
19 -32.769663 0.000000 36.638417 99.753140 0.000000 -6.916836 0.000147 
20 -72.961727 0.000000 36.638417 99.758946 0.000000 -6.917131 0.000031 
21 7.422402 0.000000 36.638417 99.741354 0.000000 -6.890960 0.000418 
22 -32.769663 0.000000 73.494202 99.756798 0.000000 -6.914618 0.000077 
23 -12.673630 0.000000 -18.645262 99.798032 0.000000 -6.918266 -0.000751 
24 -32.769663 0.000000 -18.645262 99.768793 0.000000 -6.921696 -0.000172 
25 -12.673630 0.000000 -37.073155 99.777618 0.000000 -6.909675 -0.000332 
26 7.422402 0.000000 -18.645262 99.836742 0.000000 -6.807019 -0.001371 
27 -12.673630 0.000000 -0.217369 99.760352 0.000000 -6.971512 -0.000073 
28 47.614467 0.000000 36.638417 99.757479 0.000000 -6.878203 0.000114 
29 87.806532 0.000000 36.638417 99.761311 0.000000 -6.882776 0.000031 
30 47.614467 0.000000 73.494202 99.757712 0.000000 -6.906235 0.000070 
31 27.518435 0.000000 -18.645262 99.785121 0.000000 -6.756613 -0.000272 
32 27.518435 0.000000 -37.073155 99.774756 0.000000 -6.873327 -0.000224 
33 47.614467 0.000000 -18.645262 99.775844 0.000000 -6.742449 -0.000068 
34 27.518435 0.000000 -0.217369 99.581123 0.000000 -9.291001 -0.000272 
35 -12.673630 0.000000 18.210524 99.724716 0.000000 -6.918200 0.000712 
36 -32.769663 0.000000 18.210524 99.753019 0.000000 -6.921744 0.000142 
37 7.422402 0.000000 18.210524 99.692731 0.000000 -6.810860 0.001497 
38 -12.673630 0.000000 36.638417 99.744740 0.000000 -6.910123 0.000324 
39 -2.625614 0.000000 -9.431316 99.948270 0.000000 -6.892998 -0.003717 
40 -12.673630 0.000000 -9.431316 99.803169 0.000000 -6.943461 -0.000888 
41 -2.625614 0.000000 -18.645262 99.833184 0.000000 -6.882599 -0.001403 
42 7.422402 0.000000 -9.431316 99.936217 0.000000 -6.523717 -0.002981 
43 -2.625614 0.000000 -0.217369 99.701448 0.000000 -7.386507 0.000506 
44 27.518435 0.000000 18.210524 99.750818 0.000000 -6.782708 0.000377 
45 47.614467 0.000000 18.210524 99.763127 0.000000 -6.799396 0.000109 
46 27.518435 0.000000 36.638417 99.750710 0.000000 -6.878704 0.000248 
47 17.470418 0.000000 -9.431316 99.804109 0.000000 -6.521021 -0.000338 
48 17.470418 0.000000 -18.645262 99.803646 0.000000 -6.766757 -0.000656 
49 27.518435 0.000000 -9.431316 99.793860 0.000000 -6.522676 -0.000136 
50 17.470418 0.000000 -0.217369 99.308671 0.000000 -11.988959 -0.000595 
51 -2.625614 0.000000 8.996577 99.574170 0.000000 -6.886792 0.003756 
52 -12.673630 0.000000 8.996577 99.718786 0.000000 -6.943099 0.000796 
53 7.422402 0.000000 8.996577 99.614307 0.000000 -6.519481 0.003449 
54 -2.625614 0.000000 18.210524 99.691585 0.000000 -6.882556 0.001422 
55 2.398394 0.000000 -4.824342 100.645360 0.000000 -6.317748 -0.016940 
56 -2.625614 0.000000 -4.824342 100.071645 0.000000 -7.032214 -0.006379 
57 2.398394 0.000000 -9.431316 100.019630 0.000000 -6.698431 -0.004880 
58 7.422402 0.000000 -4.824342 99.899168 0.000000 -5.837738 -0.001392 
59 2.398394 0.000000 -0.217369 94.105802 0.000000 2.361508 0.113852 
60 17.470418 0.000000 8.996577 99.747213 0.000000 -6.559088 0.000747 
61 27.518435 0.000000 8.996577 99.766187 0.000000 -6.592813 0.000324 
62 17.470418 0.000000 18.210524 99.729630 0.000000 -6.779737 0.000804 
63 2.398394 0.000000 4.389604 98.899413 0.000000 -6.222415 0.018019 
64 -2.625614 0.000000 4.389604 99.445813 0.000000 -7.007526 0.006142 
65 7.422402 0.000000 4.389604 99.687816 0.000000 -5.739508 0.002940 
66 2.398394 0.000000 8.996577 99.512016 0.000000 -6.684298 0.005268 
67 12.446410 0.000000 4.389604 99.902517 0.000000 -6.417907 -0.002170 
68 12.446410 0.000000 -0.217369 93.782467 0.000000 -30.086615 0.029964 
69 17.470418 0.000000 4.389604 99.786722 0.000000 -6.437517 0.000117 
70 12.446410 0.000000 8.996577 99.717751 0.000000 -6.526300 0.001378 
71 4.910398 0.000000 2.086117 98.577983 0.000000 -2.212553 0.027749 
72 2.398394 0.000000 2.086117 97.544075 0.000000 -5.545027 0.045441 
73 4.910398 0.000000 -0.217369 74.577579 0.000000 41.387842 0.272523 
74 7.422402 0.000000 2.086117 100.516166 0.000000 -4.565932 -0.012435 
75 4.910398 0.000000 4.389604 99.210361 0.000000 -5.628189 0.012563 
76 12.446410 0.000000 -4.824342 99.694425 0.000000 -6.374867 0.002038 
77 12.446410 0.000000 -9.431316 99.836999 0.000000 -6.503771 -0.000973 
78 17.470418 0.000000 -4.824342 99.760151 0.000000 -6.509224 0.000554 
79 4.910398 0.000000 -2.520856 100.448502 0.000000 -3.485202 -0.010205 
80 2.398394 0.000000 -2.520856 101.715053 0.000000 -4.966919 -0.037062 
81 4.910398 0.000000 -4.824342 100.289645 0.000000 -5.800871 -0.009166 
82 7.422402 0.000000 -2.520856 99.253551 0.000000 -5.357759 0.012003 
83 9.934406 0.000000 2.086117 100.599295 0.000000 -5.649383 -0.015213 
84 9.934406 0.000000 -0.217369 99.600932 0.000000 -2.394503 0.007392 
85 12.446410 0.000000 2.086117 100.105856 0.000000 -7.863319 -0.008301 
86 9.934406 0.000000 4.389604 99.916650 0.000000 -6.053138 -0.001998 
87 6.166400 0.000000 0.934374 107.367808 0.000000 4.498379 -0.154808 
88 4.910398 0.000000 0.934374 94.181259 0.000000 7.732502 0.107010 
89 6.166400 0.000000 -0.217369 83.944857 0.000000 2.899288 0.294486 
90 7.422402 0.000000 0.934374 98.321352 0.000000 -2.356098 0.032736 
91 6.166400 0.000000 2.086117 100.581758 0.000000 -2.817421 -0.012463 
92 9.934406 0.000000 -2.520856 99.134121 0.000000 -6.600075 0.012886 
93 9.934406 0.000000 -4.824342 99.717592 0.000000 -6.124403 0.001889 
94 12.446410 0.000000 -2.520856 99.460440 0.000000 -7.795050 0.004686 
95 6.166400 0.000000 -1.369112 96.775400 0.000000 -2.203684 0.062967 
96 4.910398 0.000000 -1.369112 100.077613 0.000000 2.865651 -0.002374 
97 6.166400 0.000000 -2.520856 99.438382 0.000000 -4.263422 0.009383 
98 7.422402 0.000000 -1.369112 97.977944 0.000000 -6.152298 0.036247 
99 8.678404 0.000000 0.934374 99.226525 0.000000 -2.616668 0.014725 
100 8.678404 0.000000 -0.217369 99.226525 0.000000 -2.616668 0.014725 
101 9.934406 0.000000 0.934374 101.419862 0.000000 -4.032143 -0.030225 
102 8.678404 0.000000 2.086117 100.230587 0.000000 -5.157225 -0.007277 
103 6.794401 0.000000 0.358503 97.382807 0.000000 -1.935937 0.051284 
104 6.166400 0.000000 0.358503 93.509299 0.000000 9.311197 0.116931 
105 6.794401 0.000000 -0.217369 91.419957 0.000000 -4.855302 0.161882 
106 7.422402 0.000000 0.358503 98.359178 0.000000 -2.364267 0.031988 
107 6.794401 0.000000 0.934374 104.128433 0.000000 -1.703673 -0.084563 
108 -52.865695 0.000000 18.210524 99.758240 0.000000 -6.919090 0.000042 
109 -72.961727 0.000000 18.210524 99.759607 0.000000 -6.917774 0.000017 
110 -52.865695 0.000000 -0.217369 99.760764 0.000000 -6.919984 -0.000010 
111 -52.865695 0.000000 36.638417 99.757293 0.000000 -6.917419 0.000063 
112 -22.721646 0.000000 8.996577 99.748532 0.000000 -6.931288 0.000219 
113 -32.769663 0.000000 8.996577 99.755842 0.000000 -6.924818 0.000082 
114 -22.721646 0.000000 -0.217369 99.760947 0.000000 -6.936255 -0.000036 
115 -22.721646 0.000000 18.210524 99.744817 0.000000 -6.922883 0.000305 
116 -7.649622 0.000000 4.389604 99.679279 0.000000 -6.994875 0.001511 
117 -12.673630 0.000000 4.389604 99.731630 0.000000 -6.961653 0.000514 
118 -7.649622 0.000000 -0.217369 99.757325 0.000000 -7.036627 -0.000104 
119 -7.649622 0.000000 8.996577 99.671730 0.000000 -6.941695 0.001736 
120 -0.113610 0.000000 2.086117 98.697671 0.000000 -7.152864 0.020761 
121 -2.625614 0.000000 2.086117 99.454269 0.000000 -7.166453 0.005749 
122 -0.113610 0.000000 -0.217369 98.317836 0.000000 -8.412826 0.026283 
123 -0.113610 0.000000 4.389604 99.119516 0.000000 -6.829627 0.012868 
124 3.654396 0.000000 0.934374 94.671787 0.000000 -2.071812 0.103296 
125 2.398394 0.000000 0.934374 95.974195 0.000000 -4.968214 0.076427 
126 3.654396 0.000000 -0.217369 95.550269 0.000000 8.849418 0.079183 
127 3.654396 0.000000 2.086117 97.523838 0.000000 -4.006015 0.047305 
128 5.538399 0.000000 0.358503 79.061134 0.000000 36.600142 0.240977 
129 4.910398 0.000000 0.358503 83.126529 0.000000 20.620257 0.266479 
130 5.538399 0.000000 -0.217369 72.778496 0.000000 42.671927 0.288240 
131 5.538399 0.000000 0.934374 100.979108 0.000000 11.670903 -0.033299 
132 -12.673630 0.000000 55.066309 99.752502 0.000000 -6.911355 0.000167 
133 -32.769663 0.000000 55.066309 99.755250 0.000000 -6.914980 0.000107 
134 7.422402 0.000000 55.066309 99.751825 0.000000 -6.905290 0.000189 
135 -12.673630 0.000000 73.494202 99.755711 0.000000 -6.912628 0.000101 
136 -2.625614 0.000000 27.424470 99.726455 0.000000 -6.894337 0.000710 
137 -12.673630 0.000000 27.424470 99.736918 0.000000 -6.911016 0.000478 
138 7.422402 0.000000 27.424470 99.727009 0.000000 -6.870470 0.000732 
139 -2.625614 0.000000 36.638417 99.741100 0.000000 -6.901533 0.000408 
140 2.398394 0.000000 13.603551 99.631418 0.000000 -6.801488 0.002732 
141 -2.625614 0.000000 13.603551 99.651837 0.000000 -6.876616 0.002222 
142 7.422402 0.000000 13.603551 99.655925 0.000000 -6.728720 0.002342 
143 2.398394 0.000000 18.210524 99.684061 0.000000 -6.846303 0.001622 
144 4.910398 0.000000 6.693091 99.438355 0.000000 -6.327966 0.007197 
145 2.398394 0.000000 6.693091 99.338776 0.000000 -6.548926 0.008892 
146 7.422402 0.000000 6.693091 99.606531 0.000000 -6.260341 0.003935 
147 4.910398 0.000000 8.996577 99.548658 0.000000 -6.578238 0.004679 
148 6.166400 0.000000 3.237861 99.694933 0.000000 -4.793019 0.003795 
149 4.910398 0.000000 3.237861 99.094351 0.000000 -4.705856 0.015816 
150 7.422402 0.000000 3.237861 99.905962 0.000000 -5.265971 -0.000893 
151 6.166400 0.000000 4.389604 99.500750 0.000000 -5.589127 0.006836 
152 6.794401 0.000000 1.510246 101.960213 0.000000 -2.763858 -0.040352 
153 6.166400 0.000000 1.510246 102.201097 0.000000 -0.265515 -0.044513 
154 7.422402 0.000000 1.510246 101.097915 0.000000 -4.027021 -0.023701 
155 6.794401 0.000000 2.086117 100.749790 0.000000 -3.845540 -0.016531 
156 6.480401 0.000000 0.646438 96.244251 0.000000 -0.199300 0.073700 
157 6.166400 0.000000 0.646438 94.122608 0.000000 7.762014 0.108069 
158 6.480401 0.000000 0.358503 96.195281 0.000000 -0.436977 0.074628 
159 6.794401 0.000000 0.646438 97.281301 0.000000 -1.863308 0.053288 
160 6.480401 0.000000 0.934374 106.129971 0.000000 0.393019 -0.126373 
161 8.678404 0.000000 -1.369112 98.692701 0.000000 -7.443423 0.020435 
162 8.678404 0.000000 -2.520856 99.317561 0.000000 -5.998746 0.010004 
163 9.934406 0.000000 -1.369112 98.328024 0.000000 -8.416086 0.026077 
164 8.050403 0.000000 0.358503 98.905040 0.000000 -2.552256 0.021128 
165 8.050403 0.000000 -0.217369 98.879782 0.000000 -2.552493 0.021627 
166 8.678404 0.000000 0.358503 99.240017 0.000000 -2.610440 0.014460 
167 8.050403 0.000000 0.934374 98.879782 0.000000 -2.552493 0.021627 
168 67.710499 0.000000 18.210524 99.765602 0.000000 -6.812834 0.000041 
169 67.710499 0.000000 -0.217369 99.792312 0.000000 -6.448937 -0.000009 
170 87.806532 0.000000 18.210524 99.765878 0.000000 -6.823567 0.000021 
171 67.710499 0.000000 36.638417 99.760248 0.000000 -6.880446 0.000055 
172 37.566451 0.000000 8.996577 99.773630 0.000000 -6.620575 0.000139 
173 37.566451 0.000000 -0.217369 99.702738 0.000000 -7.708374 -0.000006 
174 47.614467 0.000000 8.996577 99.775532 0.000000 -6.644809 0.000069 
175 37.566451 0.000000 18.210524 99.759503 0.000000 -6.790914 0.000193 
176 22.494427 0.000000 4.389604 99.770584 0.000000 -6.397593 0.000490 
177 22.494427 0.000000 -0.217369 99.450502 0.000000 -10.505203 -0.000076 
178 27.518435 0.000000 4.389604 99.780879 0.000000 -6.400715 0.000281 
179 22.494427 0.000000 8.996577 99.758169 0.000000 -6.577570 0.000504 
180 14.958414 0.000000 2.086117 99.653238 0.000000 -7.096983 0.001887 
181 14.958414 0.000000 -0.217369 99.191337 0.000000 -12.580009 0.000282 
182 17.470418 0.000000 2.086117 99.719334 0.000000 -6.861537 0.000897 
183 14.958414 0.000000 4.389604 99.799905 0.000000 -6.449676 -0.000162 
184 11.190408 0.000000 0.934374 105.363782 0.000000 -9.067897 -0.118375 
185 11.190408 0.000000 -0.217369 90.777732 0.000000 -13.514715 0.157676 
186 12.446410 0.000000 0.934374 98.739692 0.000000 -13.228052 0.007549 
187 11.190408 0.000000 2.086117 100.945142 0.000000 -6.936771 -0.023804 
188 9.306405 0.000000 0.358503 99.478013 0.000000 -2.570578 0.009752 
189 9.306405 0.000000 -0.217369 99.484110 0.000000 -2.571871 0.009630 
190 9.934406 0.000000 0.358503 99.594471 0.000000 -2.393540 0.007521 
191 9.306405 0.000000 0.934374 99.484110 0.000000 -2.571871 0.009630 
192 67.710499 0.000000 -18.645262 99.775209 0.000000 -6.720221 -0.000025 
193 67.710499 0.000000 -37.073155 99.766144 0.000000 -6.864597 -0.000041 
194 87.806532 0.000000 -18.645262 99.776572 0.000000 -6.692152 -0.000015 
195 37.566451 0.000000 -9.431316 99.791570 0.000000 -6.506366 -0.000069 
196 37.566451 0.000000 -18.645262 99.778383 0.000000 -6.749564 -0.000128 
197 47.614467 0.000000 -9.431316 99.791386 0.000000 -6.488992 -0.000043 
198 22.494427 0.000000 -4.824342 99.776775 0.000000 -6.608693 0.000092 
199 22.494427 0.000000 -9.431316 99.796983 0.000000 -6.526364 -0.000203 
200 27.518435 0.000000 -4.824342 99.773263 0.000000 -6.722317 0.000011 
201 14.958414 0.000000 -2.520856 99.633480 0.000000 -7.813866 0.001211 
202 14.958414 0.000000 -4.824342 99.741849 0.000000 -6.463645 0.000978 
203 17.470418 0.000000 -2.520856 99.597545 0.000000 -8.174394 0.001351 
204 11.190408 0.000000 -1.369112 97.778778 0.000000 -10.536110 0.032830 
205 11.190408 0.000000 -2.520856 99.125751 0.000000 -7.289148 0.012095 
206 12.446410 0.000000 -1.369112 99.574690 0.000000 -12.193409 -0.006380 
207 10.562407 0.000000 0.358503 99.586871 0.000000 -1.757425 0.007937 
208 10.562407 0.000000 -0.217369 95.242805 0.000000 -9.004759 0.084772 
209 11.190408 0.000000 0.358503 99.226181 0.000000 -8.174962 0.008733 
210 10.562407 0.000000 0.934374 103.175356 0.000000 -4.981747 -0.066997 
211 10.562407 0.000000 -0.793241 96.711915 0.000000 -11.191259 0.052156 
212 9.934406 0.000000 -0.793241 97.703906 0.000000 -10.152297 0.035088 
213 10.562407 0.000000 -1.369112 97.932976 0.000000 -9.291872 0.032279 
214 11.190408 0.000000 -0.793241 95.741658 0.000000 -13.622712 0.064796 
215 13.702412 0.000000 0.934374 98.769898 0.000000 -9.373646 0.015664 
216 13.702412 0.000000 -0.217369 98.981124 0.000000 -11.874148 0.006174 
217 14.958414 0.000000 0.934374 99.428293 0.000000 -8.759324 0.003729 
218 13.702412 0.000000 2.086117 99.624695 0.000000 -7.434716 0.001965 
219 11.818409 0.000000 0.358503 93.142269 0.000000 -31.679059 0.032095 
220 11.818409 0.000000 -0.217369 90.964847 0.000000 -36.060601 0.042503 
221 12.446410 0.000000 0.358503 93.432630 0.000000 -20.575825 0.084698 
222 11.818409 0.000000 0.934374 102.523392 0.000000 -13.969704 -0.070620 
223 10.876408 0.000000 0.070567 99.593103 0.000000 -2.008991 0.007718 
224 10.562407 0.000000 0.070567 99.585015 0.000000 -1.792446 0.007961 
225 10.876408 0.000000 -0.217369 93.097311 0.000000 -10.365247 0.122545 
226 11.190408 0.000000 0.070567 98.746059 0.000000 -11.076172 0.012653 
227 10.876408 0.000000 0.358503 99.593270 0.000000 -1.487622 0.007897 
228 -52.865695 0.000000 -18.645262 99.763282 0.000000 -6.919060 -0.000059 
229 -72.961727 0.000000 -18.645262 99.761789 0.000000 -6.917757 -0.000027 
230 -52.865695 0.000000 -37.073155 99.764208 0.000000 -6.917357 -0.000075 
231 -52.865695 0.000000 55.066309 99.757426 0.000000 -6.916284 0.000062 
232 -72.961727 0.000000 55.066309 99.758762 0.000000 -6.916484 0.000035 
233 -52.865695 0.000000 73.494202 99.757977 0.000000 -6.915626 0.000052 
234 -22.721646 0.000000 -9.431316 99.773465 0.000000 -6.931347 -0.000279 
235 -32.769663 0.000000 -9.431316 99.765958 0.000000 -6.924807 -0.000120 
236 -22.721646 0.000000 -18.645262 99.777290 0.000000 -6.922897 -0.000343 
237 27.518435 0.000000 55.066309 99.754249 0.000000 -6.900224 0.000148 
238 47.614467 0.000000 55.066309 99.757163 0.000000 -6.898505 0.000092 
239 27.518435 0.000000 73.494202 99.756373 0.000000 -6.907531 0.000095 
240 -22.721646 0.000000 27.424470 99.746537 0.000000 -6.917377 0.000278 
241 -32.769663 0.000000 27.424470 99.752477 0.000000 -6.918947 0.000157 
242 -22.721646 0.000000 36.638417 99.749396 0.000000 -6.914861 0.000224 
243 -7.649622 0.000000 -4.824342 99.838920 0.000000 -6.997870 -0.001678 
244 -12.673630 0.000000 -4.824342 99.789548 0.000000 -6.962294 -0.000643 
245 -7.649622 0.000000 -9.431316 99.849981 0.000000 -6.943916 -0.001824 
246 17.470418 0.000000 27.424470 99.738039 0.000000 -6.854504 0.000534 
247 27.518435 0.000000 27.424470 99.748782 0.000000 -6.850423 0.000325 
248 17.470418 0.000000 36.638417 99.745075 0.000000 -6.882828 0.000355 
249 -7.649622 0.000000 13.603551 99.690350 0.000000 -6.915844 0.001401 
250 -12.673630 0.000000 13.603551 99.719167 0.000000 -6.927779 0.000809 
251 -7.649622 0.000000 18.210524 99.708507 0.000000 -6.906432 0.001051 
252 -0.113610 0.000000 -2.520856 100.949960 0.000000 -7.229540 -0.024316 
253 -2.625614 0.000000 -2.520856 100.032240 0.000000 -7.240778 -0.005888 
254 -0.113610 0.000000 -4.824342 100.389440 0.000000 -6.857603 -0.012507 
255 12.446410 0.000000 13.603551 99.699032 0.000000 -6.699383 0.001522 
256 17.470418 0.000000 13.603551 99.730044 0.000000 -6.699479 0.000904 
257 12.446410 0.000000 18.210524 99.711503 0.000000 -6.787522 0.001155 
258 -0.113610 0.000000 6.693091 99.401950 0.000000 -6.786956 0.007319 
259 -2.625614 0.000000 6.693091 99.520231 0.000000 -6.908535 0.004800 
260 -0.113610 0.000000 8.996577 99.528339 0.000000 -6.798940 0.004788 
261 9.934406 0.000000 6.693091 99.775990 0.000000 -6.329508 0.000469 
262 12.446410 0.000000 6.693091 99.798583 0.000000 -6.402310 -0.000075 
263 9.934406 0.000000 8.996577 99.675477 0.000000 -6.509789 0.002242 
264 3.654396 0.000000 3.237861 98.558028 0.000000 -5.241975 0.025884 
265 2.398394 0.000000 3.237861 98.419562 0.000000 -5.954534 0.027813 
266 3.654396 0.000000 4.389604 98.958943 0.000000 -5.874280 0.017262 
267 3.654396 0.000000 -1.369112 102.401851 0.000000 0.360824 -0.048627 
268 2.398394 0.000000 -1.369112 102.740446 0.000000 0.117977 -0.055561 
269 3.654396 0.000000 -2.520856 101.358479 0.000000 -4.077419 -0.029017 
270 8.678404 0.000000 3.237861 99.966307 0.000000 -5.601055 -0.002463 
271 9.934406 0.000000 3.237861 100.115188 0.000000 -5.922984 -0.005813 
272 8.678404 0.000000 4.389604 99.829300 0.000000 -5.893751 -0.000063 
273 5.538399 0.000000 1.510246 100.167990 0.000000 1.782662 -0.003680 
274 4.910398 0.000000 1.510246 97.579906 0.000000 0.967347 0.047723 
275 5.538399 0.000000 2.086117 99.710154 0.000000 -2.029743 0.005377 
276 8.050403 0.000000 1.510246 100.555768 0.000000 -4.479222 -0.013153 
277 8.678404 0.000000 1.510246 100.398808 0.000000 -4.712270 -0.010213 
278 8.050403 0.000000 2.086117 100.303856 0.000000 -4.964970 -0.008551 
279 9.306405 0.000000 -0.793241 98.178441 0.000000 -9.596150 0.026891 
280 8.678404 0.000000 -0.793241 98.251625 0.000000 -9.109486 0.026364 
281 9.306405 0.000000 -1.369112 98.611113 0.000000 -7.851020 0.021421 
282 8.050403 0.000000 -0.793241 97.857292 0.000000 -8.468363 0.035224 
283 7.422402 0.000000 -0.793241 96.822033 0.000000 -7.323356 0.057186 
284 8.050403 0.000000 -1.369112 98.499986 0.000000 -6.980054 0.024903 
285 13.702412 0.000000 -1.369112 99.753920 0.000000 -10.979911 -0.007140 
286 13.702412 0.000000 -2.520856 99.666124 0.000000 -7.740912 0.000674 
287 14.958414 0.000000 -1.369112 99.375058 0.000000 -11.209097 -0.000105 
288 11.818409 0.000000 -0.793241 96.841419 0.000000 -17.065288 0.033052 
289 11.818409 0.000000 -1.369112 98.389935 0.000000 -11.843029 0.017916 
290 12.446410 0.000000 -0.793241 100.713622 0.000000 -17.598548 -0.045294 
291 67.710499 0.000000 55.066309 99.758979 0.000000 -6.898498 0.000056 
292 87.806532 0.000000 55.066309 99.760033 0.000000 -6.899155 0.000034 
293 67.710499 0.000000 73.494202 99.758853 0.000000 -6.905840 0.000048 
294 37.566451 0.000000 27.424470 99.755349 0.000000 -6.851216 0.000193 
295 47.614467 0.000000 27.424470 99.759054 0.000000 -6.853879 0.000116 
296 37.566451 0.000000 36.638417 99.754776 0.000000 -6.877727 0.000168 
297 22.494427 0.000000 13.603551 99.746753 0.000000 -6.706894 0.000560 
298 27.518435 0.000000 13.603551 99.755918 0.000000 -6.715006 0.000367 
299 22.494427 0.000000 18.210524 99.742481 0.000000 -6.780333 0.000546 
300 14.958414 0.000000 6.693091 99.788944 0.000000 -6.461494 0.000042 
301 17.470418 0.000000 6.693091 99.763770 0.000000 -6.469678 0.000533 
302 14.958414 0.000000 8.996577 99.738961 0.000000 -6.547046 0.000928 
303 11.190408 0.000000 3.237861 100.195124 0.000000 -6.340630 -0.007927 
304 12.446410 0.000000 3.237861 100.032154 0.000000 -6.688149 -0.005116 
305 11.190408 0.000000 4.389604 99.969202 0.000000 -6.282312 -0.003331 
306 6.794401 0.000000 -0.793241 94.915370 0.000000 -5.026619 0.096581 
307 6.166400 0.000000 -0.793241 92.590580 0.000000 -0.276639 0.142691 
308 6.794401 0.000000 -1.369112 97.267647 0.000000 -4.635266 0.051752 
309 5.538399 0.000000 -0.793241 92.468899 0.000000 7.738669 0.138962 
310 4.910398 0.000000 -0.793241 98.967171 0.000000 14.826069 -0.001431 
311 5.538399 0.000000 -1.369112 97.497227 0.000000 0.914317 0.049345 
312 9.306405 0.000000 1.510246 100.546829 0.000000 -4.874762 -0.013343 
313 9.934406 0.000000 1.510246 100.995673 0.000000 -5.233609 -0.022752 
314 9.306405 0.000000 2.086117 100.357087 0.000000 -5.364080 -0.010032 
315 13.702412 0.000000 3.237861 99.834231 0.000000 -6.673036 -0.001140 
316 14.958414 0.000000 3.237861 99.771581 0.000000 -6.601274 0.000205 
317 13.702412 0.000000 4.389604 99.867453 0.000000 -6.463485 -0.001528 
318 10.562407 0.000000 1.510246 101.704397 0.000000 -6.087269 -0.038084 
319 11.190408 0.000000 1.510246 102.089576 0.000000 -7.735293 -0.048212 
320 10.562407 0.000000 2.086117 100.884675 0.000000 -6.189652 -0.021603 
321 11.818409 0.000000 1.510246 101.220271 0.000000 -9.327298 -0.033254 
322 12.446410 0.000000 1.510246 99.919293 0.000000 -9.555872 -0.007518 
323 11.818409 0.000000 2.086117 100.611376 0.000000 -7.602124 -0.018044 
1 1 12 10 11 
2 12 7 13 10 
3 7 16 15 13 
4 16 2 17 15 
5 10 25 23 24 
6 25 13 26 23 
7 13 32 31 26 
8 32 15 33 31 
9 23 41 39 40 
10 41 26 42 39 
11 26 48 47 42 
12 48 31 49 47 
13 39 57 55 56 
14 57 42 58 55 
15 42 77 76 58 
16 77 47 78 76 
17 55 81 79 80 
18 81 58 82 79 
19 58 93 92 82 
20 93 76 94 92 
21 79 97 95 96 
22 97 82 98 95 
23 89 105 103 104 
24 105 5 106 103 
25 103 106 90 107 
26 6 110 108 109 
27 110 14 36 108 
28 108 36 19 111 
29 109 108 111 20 
30 14 114 112 113 
31 114 27 52 112 
32 112 52 35 115 
33 113 112 115 36 
34 27 118 116 117 
35 118 43 64 116 
36 116 64 51 119 
37 117 116 119 52 
38 43 122 120 121 
39 122 59 72 120 
40 120 72 63 123 
41 121 120 123 64 
42 59 126 124 125 
43 126 73 88 124 
44 124 88 71 127 
45 125 124 127 72 
46 73 130 128 129 
47 130 89 104 128 
48 128 104 87 131 
49 129 128 131 88 
50 19 38 132 133 
51 38 21 134 132 
52 132 134 9 135 
53 133 132 135 22 
54 35 54 136 137 
55 54 37 138 136 
56 136 138 21 139 
57 137 136 139 38 
58 51 66 140 141 
59 66 53 142 140 
60 140 142 37 143 
61 141 140 143 54 
62 63 75 144 145 
63 75 65 146 144 
64 144 146 53 147 
65 145 144 147 66 
66 71 91 148 149 
67 91 74 150 148 
68 148 150 65 151 
69 149 148 151 75 
70 87 107 152 153 
71 107 90 154 152 
72 152 154 74 155 
73 153 152 155 91 
74 104 158 156 157 
75 158 103 159 156 
76 156 159 107 160 
77 157 156 160 87 
78 82 162 161 98 
79 162 92 163 161 
80 5 165 164 106 
81 165 100 166 164 
82 164 166 99 167 
83 106 164 167 90 
84 18 169 168 45 
85 169 8 170 168 
86 168 170 29 171 
87 45 168 171 28 
88 34 173 172 61 
89 173 18 174 172 
90 172 174 45 175 
91 61 172 175 44 
92 50 177 176 69 
93 177 34 178 176 
94 176 178 61 179 
95 69 176 179 60 
96 181 50 182 180 
97 180 182 69 183 
98 100 189 188 166 
99 189 84 190 188 
100 188 190 101 191 
101 166 188 191 99 
102 15 193 192 33 
103 193 17 194 192 
104 192 194 8 169 
105 33 192 169 18 
106 31 196 195 49 
107 196 33 197 195 
108 195 197 18 173 
109 49 195 173 34 
110 47 199 198 78 
111 199 49 200 198 
112 198 200 34 177 
113 78 198 177 50 
114 76 202 201 94 
115 202 78 203 201 
116 201 203 50 181 
117 92 205 204 163 
118 205 94 206 204 
119 84 208 207 190 
120 207 209 184 210 
121 190 207 210 101 
122 163 213 211 212 
123 213 204 214 211 
124 211 214 185 208 
125 212 211 208 84 
126 68 216 215 186 
127 216 181 217 215 
128 215 217 180 218 
129 186 215 218 85 
130 185 220 219 209 
131 220 68 221 219 
132 219 221 186 222 
133 209 219 222 184 
134 208 225 223 224 
135 225 185 226 223 
136 223 226 209 227 
137 224 223 227 207 
138 11 230 228 229 
139 230 10 24 228 
140 228 24 14 110 
141 229 228 110 6 
142 20 111 231 232 
143 111 19 133 231 
144 231 133 22 233 
145 232 231 233 4 
146 24 236 234 235 
147 236 23 40 234 
148 234 40 27 114 
149 235 234 114 14 
150 21 46 237 134 
151 46 28 238 237 
152 237 238 30 239 
153 134 237 239 9 
154 36 115 240 241 
155 115 35 137 240 
156 240 137 38 242 
157 241 240 242 19 
158 40 245 243 244 
159 245 39 56 243 
160 243 56 43 118 
161 244 243 118 27 
162 37 62 246 138 
163 62 44 247 246 
164 246 247 46 248 
165 138 246 248 21 
166 52 119 249 250 
167 119 51 141 249 
168 249 141 54 251 
169 250 249 251 35 
170 56 254 252 253 
171 254 55 80 252 
172 252 80 59 122 
173 253 252 122 43 
174 53 70 255 142 
175 70 60 256 255 
176 255 256 62 257 
177 142 255 257 37 
178 64 123 258 259 
179 123 63 145 258 
180 258 145 66 260 
181 259 258 260 51 
182 65 86 261 146 
183 86 67 262 261 
184 261 262 70 263 
185 146 261 263 53 
186 72 127 264 265 
187 127 71 149 264 
188 264 149 75 266 
189 265 264 266 63 
190 80 269 267 268 
191 269 79 96 267 
192 267 96 73 126 
193 268 267 126 59 
194 74 102 270 150 
195 102 83 271 270 
196 270 271 86 272 
197 150 270 272 65 
198 88 131 273 274 
199 131 87 153 273 
200 273 153 91 275 
201 274 273 275 71 
202 90 167 276 154 
203 167 99 277 276 
204 276 277 102 278 
205 154 276 278 74 
206 161 281 279 280 
207 281 163 212 279 
208 279 212 84 189 
209 280 279 189 100 
210 98 284 282 283 
211 284 161 280 282 
212 282 280 100 165 
213 283 282 165 5 
214 94 286 285 206 
215 286 201 287 285 
216 285 287 181 216 
217 206 285 216 68 
218 204 289 288 214 
219 289 206 290 288 
220 288 290 68 220 
221 214 288 220 185 
222 28 171 291 238 
223 171 29 292 291 
224 291 292 3 293 
225 238 291 293 30 
226 44 175 294 247 
227 175 45 295 294 
228 294 295 28 296 
229 247 294 296 46 
230 60 179 297 256 
231 179 61 298 297 
232 297 298 44 299 
233 256 297 299 62 
234 67 183 300 262 
235 183 69 301 300 
236 300 301 60 302 
237 262 300 302 70 
238 83 187 303 271 
239 187 85 304 303 
240 303 304 67 305 
241 271 303 305 86 
242 95 308 306 307 
243 308 98 283 306 
244 306 283 5 105 
245 307 306 105 89 
246 96 311 309 310 
247 311 95 307 309 
248 309 307 89 130 
249 310 309 130 73 
250 99 191 312 277 
251 191 101 313 312 
252 312 313 83 314 
253 277 312 314 102 
254 85 218 315 304 
255 218 180 316 315 
256 315 316 183 317 
257 304 315 317 67 
258 101 210 318 313 
259 210 184 319 318 
260 318 319 187 320 
261 313 318 320 83 
262 184 222 321 319 
263 222 186 322 321 
264 321 322 85 323 
265 319 321 323 187 
