2 0.000000 100.000000 410.334720
323 265 
1 -72.961727 0.000000 -73.928940 99.709388 0.000000 7.518302 0.000151 
2 87.806532 0.000000 -73.928940 99.710897 0.000000 7.465667 0.000200 
3 87.806532 0.000000 73.494202 99.730742 0.000000 7.448186 -0.000170 
4 -72.961727 0.000000 73.494202 99.725903 0.000000 7.518037 -0.000178 
5 7.422402 0.000000 -0.217369 94.694091 0.000000 4.518992 0.101261 
6 -72.961727 0.000000 -0.217369 99.717772 0.000000 7.526734 -0.000029 
7 7.422402 0.000000 -73.928940 99.690364 0.000000 7.491857 0.000570 
8 87.806532 0.000000 -0.217369 99.777877 0.000000 6.681234 -0.000026 
9 7.422402 0.000000 73.494202 99.748133 0.000000 7.488284 -0.000576 
10 -32.769663 0.000000 -37.073155 99.687963 0.000000 7.525486 0.000568 
11 -72.961727 0.000000 -37.073155 99.710336 0.000000 7.523163 0.000125 
12 -32.769663 0.000000 -73.928940 99.699711 0.000000 7.513203 0.000352 
13 7.422402 0.000000 -37.073155 99.615714 0.000000 7.433798 0.002145 
14 -32.769663 0.000000 -0.217369 99.718783 0.000000 7.556243 -0.000093 
15 47.614467 0.000000 -37.073155 99.689063 0.000000 7.328875 0.000838 
16 47.614467 0.000000 -73.928940 99.699529 0.000000 7.469506 0.000421 
17 87.806532 0.000000 -37.073155 99.719267 0.000000 7.350147 0.000204 
18 47.614467 0.000000 -0.217369 99.617408 0.000000 8.701797 0.000065 
19 -32.769663 0.000000 36.638417 99.749748 0.000000 7.524923 -0.000664 
20 -72.961727 0.000000 36.638417 99.725159 0.000000 7.523026 -0.000170 
21 7.422402 0.000000 36.638417 99.833883 0.000000 7.422687 -0.002190 
22 -32.769663 0.000000 73.494202 99.736662 0.000000 7.512301 -0.000384 
23 -12.673630 0.000000 -18.645262 99.613119 0.000000 7.552159 0.002019 
24 -32.769663 0.000000 -18.645262 99.691665 0.000000 7.543248 0.000467 
25 -12.673630 0.000000 -37.073155 99.652295 0.000000 7.508065 0.001305 
26 7.422402 0.000000 -18.645262 99.382259 0.000000 7.291120 0.007001 
27 -12.673630 0.000000 -0.217369 99.718169 0.000000 7.664680 -0.000246 
28 47.614467 0.000000 36.638417 99.770785 0.000000 7.273445 -0.000711 
29 87.806532 0.000000 36.638417 99.745617 0.000000 7.234697 -0.000153 
30 47.614467 0.000000 73.494202 99.740907 0.000000 7.459992 -0.000390 
31 27.518435 0.000000 -18.645262 99.590689 0.000000 6.931210 0.003365 
32 27.518435 0.000000 -37.073155 99.644725 0.000000 7.348539 0.001693 
33 47.614467 0.000000 -18.645262 99.711684 0.000000 6.981427 0.000884 
34 27.518435 0.000000 -0.217369 99.239974 0.000000 13.409289 -0.002838 
35 -12.673630 0.000000 18.210524 99.831414 0.000000 7.553034 -0.002336 
36 -32.769663 0.000000 18.210524 99.746246 0.000000 7.543271 -0.000621 
37 7.422402 0.000000 18.210524 100.099611 0.000000 7.263271 -0.007269 
38 -12.673630 0.000000 36.638417 99.789384 0.000000 7.505751 -0.001426 
39 -2.625614 0.000000 -9.431316 99.377276 0.000000 7.625023 0.006602 
40 -12.673630 0.000000 -9.431316 99.624473 0.000000 7.614154 0.001699 
41 -2.625614 0.000000 -18.645262 99.499941 0.000000 7.498920 0.004353 
42 7.422402 0.000000 -9.431316 98.858297 0.000000 7.086744 0.017682 
43 -2.625614 0.000000 -0.217369 99.667059 0.000000 8.118293 0.000057 
44 27.518435 0.000000 18.210524 99.910865 0.000000 6.821668 -0.002872 
45 47.614467 0.000000 18.210524 99.804784 0.000000 6.763275 -0.000674 
46 27.518435 0.000000 36.638417 99.811133 0.000000 7.318007 -0.001582 
47 17.470418 0.000000 -9.431316 99.225703 0.000000 6.372451 0.011365 
48 17.470418 0.000000 -18.645262 99.443957 0.000000 7.015582 0.006168 
49 27.518435 0.000000 -9.431316 99.614840 0.000000 6.385286 0.003611 
50 17.470418 0.000000 -0.217369 98.783134 0.000000 16.547295 -0.003192 
51 -2.625614 0.000000 8.996577 100.086850 0.000000 7.641828 -0.007577 
52 -12.673630 0.000000 8.996577 99.817170 0.000000 7.618011 -0.002150 
53 7.422402 0.000000 8.996577 100.702020 0.000000 7.034393 -0.019038 
54 -2.625614 0.000000 18.210524 99.959240 0.000000 7.497287 -0.004806 
55 2.398394 0.000000 -4.824342 98.853726 0.000000 7.678994 0.016897 
56 -2.625614 0.000000 -4.824342 99.358002 0.000000 7.829058 0.006669 
57 2.398394 0.000000 -9.431316 99.104804 0.000000 7.472598 0.012240 
58 7.422402 0.000000 -4.824342 98.021484 0.000000 7.005878 0.034271 
59 2.398394 0.000000 -0.217369 97.657155 0.000000 15.131421 0.023412 
60 17.470418 0.000000 8.996577 100.281828 0.000000 6.303986 -0.009619 
61 27.518435 0.000000 8.996577 99.921115 0.000000 6.395014 -0.002513 
62 17.470418 0.000000 18.210524 100.049147 0.000000 6.958621 -0.005825 
63 2.398394 0.000000 4.389604 100.731942 0.000000 7.843350 -0.020844 
64 -2.625614 0.000000 4.389604 100.081486 0.000000 7.877616 -0.007836 
65 7.422402 0.000000 4.389604 101.671722 0.000000 6.897816 -0.038472 
66 2.398394 0.000000 8.996577 100.406157 0.000000 7.479800 -0.013734 
67 12.446410 0.000000 4.389604 100.820255 0.000000 6.119542 -0.020217 
68 12.446410 0.000000 -0.217369 84.633681 0.000000 -27.107159 0.210234 
69 17.470418 0.000000 4.389604 100.025603 0.000000 7.345230 -0.005907 
70 12.446410 0.000000 8.996577 100.623233 0.000000 6.499596 -0.016728 
71 4.910398 0.000000 2.086117 101.435671 0.000000 10.512913 -0.039972 
72 2.398394 0.000000 2.086117 100.658656 0.000000 8.566273 -0.020555 
73 4.910398 0.000000 -0.217369 82.103128 0.000000 45.723683 0.116842 
74 7.422402 0.000000 2.086117 102.830016 0.000000 6.929373 -0.062203 
75 4.910398 0.000000 4.389604 101.184363 0.000000 7.651884 -0.029683 
76 12.446410 0.000000 -4.824342 98.526778 0.000000 5.985862 0.025664 
77 12.446410 0.000000 -9.431316 98.917815 0.000000 6.601456 0.017169 
78 17.470418 0.000000 -4.824342 99.226464 0.000000 6.324950 0.011410 
79 4.910398 0.000000 -2.520856 98.277872 0.000000 8.931404 0.026169 
80 2.398394 0.000000 -2.520856 98.710663 0.000000 8.215563 0.018871 
81 4.910398 0.000000 -4.824342 98.444150 0.000000 7.544843 0.025182 
82 7.422402 0.000000 -2.520856 96.986569 0.000000 7.175718 0.054211 
83 9.934406 0.000000 2.086117 101.574720 0.000000 7.185045 -0.036905 
84 9.934406 0.000000 -0.217369 98.938734 0.000000 -2.378583 0.020547 
85 12.446410 0.000000 2.086117 98.978564 0.000000 8.632980 0.012872 
86 9.934406 0.000000 4.389604 101.523509 0.000000 6.221662 -0.034573 
87 6.166400 0.000000 0.934374 111.861698 0.000000 13.557211 -0.269684 
88 4.910398 0.000000 0.934374 98.313736 0.000000 21.996656 -0.014944 
89 6.166400 0.000000 -0.217369 84.169162 0.000000 12.857093 0.275025 
90 7.422402 0.000000 0.934374 98.858846 0.000000 -2.368978 0.022132 
91 6.166400 0.000000 2.086117 103.445658 0.000000 8.989390 -0.078181 
92 9.934406 0.000000 -2.520856 97.342508 0.000000 5.818558 0.049058 
93 9.934406 0.000000 -4.824342 98.032385 0.000000 6.299561 0.034997 
94 12.446410 0.000000 -2.520856 99.210630 0.000000 5.675004 0.012505 
95 6.166400 0.000000 -1.369112 95.015361 0.000000 10.415075 0.086361 
96 4.910398 0.000000 -1.369112 98.751486 0.000000 13.886411 0.005531 
97 6.166400 0.000000 -2.520856 97.239393 0.000000 8.269112 0.047612 
98 7.422402 0.000000 -1.369112 95.923084 0.000000 7.240905 0.074633 
99 8.678404 0.000000 0.934374 99.205865 0.000000 -2.616123 0.015135 
100 8.678404 0.000000 -0.217369 99.205865 0.000000 -2.616123 0.015135 
101 9.934406 0.000000 0.934374 101.573586 0.000000 5.117320 -0.034338 
102 8.678404 0.000000 2.086117 101.915853 0.000000 6.817954 -0.043333 
103 6.794401 0.000000 0.358503 98.567722 0.000000 -1.958467 0.028057 
104 6.166400 0.000000 0.358503 97.760290 0.000000 9.934997 0.034422 
105 6.794401 0.000000 -0.217369 90.833789 0.000000 6.099381 0.171202 
106 7.422402 0.000000 0.358503 98.907516 0.000000 -2.377217 0.021165 
107 6.794401 0.000000 0.934374 106.719690 0.000000 6.384903 -0.142986 
108 -52.865695 0.000000 18.210524 99.727904 0.000000 7.531528 -0.000238 
109 -72.961727 0.000000 18.210524 99.722255 0.000000 7.525617 -0.000116 
110 -52.865695 0.000000 -0.217369 99.718113 0.000000 7.534716 -0.000047 
111 -52.865695 0.000000 36.638417 99.732419 0.000000 7.525121 -0.000318 
112 -22.721646 0.000000 8.996577 99.754778 0.000000 7.574985 -0.000840 
113 -32.769663 0.000000 8.996577 99.735303 0.000000 7.552563 -0.000417 
114 -22.721646 0.000000 -0.217369 99.719094 0.000000 7.586000 -0.000145 
115 -22.721646 0.000000 18.210524 99.771931 0.000000 7.552035 -0.001147 
116 -7.649622 0.000000 4.389604 99.846585 0.000000 7.731047 -0.002911 
117 -12.673630 0.000000 4.389604 99.778054 0.000000 7.651423 -0.001420 
118 -7.649622 0.000000 -0.217369 99.713228 0.000000 7.772999 -0.000315 
119 -7.649622 0.000000 8.996577 99.903340 0.000000 7.647633 -0.003916 
120 -0.113610 0.000000 2.086117 100.276548 0.000000 8.374071 -0.012551 
121 -2.625614 0.000000 2.086117 99.957086 0.000000 8.087423 -0.005683 
122 -0.113610 0.000000 -0.217369 99.366361 0.000000 8.668717 0.005118 
123 -0.113610 0.000000 4.389604 100.362928 0.000000 7.912339 -0.013532 
124 3.654396 0.000000 0.934374 97.556786 0.000000 12.598046 0.032396 
125 2.398394 0.000000 0.934374 100.365366 0.000000 9.968418 -0.017258 
126 3.654396 0.000000 -0.217369 97.859563 0.000000 9.060672 0.034141 
127 3.654396 0.000000 2.086117 100.361686 0.000000 9.293947 -0.015885 
128 5.538399 0.000000 0.358503 86.992356 0.000000 40.458450 0.079544 
129 4.910398 0.000000 0.358503 89.456506 0.000000 35.518523 0.073597 
130 5.538399 0.000000 -0.217369 81.382145 0.000000 47.771299 0.109485 
131 5.538399 0.000000 0.934374 106.224735 0.000000 23.678308 -0.184436 
132 -12.673630 0.000000 55.066309 99.759335 0.000000 7.500852 -0.000819 
133 -32.769663 0.000000 55.066309 99.743295 0.000000 7.515602 -0.000521 
134 7.422402 0.000000 55.066309 99.771162 0.000000 7.469349 -0.001008 
135 -12.673630 0.000000 73.494202 99.743783 0.000000 7.503061 -0.000512 
136 -2.625614 0.000000 27.424470 99.868002 0.000000 7.471688 -0.002944 
137 -12.673630 0.000000 27.424470 99.811480 0.000000 7.519230 -0.001887 
138 7.422402 0.000000 27.424470 99.912838 0.000000 7.370127 -0.003689 
139 -2.625614 0.000000 36.638417 99.815933 0.000000 7.474061 -0.001908 
140 2.398394 0.000000 13.603551 100.175804 0.000000 7.412415 -0.009014 
141 -2.625614 0.000000 13.603551 100.022712 0.000000 7.541390 -0.006142 
142 7.422402 0.000000 13.603551 100.299585 0.000000 7.169076 -0.011140 
143 2.398394 0.000000 18.210524 100.041069 0.000000 7.407157 -0.006308 
144 4.910398 0.000000 6.693091 100.834607 0.000000 7.351995 -0.022167 
145 2.398394 0.000000 6.693091 100.549988 0.000000 7.580478 -0.016776 
146 7.422402 0.000000 6.693091 101.061167 0.000000 6.961580 -0.026182 
147 4.910398 0.000000 8.996577 100.573912 0.000000 7.300371 -0.016841 
148 6.166400 0.000000 3.237861 102.067608 0.000000 7.756875 -0.047797 
149 4.910398 0.000000 3.237861 101.438886 0.000000 8.272975 -0.035829 
150 7.422402 0.000000 3.237861 102.144021 0.000000 6.926286 -0.048137 
151 6.166400 0.000000 4.389604 101.493693 0.000000 7.348912 -0.035498 
152 6.794401 0.000000 1.510246 104.661722 0.000000 7.882272 -0.101621 
153 6.166400 0.000000 1.510246 105.571789 0.000000 10.760269 -0.126119 
154 7.422402 0.000000 1.510246 103.116437 0.000000 6.971841 -0.068161 
155 6.794401 0.000000 2.086117 103.382690 0.000000 7.658354 -0.074663 
156 6.480401 0.000000 0.646438 98.533761 0.000000 -0.172032 0.029107 
157 6.166400 0.000000 0.646438 98.192708 0.000000 8.230291 0.029045 
158 6.480401 0.000000 0.358503 98.527065 0.000000 -0.424553 0.029224 
159 6.794401 0.000000 0.646438 98.568394 0.000000 -1.885957 0.028071 
160 6.480401 0.000000 0.934374 109.636162 0.000000 8.667386 -0.209521 
161 8.678404 0.000000 -1.369112 96.783041 0.000000 6.521015 0.059052 
162 8.678404 0.000000 -2.520856 97.191727 0.000000 6.419012 0.051256 
163 9.934406 0.000000 -1.369112 96.870174 0.000000 6.205884 0.057766 
164 8.050403 0.000000 0.358503 99.119728 0.000000 -2.557747 0.016874 
165 8.050403 0.000000 -0.217369 99.089986 0.000000 -2.557919 0.017463 
166 8.678404 0.000000 0.358503 99.211604 0.000000 -2.609701 0.015025 
167 8.050403 0.000000 0.934374 99.089986 0.000000 -2.557919 0.017463 
168 67.710499 0.000000 18.210524 99.787608 0.000000 6.701962 -0.000248 
169 67.710499 0.000000 -0.217369 99.733819 0.000000 7.238460 0.000077 
170 87.806532 0.000000 18.210524 99.787396 0.000000 6.630916 -0.000149 
171 67.710499 0.000000 36.638417 99.752144 0.000000 7.253473 -0.000310 
172 37.566451 0.000000 8.996577 99.828188 0.000000 6.530185 -0.000831 
173 37.566451 0.000000 -0.217369 99.487835 0.000000 10.291934 -0.000375 
174 47.614467 0.000000 8.996577 99.793014 0.000000 6.698422 -0.000351 
175 37.566451 0.000000 18.210524 99.834284 0.000000 6.785470 -0.001293 
176 22.494427 0.000000 4.389604 99.661397 0.000000 8.609425 -0.000652 
177 22.494427 0.000000 -0.217369 99.297666 0.000000 14.714679 -0.007655 
178 27.518435 0.000000 4.389604 99.553802 0.000000 10.241281 -0.001584 
179 22.494427 0.000000 8.996577 100.040832 0.000000 6.328282 -0.004822 
180 14.958414 0.000000 2.086117 98.829113 0.000000 13.672145 0.004588 
181 14.958414 0.000000 -0.217369 97.863445 0.000000 19.406044 0.004615 
182 17.470418 0.000000 2.086117 98.692771 0.000000 16.518775 -0.001313 
183 14.958414 0.000000 4.389604 100.297140 0.000000 6.746191 -0.010503 
184 11.190408 0.000000 0.934374 102.752584 0.000000 1.661046 -0.056085 
185 11.190408 0.000000 -0.217369 88.642735 0.000000 -1.619368 0.213984 
186 12.446410 0.000000 0.934374 92.388636 0.000000 5.726438 0.143155 
187 11.190408 0.000000 2.086117 100.837782 0.000000 7.197425 -0.022006 
188 9.306405 0.000000 0.358503 99.182218 0.000000 -2.562950 0.015632 
189 9.306405 0.000000 -0.217369 99.181596 0.000000 -2.564051 0.015644 
190 9.934406 0.000000 0.358503 98.942918 0.000000 -2.378007 0.020464 
191 9.306405 0.000000 0.934374 99.181596 0.000000 -2.564051 0.015644 
192 67.710499 0.000000 -18.645262 99.736733 0.000000 7.042310 0.000299 
193 67.710499 0.000000 -37.073155 99.710698 0.000000 7.337711 0.000393 
194 87.806532 0.000000 -18.645262 99.741692 0.000000 7.091338 0.000131 
195 37.566451 0.000000 -9.431316 99.726239 0.000000 6.471823 0.001279 
196 37.566451 0.000000 -18.645262 99.675785 0.000000 6.949270 0.001645 
197 47.614467 0.000000 -9.431316 99.758133 0.000000 6.538447 0.000556 
198 22.494427 0.000000 -4.824342 99.527103 0.000000 6.445702 0.005281 
199 22.494427 0.000000 -9.431316 99.475024 0.000000 6.348292 0.006442 
200 27.518435 0.000000 -4.824342 99.656248 0.000000 6.486328 0.002656 
201 14.958414 0.000000 -2.520856 99.347042 0.000000 7.650528 0.007163 
202 14.958414 0.000000 -4.824342 98.985045 0.000000 6.171463 0.016387 
203 17.470418 0.000000 -2.520856 99.298771 0.000000 7.826083 0.007851 
204 11.190408 0.000000 -1.369112 97.066085 0.000000 4.346064 0.055929 
205 11.190408 0.000000 -2.520856 98.004666 0.000000 5.363388 0.036632 
206 12.446410 0.000000 -1.369112 101.471383 0.000000 3.940998 -0.031197 
207 10.562407 0.000000 0.358503 98.066471 0.000000 -1.733083 0.037996 
208 10.562407 0.000000 -0.217369 93.908194 0.000000 3.975179 0.116545 
209 11.190408 0.000000 0.358503 95.042275 0.000000 -7.750813 0.090689 
210 10.562407 0.000000 0.934374 102.399652 0.000000 4.516130 -0.050608 
211 10.562407 0.000000 -0.793241 95.648155 0.000000 5.625456 0.081978 
212 9.934406 0.000000 -0.793241 96.563033 0.000000 6.585200 0.063222 
213 10.562407 0.000000 -1.369112 96.759571 0.000000 5.565634 0.060661 
214 11.190408 0.000000 -0.793241 94.815240 0.000000 2.825027 0.100209 
215 13.702412 0.000000 0.934374 94.214331 0.000000 19.759592 0.073322 
216 13.702412 0.000000 -0.217369 96.674963 0.000000 27.093163 -0.008009 
217 14.958414 0.000000 0.934374 97.011073 0.000000 23.557446 0.003390 
218 13.702412 0.000000 2.086117 98.443402 0.000000 11.690677 0.017222 
219 11.818409 0.000000 0.358503 84.709392 0.000000 -28.751939 0.199764 
220 11.818409 0.000000 -0.217369 81.430203 0.000000 -32.279328 0.232717 
221 12.446410 0.000000 0.358503 79.837254 0.000000 -5.351986 0.359737 
222 11.818409 0.000000 0.934374 97.719192 0.000000 0.109254 0.045095 
223 10.876408 0.000000 0.070567 97.343866 0.000000 -1.953450 0.052036 
224 10.562407 0.000000 0.070567 98.099782 0.000000 -1.767518 0.037331 
225 10.876408 0.000000 -0.217369 91.440583 0.000000 2.290459 0.163337 
226 11.190408 0.000000 0.070567 94.061182 0.000000 -10.421225 0.104389 
227 10.876408 0.000000 0.358503 97.265427 0.000000 -1.448381 0.053734 
228 -52.865695 0.000000 -18.645262 99.708338 0.000000 7.531604 0.000152 
229 -72.961727 0.000000 -18.645262 99.713280 0.000000 7.525678 0.000063 
230 -52.865695 0.000000 -37.073155 99.703761 0.000000 7.525364 0.000253 
231 -52.865695 0.000000 55.066309 99.732351 0.000000 7.519795 -0.000309 
232 -72.961727 0.000000 55.066309 99.726172 0.000000 7.520243 -0.000186 
233 -52.865695 0.000000 73.494202 99.730342 0.000000 7.516544 -0.000264 
234 -22.721646 0.000000 -9.431316 99.684105 0.000000 7.574247 0.000571 
235 -32.769663 0.000000 -9.431316 99.702403 0.000000 7.552426 0.000239 
236 -22.721646 0.000000 -18.645262 99.667813 0.000000 7.551794 0.000930 
237 27.518435 0.000000 55.066309 99.766189 0.000000 7.433208 -0.000855 
238 47.614467 0.000000 55.066309 99.752144 0.000000 7.410519 -0.000541 
239 27.518435 0.000000 73.494202 99.746575 0.000000 7.472160 -0.000521 
240 -22.721646 0.000000 27.424470 99.772642 0.000000 7.532502 -0.001132 
241 -32.769663 0.000000 27.424470 99.750330 0.000000 7.533330 -0.000688 
242 -22.721646 0.000000 36.638417 99.766063 0.000000 7.519842 -0.000982 
243 -7.649622 0.000000 -4.824342 99.589203 0.000000 7.719986 0.002239 
244 -12.673630 0.000000 -4.824342 99.660183 0.000000 7.648133 0.000935 
245 -7.649622 0.000000 -9.431316 99.543108 0.000000 7.638576 0.003282 
246 17.470418 0.000000 27.424470 99.902008 0.000000 7.248700 -0.003295 
247 27.518435 0.000000 27.424470 99.852022 0.000000 7.165049 -0.002176 
248 17.470418 0.000000 36.638417 99.830946 0.000000 7.364128 -0.002045 
249 -7.649622 0.000000 13.603551 99.904628 0.000000 7.580797 -0.003840 
250 -12.673630 0.000000 13.603551 99.832213 0.000000 7.582686 -0.002397 
251 -7.649622 0.000000 18.210524 99.885275 0.000000 7.538634 -0.003390 
252 -0.113610 0.000000 -2.520856 99.111540 0.000000 8.157367 0.011036 
253 -2.625614 0.000000 -2.520856 99.431659 0.000000 8.012170 0.004915 
254 -0.113610 0.000000 -4.824342 99.100366 0.000000 7.824201 0.011790 
255 12.446410 0.000000 13.603551 100.293588 0.000000 6.884207 -0.010620 
256 17.470418 0.000000 13.603551 100.168154 0.000000 6.677066 -0.007824 
257 12.446410 0.000000 18.210524 100.103764 0.000000 7.094062 -0.007109 
258 -0.113610 0.000000 6.693091 100.311183 0.000000 7.708309 -0.012175 
259 -2.625614 0.000000 6.693091 100.111706 0.000000 7.745439 -0.008235 
260 -0.113610 0.000000 8.996577 100.237575 0.000000 7.593793 -0.010524 
261 9.934406 0.000000 6.693091 101.122071 0.000000 6.502245 -0.026795 
262 12.446410 0.000000 6.693091 100.864441 0.000000 6.232142 -0.021248 
263 9.934406 0.000000 8.996577 100.723330 0.000000 6.745276 -0.019069 
264 3.654396 0.000000 3.237861 100.928939 0.000000 8.220000 -0.025422 
265 2.398394 0.000000 3.237861 100.740062 0.000000 8.089829 -0.021401 
266 3.654396 0.000000 4.389604 100.894841 0.000000 7.765925 -0.024008 
267 3.654396 0.000000 -1.369112 99.994836 0.000000 9.726055 -0.009356 
268 2.398394 0.000000 -1.369112 98.518296 0.000000 9.583564 0.020230 
269 3.654396 0.000000 -2.520856 98.827179 0.000000 8.422515 0.016225 
270 8.678404 0.000000 3.237861 101.919932 0.000000 6.422243 -0.042892 
271 9.934406 0.000000 3.237861 101.652200 0.000000 6.143522 -0.037091 
272 8.678404 0.000000 4.389604 101.695111 0.000000 6.495243 -0.038408 
273 5.538399 0.000000 1.510246 103.763710 0.000000 13.838995 -0.095843 
274 4.910398 0.000000 1.510246 100.876341 0.000000 13.923627 -0.036990 
275 5.538399 0.000000 2.086117 102.657046 0.000000 10.262541 -0.064379 
276 8.050403 0.000000 1.510246 102.075604 0.000000 7.148975 -0.047054 
277 8.678404 0.000000 1.510246 101.553613 0.000000 7.631060 -0.037137 
278 8.050403 0.000000 2.086117 102.292584 0.000000 6.717900 -0.050890 
279 9.306405 0.000000 -0.793241 96.917032 0.000000 6.688401 0.056235 
280 8.678404 0.000000 -0.793241 96.819214 0.000000 6.530961 0.058339 
281 9.306405 0.000000 -1.369112 96.913972 0.000000 6.442562 0.056618 
282 8.050403 0.000000 -0.793241 96.314216 0.000000 6.431235 0.068221 
283 7.422402 0.000000 -0.793241 95.242590 0.000000 6.825542 0.088226 
284 8.050403 0.000000 -1.369112 96.470410 0.000000 6.678423 0.064886 
285 13.702412 0.000000 -1.369112 101.458128 0.000000 10.573996 -0.040556 
286 13.702412 0.000000 -2.520856 99.637763 0.000000 7.012424 0.002314 
287 14.958414 0.000000 -1.369112 99.356532 0.000000 10.948026 0.000842 
288 11.818409 0.000000 -0.793241 96.902983 0.000000 -1.729248 0.060682 
289 11.818409 0.000000 -1.369112 98.642662 0.000000 3.219235 0.025926 
290 12.446410 0.000000 -0.793241 104.780438 0.000000 -2.399242 -0.098470 
291 67.710499 0.000000 55.066309 99.741252 0.000000 7.399176 -0.000307 
292 87.806532 0.000000 55.066309 99.735145 0.000000 7.391990 -0.000174 
293 67.710499 0.000000 73.494202 99.735036 0.000000 7.452641 -0.000262 
294 37.566451 0.000000 27.424470 99.810660 0.000000 7.125924 -0.001295 
295 47.614467 0.000000 27.424470 99.784504 0.000000 7.105368 -0.000743 
296 37.566451 0.000000 36.638417 99.788271 0.000000 7.289794 -0.001084 
297 22.494427 0.000000 13.603551 100.030261 0.000000 6.585324 -0.004942 
298 27.518435 0.000000 13.603551 99.934576 0.000000 6.555242 -0.002989 
299 22.494427 0.000000 18.210524 99.974702 0.000000 6.875166 -0.004221 
300 14.958414 0.000000 6.693091 100.532071 0.000000 6.196388 -0.014509 
301 17.470418 0.000000 6.693091 100.258676 0.000000 6.300590 -0.009150 
302 14.958414 0.000000 8.996577 100.453703 0.000000 6.356480 -0.013135 
303 11.190408 0.000000 3.237861 101.151285 0.000000 6.162080 -0.026955 
304 12.446410 0.000000 3.237861 100.459837 0.000000 6.600528 -0.013575 
305 11.190408 0.000000 4.389604 101.238043 0.000000 6.030769 -0.028551 
306 6.794401 0.000000 -0.793241 93.455808 0.000000 8.367780 0.119599 
307 6.166400 0.000000 -0.793241 91.603904 0.000000 12.298993 0.145746 
308 6.794401 0.000000 -1.369112 95.273299 0.000000 8.388156 0.085264 
309 5.538399 0.000000 -0.793241 92.266116 0.000000 18.894675 0.112996 
310 4.910398 0.000000 -0.793241 99.316262 0.000000 23.618921 -0.042157 
311 5.538399 0.000000 -1.369112 96.037846 0.000000 12.914934 0.060994 
312 9.306405 0.000000 1.510246 101.418111 0.000000 8.118204 -0.035154 
313 9.934406 0.000000 1.510246 101.462375 0.000000 8.270373 -0.036301 
314 9.306405 0.000000 2.086117 101.722070 0.000000 7.003830 -0.039643 
315 13.702412 0.000000 3.237861 99.992139 0.000000 7.525712 -0.005506 
316 14.958414 0.000000 3.237861 99.845365 0.000000 8.377512 -0.003928 
317 13.702412 0.000000 4.389604 100.535221 0.000000 6.407760 -0.014839 
318 10.562407 0.000000 1.510246 101.524955 0.000000 7.949447 -0.037051 
319 11.190408 0.000000 1.510246 100.981062 0.000000 7.167501 -0.024855 
320 10.562407 0.000000 2.086117 101.388699 0.000000 7.176843 -0.033118 
321 11.818409 0.000000 1.510246 99.091474 0.000000 7.198641 0.012906 
322 12.446410 0.000000 1.510246 97.060688 0.000000 9.269102 0.049331 
323 11.818409 0.000000 2.086117 99.917841 0.000000 7.572738 -0.004092 
1 1 12 10 11 
2 12 7 13 10 
3 7 16 15 13 
4 16 2 17 15 
5 10 25 23 24 
6 25 13 26 23 
7 13 32 31 26 
8 32 15 33 31 
9 23 41 39 40 
10 41 26 42 39 
11 26 48 47 42 
12 48 31 49 47 
13 39 57 55 56 
14 57 42 58 55 
15 42 77 76 58 
16 77 47 78 76 
17 55 81 79 80 
18 81 58 82 79 
19 58 93 92 82 
20 93 76 94 92 
21 79 97 95 96 
22 97 82 98 95 
23 89 105 103 104 
24 105 5 106 103 
25 103 106 90 107 
26 6 110 108 109 
27 110 14 36 108 
28 108 36 19 111 
29 109 108 111 20 
30 14 114 112 113 
31 114 27 52 112 
32 112 52 35 115 
33 113 112 115 36 
34 27 118 116 117 
35 118 43 64 116 
36 116 64 51 119 
37 117 116 119 52 
38 43 122 120 121 
39 122 59 72 120 
40 120 72 63 123 
41 121 120 123 64 
42 59 126 124 125 
43 126 73 88 124 
44 124 88 71 127 
45 125 124 127 72 
46 73 130 128 129 
47 130 89 104 128 
48 128 104 87 131 
49 129 128 131 88 
50 19 38 132 133 
51 38 21 134 132 
52 132 134 9 135 
53 133 132 135 22 
54 35 54 136 137 
55 54 37 138 136 
56 136 138 21 139 
57 137 136 139 38 
58 51 66 140 141 
59 66 53 142 140 
60 140 142 37 143 
61 141 140 143 54 
62 63 75 144 145 
63 75 65 146 144 
64 144 146 53 147 
65 145 144 147 66 
66 71 91 148 149 
67 91 74 150 148 
68 148 150 65 151 
69 149 148 151 75 
70 87 107 152 153 
71 107 90 154 152 
72 152 154 74 155 
73 153 152 155 91 
74 104 158 156 157 
75 158 103 159 156 
76 156 159 107 160 
77 157 156 160 87 
78 82 162 161 98 
79 162 92 163 161 
80 5 165 164 106 
81 165 100 166 164 
82 164 166 99 167 
83 106 164 167 90 
84 18 169 168 45 
85 169 8 170 168 
86 168 170 29 171 
87 45 168 171 28 
88 34 173 172 61 
89 173 18 174 172 
90 172 174 45 175 
91 61 172 175 44 
92 50 177 176 69 
93 177 34 178 176 
94 176 178 61 179 
95 69 176 179 60 
96 181 50 182 180 
97 180 182 69 183 
98 100 189 188 166 
99 189 84 190 188 
100 188 190 101 191 
101 166 188 191 99 
102 15 193 192 33 
103 193 17 194 192 
104 192 194 8 169 
105 33 192 169 18 
106 31 196 195 49 
107 196 33 197 195 
108 195 197 18 173 
109 49 195 173 34 
110 47 199 198 78 
111 199 49 200 198 
112 198 200 34 177 
113 78 198 177 50 
114 76 202 201 94 
115 202 78 203 201 
116 201 203 50 181 
117 92 205 204 163 
118 205 94 206 204 
119 84 208 207 190 
120 207 209 184 210 
121 190 207 210 101 
122 163 213 211 212 
123 213 204 214 211 
124 211 214 185 208 
125 212 211 208 84 
126 68 216 215 186 
127 216 181 217 215 
128 215 217 180 218 
129 186 215 218 85 
130 185 220 219 209 
131 220 68 221 219 
132 219 221 186 222 
133 209 219 222 184 
134 208 225 223 224 
135 225 185 226 223 
136 223 226 209 227 
137 224 223 227 207 
138 11 230 228 229 
139 230 10 24 228 
140 228 24 14 110 
141 229 228 110 6 
142 20 111 231 232 
143 111 19 133 231 
144 231 133 22 233 
145 232 231 233 4 
146 24 236 234 235 
147 236 23 40 234 
148 234 40 27 114 
149 235 234 114 14 
150 21 46 237 134 
151 46 28 238 237 
152 237 238 30 239 
153 134 237 239 9 
154 36 115 240 241 
155 115 35 137 240 
156 240 137 38 242 
157 241 240 242 19 
158 40 245 243 244 
159 245 39 56 243 
160 243 56 43 118 
161 244 243 118 27 
162 37 62 246 138 
163 62 44 247 246 
164 246 247 46 248 
165 138 246 248 21 
166 52 119 249 250 
167 119 51 141 249 
168 249 141 54 251 
169 250 249 251 35 
170 56 254 252 253 
171 254 55 80 252 
172 252 80 59 122 
173 253 252 122 43 
174 53 70 255 142 
175 70 60 256 255 
176 255 256 62 257 
177 142 255 257 37 
178 64 123 258 259 
179 123 63 145 258 
180 258 145 66 260 
181 259 258 260 51 
182 65 86 261 146 
183 86 67 262 261 
184 261 262 70 263 
185 146 261 263 53 
186 72 127 264 265 
187 127 71 149 264 
188 264 149 75 266 
189 265 264 266 63 
190 80 269 267 268 
191 269 79 96 267 
192 267 96 73 126 
193 268 267 126 59 
194 74 102 270 150 
195 102 83 271 270 
196 270 271 86 272 
197 150 270 272 65 
198 88 131 273 274 
199 131 87 153 273 
200 273 153 91 275 
201 274 273 275 71 
202 90 167 276 154 
203 167 99 277 276 
204 276 277 102 278 
205 154 276 278 74 
206 161 281 279 280 
207 281 163 212 279 
208 279 212 84 189 
209 280 279 189 100 
210 98 284 282 283 
211 284 161 280 282 
212 282 280 100 165 
213 283 282 165 5 
214 94 286 285 206 
215 286 201 287 285 
216 285 287 181 216 
217 206 285 216 68 
218 204 289 288 214 
219 289 206 290 288 
220 288 290 68 220 
221 214 288 220 185 
222 28 171 291 238 
223 171 29 292 291 
224 291 292 3 293 
225 238 291 293 30 
226 44 175 294 247 
227 175 45 295 294 
228 294 295 28 296 
229 247 294 296 46 
230 60 179 297 256 
231 179 61 298 297 
232 297 298 44 299 
233 256 297 299 62 
234 67 183 300 262 
235 183 69 301 300 
236 300 301 60 302 
237 262 300 302 70 
238 83 187 303 271 
239 187 85 304 303 
240 303 304 67 305 
241 271 303 305 86 
242 95 308 306 307 
243 308 98 283 306 
244 306 283 5 105 
245 307 306 105 89 
246 96 311 309 310 
247 311 95 307 309 
248 309 307 89 130 
249 310 309 130 73 
250 99 191 312 277 
251 191 101 313 312 
252 312 313 83 314 
253 277 312 314 102 
254 85 218 315 304 
255 218 180 316 315 
256 315 316 183 317 
257 304 315 317 67 
258 101 210 318 313 
259 210 184 319 318 
260 318 319 187 320 
261 313 318 320 83 
262 184 222 321 319 
263 222 186 322 321 
264 321 322 85 323 
265 319 321 323 187 
