2 0.000000 100.000000 410.334720
323 265 
1 -72.961727 0.000000 -73.928940 95.216945 0.000000 30.509141 0.000293 
2 87.806532 0.000000 -73.928940 95.231663 0.000000 30.404031 0.000653 
3 87.806532 0.000000 73.494202 95.364117 0.000000 30.148216 -0.000323 
4 -72.961727 0.000000 73.494202 95.264568 0.000000 30.505383 -0.000592 
5 7.422402 0.000000 -0.217369 88.288825 0.000000 16.540256 0.193150 
6 -72.961727 0.000000 -0.217369 95.243245 0.000000 30.531986 -0.000348 
7 7.422402 0.000000 -73.928940 95.172906 0.000000 30.445549 0.001519 
8 87.806532 0.000000 -0.217369 95.618836 0.000000 29.228512 0.000273 
9 7.422402 0.000000 73.494202 95.346883 0.000000 30.404785 -0.001548 
10 -32.769663 0.000000 -37.073155 95.162825 0.000000 30.534809 0.001166 
11 -72.961727 0.000000 -37.073155 95.220980 0.000000 30.522711 0.000133 
12 -32.769663 0.000000 -73.928940 95.193025 0.000000 30.497261 0.000821 
13 7.422402 0.000000 -37.073155 94.987143 0.000000 30.299535 0.005938 
14 -32.769663 0.000000 -0.217369 95.262708 0.000000 30.625661 -0.001291 
15 47.614467 0.000000 -37.073155 95.210367 0.000000 30.118765 0.002785 
16 47.614467 0.000000 -73.928940 95.201900 0.000000 30.399666 0.001246 
17 87.806532 0.000000 -37.073155 95.275412 0.000000 30.245581 0.000780 
18 47.614467 0.000000 -0.217369 96.139344 0.000000 27.351763 0.000911 
19 -32.769663 0.000000 36.638417 95.348450 0.000000 30.522878 -0.002297 
20 -72.961727 0.000000 36.638417 95.263902 0.000000 30.520112 -0.000669 
21 7.422402 0.000000 36.638417 95.645976 0.000000 30.168087 -0.005827 
22 -32.769663 0.000000 73.494202 95.300306 0.000000 30.485715 -0.001153 
23 -12.673630 0.000000 -18.645262 94.962016 0.000000 30.618125 0.004475 
24 -32.769663 0.000000 -18.645262 95.177403 0.000000 30.587507 0.000567 
25 -12.673630 0.000000 -37.073155 95.068841 0.000000 30.491104 0.003221 
26 7.422402 0.000000 -18.645262 94.397579 0.000000 29.859843 0.019749 
27 -12.673630 0.000000 -0.217369 95.317550 0.000000 30.973721 -0.004481 
28 47.614467 0.000000 36.638417 95.669577 0.000000 29.358348 -0.001458 
29 87.806532 0.000000 36.638417 96.129904 0.000000 27.727297 -0.000976 
30 47.614467 0.000000 73.494202 95.350268 0.000000 30.283556 -0.000877 
31 27.518435 0.000000 -18.645262 95.094971 0.000000 29.149100 0.010728 
32 27.518435 0.000000 -37.073155 95.093947 0.000000 30.115574 0.005019 
33 47.614467 0.000000 -18.645262 95.362632 0.000000 29.537573 0.003350 
34 27.518435 0.000000 -0.217369 95.510320 0.000000 28.579166 0.006101 
35 -12.673630 0.000000 18.210524 95.643123 0.000000 30.584083 -0.008299 
36 -32.769663 0.000000 18.210524 95.343888 0.000000 30.580027 -0.002560 
37 7.422402 0.000000 18.210524 96.552446 0.000000 29.505721 -0.019296 
38 -12.673630 0.000000 36.638417 95.483613 0.000000 30.454997 -0.004463 
39 -2.625614 0.000000 -9.431316 94.212740 0.000000 30.807709 0.017484 
40 -12.673630 0.000000 -9.431316 94.999281 0.000000 30.811663 0.002578 
41 -2.625614 0.000000 -18.645262 94.651853 0.000000 30.452034 0.011370 
42 7.422402 0.000000 -9.431316 92.966303 0.000000 28.945286 0.051944 
43 -2.625614 0.000000 -0.217369 95.438093 0.000000 32.784363 -0.018324 
44 27.518435 0.000000 18.210524 96.349174 0.000000 27.747098 -0.005306 
45 47.614467 0.000000 18.210524 95.332930 0.000000 30.269569 -0.000461 
46 27.518435 0.000000 36.638417 95.656040 0.000000 29.758138 -0.003562 
47 17.470418 0.000000 -9.431316 94.344677 0.000000 27.199026 0.035929 
48 17.470418 0.000000 -18.645262 94.674887 0.000000 29.227540 0.018242 
49 27.518435 0.000000 -9.431316 95.416374 0.000000 27.691676 0.012889 
50 17.470418 0.000000 -0.217369 92.744184 0.000000 36.654467 0.005497 
51 -2.625614 0.000000 8.996577 96.668716 0.000000 30.728671 -0.028909 
52 -12.673630 0.000000 8.996577 95.630936 0.000000 30.794448 -0.009357 
53 7.422402 0.000000 8.996577 98.580322 0.000000 28.181919 -0.051230 
54 -2.625614 0.000000 18.210524 96.078681 0.000000 30.349357 -0.015220 
55 2.398394 0.000000 -4.824342 91.922761 0.000000 30.171750 0.063987 
56 -2.625614 0.000000 -4.824342 94.027874 0.000000 31.540835 0.016393 
57 2.398394 0.000000 -9.431316 93.447973 0.000000 30.180343 0.035662 
58 7.422402 0.000000 -4.824342 90.755411 0.000000 27.592658 0.100210 
59 2.398394 0.000000 -0.217369 96.949370 0.000000 34.802389 -0.061039 
60 17.470418 0.000000 8.996577 96.845422 0.000000 27.049530 -0.011071 
61 27.518435 0.000000 8.996577 92.922288 0.000000 37.724029 -0.005765 
62 17.470418 0.000000 18.210524 96.508411 0.000000 28.469759 -0.012440 
63 2.398394 0.000000 4.389604 99.682875 0.000000 30.242401 -0.085128 
64 -2.625614 0.000000 4.389604 96.891164 0.000000 31.543494 -0.038289 
65 7.422402 0.000000 4.389604 101.422920 0.000000 27.070458 -0.101942 
66 2.398394 0.000000 8.996577 97.758251 0.000000 29.895978 -0.045045 
67 12.446410 0.000000 4.389604 91.326906 0.000000 39.204776 0.012238 
68 12.446410 0.000000 -0.217369 62.760223 0.000000 -20.041937 0.565948 
69 17.470418 0.000000 4.389604 92.175433 0.000000 36.167485 0.019560 
70 12.446410 0.000000 8.996577 98.193185 0.000000 26.486889 -0.034346 
71 4.910398 0.000000 2.086117 100.476168 0.000000 34.512583 -0.128658 
72 2.398394 0.000000 2.086117 101.366042 0.000000 31.319913 -0.125601 
73 4.910398 0.000000 -0.217369 84.259728 0.000000 47.111169 0.068084 
74 7.422402 0.000000 2.086117 96.438580 0.000000 47.068169 -0.151581 
75 4.910398 0.000000 4.389604 100.664132 0.000000 28.834336 -0.096469 
76 12.446410 0.000000 -4.824342 92.355095 0.000000 25.162935 0.083736 
77 12.446410 0.000000 -9.431316 93.367204 0.000000 27.656405 0.051769 
78 17.470418 0.000000 -4.824342 94.520284 0.000000 25.829461 0.039875 
79 4.910398 0.000000 -2.520856 90.482054 0.000000 28.307493 0.101168 
80 2.398394 0.000000 -2.520856 89.874586 0.000000 29.246409 0.106721 
81 4.910398 0.000000 -4.824342 91.349782 0.000000 29.018919 0.081312 
82 7.422402 0.000000 -2.520856 88.885488 0.000000 26.257586 0.140991 
83 9.934406 0.000000 2.086117 89.659036 0.000000 56.831326 -0.126854 
84 9.934406 0.000000 -0.217369 94.047911 0.000000 -2.261003 0.114988 
85 12.446410 0.000000 2.086117 96.826820 0.000000 26.688408 -0.008770 
86 9.934406 0.000000 4.389604 99.959512 0.000000 26.825640 -0.071152 
87 6.166400 0.000000 0.934374 105.591077 0.000000 44.688708 -0.314656 
88 4.910398 0.000000 0.934374 88.434634 0.000000 65.492072 -0.210990 
89 6.166400 0.000000 -0.217369 79.946928 0.000000 22.018321 0.312368 
90 7.422402 0.000000 0.934374 93.932429 0.000000 -2.250925 0.117163 
91 6.166400 0.000000 2.086117 100.796615 0.000000 38.612888 -0.165091 
92 9.934406 0.000000 -2.520856 89.695913 0.000000 24.277610 0.136524 
93 9.934406 0.000000 -4.824342 90.985476 0.000000 25.968933 0.104726 
94 12.446410 0.000000 -2.520856 93.480708 0.000000 24.455503 0.066329 
95 6.166400 0.000000 -1.369112 87.544155 0.000000 27.329795 0.158910 
96 4.910398 0.000000 -1.369112 91.593894 0.000000 29.066090 0.076572 
97 6.166400 0.000000 -2.520856 89.335723 0.000000 27.540808 0.126063 
98 7.422402 0.000000 -1.369112 87.988293 0.000000 25.134312 0.162633 
99 8.678404 0.000000 0.934374 94.502529 0.000000 -2.492093 0.106306 
100 8.678404 0.000000 -0.217369 94.502529 0.000000 -2.492093 0.106306 
101 9.934406 0.000000 0.934374 98.002297 0.000000 14.505460 0.018514 
102 8.678404 0.000000 2.086117 95.859627 0.000000 42.590947 -0.100306 
103 6.794401 0.000000 0.358503 94.242146 0.000000 -1.871470 0.111492 
104 6.166400 0.000000 0.358503 96.677850 0.000000 10.016793 0.055306 
105 6.794401 0.000000 -0.217369 85.136547 0.000000 17.159025 0.245734 
106 7.422402 0.000000 0.358503 94.059651 0.000000 -2.260557 0.114767 
107 6.794401 0.000000 0.934374 100.783705 0.000000 30.678899 -0.109855 
108 -52.865695 0.000000 18.210524 95.277576 0.000000 30.546642 -0.001091 
109 -72.961727 0.000000 18.210524 95.256056 0.000000 30.528109 -0.000568 
110 -52.865695 0.000000 -0.217369 95.248770 0.000000 30.557681 -0.000610 
111 -52.865695 0.000000 36.638417 95.289383 0.000000 30.526364 -0.001193 
112 -22.721646 0.000000 8.996577 95.389448 0.000000 30.676831 -0.004021 
113 -32.769663 0.000000 8.996577 95.312948 0.000000 30.611334 -0.002161 
114 -22.721646 0.000000 -0.217369 95.279498 0.000000 30.716295 -0.002167 
115 -22.721646 0.000000 18.210524 95.436478 0.000000 30.604062 -0.004473 
116 -7.649622 0.000000 4.389604 95.820486 0.000000 31.165548 -0.015286 
117 -12.673630 0.000000 4.389604 95.515213 0.000000 30.916767 -0.007900 
118 -7.649622 0.000000 -0.217369 95.358744 0.000000 31.354809 -0.007641 
119 -7.649622 0.000000 8.996577 95.965715 0.000000 30.856142 -0.016152 
120 -0.113610 0.000000 2.086117 98.638369 0.000000 33.061263 -0.082257 
121 -2.625614 0.000000 2.086117 96.562653 0.000000 32.336591 -0.037000 
122 -0.113610 0.000000 -0.217369 96.940376 0.000000 35.807662 -0.067963 
123 -0.113610 0.000000 4.389604 98.221639 0.000000 31.341654 -0.062979 
124 3.654396 0.000000 0.934374 93.288457 0.000000 42.150775 -0.047942 
125 2.398394 0.000000 0.934374 102.281768 0.000000 34.270648 -0.163604 
126 3.654396 0.000000 -0.217369 92.267249 0.000000 8.540206 0.141382 
127 3.654396 0.000000 2.086117 100.353650 0.000000 31.552679 -0.106643 
128 5.538399 0.000000 0.358503 89.981218 0.000000 42.035429 0.013640 
129 4.910398 0.000000 0.358503 87.280505 0.000000 57.591292 -0.093464 
130 5.538399 0.000000 -0.217369 85.181538 0.000000 50.089993 0.023510 
131 5.538399 0.000000 0.934374 98.158516 0.000000 63.200619 -0.362941 
132 -12.673630 0.000000 55.066309 95.379861 0.000000 30.445723 -0.002426 
133 -32.769663 0.000000 55.066309 95.324416 0.000000 30.495397 -0.001671 
134 7.422402 0.000000 55.066309 95.429485 0.000000 30.337959 -0.002718 
135 -12.673630 0.000000 73.494202 95.325406 0.000000 30.455099 -0.001445 
136 -2.625614 0.000000 27.424470 95.749038 0.000000 30.316916 -0.008699 
137 -12.673630 0.000000 27.424470 95.561650 0.000000 30.488552 -0.006158 
138 7.422402 0.000000 27.424470 95.908141 0.000000 29.969057 -0.009652 
139 -2.625614 0.000000 36.638417 95.573239 0.000000 30.345154 -0.005507 
140 2.398394 0.000000 13.603551 96.856263 0.000000 29.914487 -0.027601 
141 -2.625614 0.000000 13.603551 96.338314 0.000000 30.448347 -0.020817 
142 7.422402 0.000000 13.603551 97.225846 0.000000 29.056696 -0.029716 
143 2.398394 0.000000 18.210524 96.346053 0.000000 30.017606 -0.018362 
144 4.910398 0.000000 6.693091 99.268211 0.000000 28.869438 -0.068762 
145 2.398394 0.000000 6.693091 98.488715 0.000000 29.966146 -0.059800 
146 7.422402 0.000000 6.693091 99.765106 0.000000 27.503963 -0.070954 
147 4.910398 0.000000 8.996577 98.248765 0.000000 29.129773 -0.050136 
148 6.166400 0.000000 3.237861 102.035405 0.000000 29.137394 -0.126021 
149 4.910398 0.000000 3.237861 101.300845 0.000000 29.617287 -0.113904 
150 7.422402 0.000000 3.237861 101.742708 0.000000 28.951154 -0.118975 
151 6.166400 0.000000 4.389604 101.167698 0.000000 28.000917 -0.101895 
152 6.794401 0.000000 1.510246 97.218942 0.000000 52.732510 -0.223224 
153 6.166400 0.000000 1.510246 98.046808 0.000000 54.163226 -0.254683 
154 7.422402 0.000000 1.510246 95.961094 0.000000 54.673111 -0.219768 
155 6.794401 0.000000 2.086117 99.021294 0.000000 42.324757 -0.159660 
156 6.480401 0.000000 0.646438 95.400873 0.000000 -0.133959 0.089866 
157 6.166400 0.000000 0.646438 96.918177 0.000000 8.251403 0.053878 
158 6.480401 0.000000 0.358503 95.447421 0.000000 -0.387893 0.088964 
159 6.794401 0.000000 0.646438 94.357676 0.000000 -1.803285 0.109338 
160 6.480401 0.000000 0.934374 103.506803 0.000000 36.084632 -0.201576 
161 8.678404 0.000000 -1.369112 88.901214 0.000000 25.065352 0.146830 
162 8.678404 0.000000 -2.520856 89.163528 0.000000 25.144367 0.141763 
163 9.934406 0.000000 -1.369112 89.447165 0.000000 25.424338 0.135281 
164 8.050403 0.000000 0.358503 94.221889 0.000000 -2.431380 0.111632 
165 8.050403 0.000000 -0.217369 94.092754 0.000000 -2.428920 0.114065 
166 8.678404 0.000000 0.358503 94.537312 0.000000 -2.486748 0.105651 
167 8.050403 0.000000 0.934374 94.092754 0.000000 -2.428920 0.114065 
168 67.710499 0.000000 18.210524 94.464414 0.000000 32.895976 -0.000567 
169 67.710499 0.000000 -0.217369 95.828507 0.000000 28.506591 0.000427 
170 87.806532 0.000000 18.210524 95.997796 0.000000 28.096877 -0.000501 
171 67.710499 0.000000 36.638417 95.813912 0.000000 28.761599 -0.000754 
172 37.566451 0.000000 8.996577 94.988684 0.000000 31.168858 0.000565 
173 37.566451 0.000000 -0.217369 96.172482 0.000000 26.964705 0.002376 
174 47.614467 0.000000 8.996577 92.761234 0.000000 38.109391 -0.005697 
175 37.566451 0.000000 18.210524 96.354753 0.000000 27.233030 -0.002588 
176 22.494427 0.000000 4.389604 92.378808 0.000000 32.622071 0.040196 
177 22.494427 0.000000 -0.217369 94.978636 0.000000 31.151884 0.000862 
178 27.518435 0.000000 4.389604 95.072807 0.000000 30.536056 0.002871 
179 22.494427 0.000000 8.996577 85.882532 0.000000 59.361406 -0.089959 
180 14.958414 0.000000 2.086117 87.069332 0.000000 49.222646 -0.000394 
181 14.958414 0.000000 -0.217369 89.165738 0.000000 45.083629 0.001694 
182 17.470418 0.000000 2.086117 85.216710 0.000000 33.565569 0.161146 
183 14.958414 0.000000 4.389604 89.844204 0.000000 44.425667 -0.004562 
184 11.190408 0.000000 0.934374 94.390811 0.000000 13.577667 0.090602 
185 11.190408 0.000000 -0.217369 81.242688 0.000000 14.130550 0.319995 
186 12.446410 0.000000 0.934374 74.904714 0.000000 31.318159 0.340846 
187 11.190408 0.000000 2.086117 93.799186 0.000000 40.801824 -0.046308 
188 9.306405 0.000000 0.358503 94.608329 0.000000 -2.444765 0.104329 
189 9.306405 0.000000 -0.217369 94.609542 0.000000 -2.445854 0.104305 
190 9.934406 0.000000 0.358503 94.056332 0.000000 -2.260735 0.114830 
191 9.306405 0.000000 0.934374 94.609542 0.000000 -2.445854 0.104305 
192 67.710499 0.000000 -18.645262 95.378169 0.000000 29.824040 0.001353 
193 67.710499 0.000000 -37.073155 95.261140 0.000000 30.184988 0.001418 
194 87.806532 0.000000 -18.645262 95.356799 0.000000 30.006254 0.000671 
195 37.566451 0.000000 -9.431316 95.632439 0.000000 28.313447 0.005279 
196 37.566451 0.000000 -18.645262 95.304037 0.000000 29.351404 0.005564 
197 47.614467 0.000000 -9.431316 95.624829 0.000000 28.799679 0.002647 
198 22.494427 0.000000 -4.824342 95.444901 0.000000 26.319205 0.019757 
199 22.494427 0.000000 -9.431316 95.057268 0.000000 27.361248 0.021548 
200 27.518435 0.000000 -4.824342 95.791643 0.000000 26.752024 0.010829 
201 14.958414 0.000000 -2.520856 94.171797 0.000000 27.269489 0.038805 
202 14.958414 0.000000 -4.824342 93.697590 0.000000 25.466678 0.057221 
203 17.470418 0.000000 -2.520856 94.615553 0.000000 27.236764 0.030606 
204 11.190408 0.000000 -1.369112 90.364883 0.000000 23.654221 0.127467 
205 11.190408 0.000000 -2.520856 91.188564 0.000000 23.739336 0.112109 
206 12.446410 0.000000 -1.369112 96.991235 0.000000 23.612707 0.003514 
207 10.562407 0.000000 0.358503 91.817844 0.000000 -1.626652 0.156684 
208 10.562407 0.000000 -0.217369 87.433689 0.000000 19.788064 0.196378 
209 11.190408 0.000000 0.358503 84.615508 0.000000 -6.758368 0.279454 
210 10.562407 0.000000 0.934374 97.363725 0.000000 14.125832 0.032077 
211 10.562407 0.000000 -0.793241 88.764894 0.000000 25.810473 0.145461 
212 9.934406 0.000000 -0.793241 89.578822 0.000000 26.430232 0.127708 
213 10.562407 0.000000 -1.369112 89.647020 0.000000 25.005080 0.133816 
214 11.190408 0.000000 -0.793241 87.923092 0.000000 22.972526 0.174179 
215 13.702412 0.000000 0.934374 71.000700 0.000000 63.675206 0.090437 
216 13.702412 0.000000 -0.217369 83.925760 0.000000 64.841528 -0.124796 
217 14.958414 0.000000 0.934374 79.829924 0.000000 62.572176 -0.028809 
218 13.702412 0.000000 2.086117 90.449398 0.000000 34.608453 0.062116 
219 11.818409 0.000000 0.358503 66.791485 0.000000 -22.538096 0.503093 
220 11.818409 0.000000 -0.217369 61.056336 0.000000 -24.195494 0.568670 
221 12.446410 0.000000 0.358503 51.905406 0.000000 19.956061 0.690758 
222 11.818409 0.000000 0.934374 84.892263 0.000000 17.811684 0.247605 
223 10.876408 0.000000 0.070567 89.967840 0.000000 -1.788784 0.190259 
224 10.562407 0.000000 0.070567 91.902385 0.000000 -1.658742 0.155120 
225 10.876408 0.000000 -0.217369 84.629302 0.000000 18.307147 0.250273 
226 11.190408 0.000000 0.070567 82.805259 0.000000 -8.938671 0.306339 
227 10.876408 0.000000 0.358503 89.771516 0.000000 -1.329444 0.193931 
228 -52.865695 0.000000 -18.645262 95.218845 0.000000 30.549528 0.000010 
229 -72.961727 0.000000 -18.645262 95.230003 0.000000 30.529533 -0.000081 
230 -52.865695 0.000000 -37.073155 95.204100 0.000000 30.531428 0.000401 
231 -52.865695 0.000000 55.066309 95.286499 0.000000 30.509263 -0.001033 
232 -72.961727 0.000000 55.066309 95.266086 0.000000 30.511812 -0.000660 
233 -52.865695 0.000000 73.494202 95.279198 0.000000 30.500009 -0.000838 
234 -22.721646 0.000000 -9.431316 95.165802 0.000000 30.686586 0.000180 
235 -32.769663 0.000000 -9.431316 95.211444 0.000000 30.615212 -0.000251 
236 -22.721646 0.000000 -18.645262 95.112190 0.000000 30.618037 0.001621 
237 27.518435 0.000000 55.066309 95.439776 0.000000 30.199312 -0.002075 
238 47.614467 0.000000 55.066309 95.435194 0.000000 30.064917 -0.001178 
239 27.518435 0.000000 73.494202 95.351722 0.000000 30.343970 -0.001271 
240 -22.721646 0.000000 27.424470 95.430422 0.000000 30.542263 -0.003980 
241 -32.769663 0.000000 27.424470 95.353258 0.000000 30.548060 -0.002543 
242 -22.721646 0.000000 36.638417 95.403572 0.000000 30.503995 -0.003234 
243 -7.649622 0.000000 -4.824342 94.901670 0.000000 31.173598 0.002188 
244 -12.673630 0.000000 -4.824342 95.119429 0.000000 30.923182 -0.000395 
245 -7.649622 0.000000 -9.431316 94.746152 0.000000 30.890265 0.006896 
246 17.470418 0.000000 27.424470 95.932148 0.000000 29.525980 -0.007476 
247 27.518435 0.000000 27.424470 95.888495 0.000000 29.144521 -0.004401 
248 17.470418 0.000000 36.638417 95.668108 0.000000 29.959696 -0.004997 
249 -7.649622 0.000000 13.603551 95.921331 0.000000 30.636266 -0.013948 
250 -12.673630 0.000000 13.603551 95.661748 0.000000 30.674557 -0.009210 
251 -7.649622 0.000000 18.210524 95.828596 0.000000 30.518305 -0.011449 
252 -0.113610 0.000000 -2.520856 92.122429 0.000000 32.697257 0.044435 
253 -2.625614 0.000000 -2.520856 94.308368 0.000000 32.311926 0.006187 
254 -0.113610 0.000000 -4.824342 92.931418 0.000000 31.304832 0.038376 
255 12.446410 0.000000 13.603551 97.231135 0.000000 28.091490 -0.024303 
256 17.470418 0.000000 13.603551 96.970215 0.000000 27.387441 -0.015329 
257 12.446410 0.000000 18.210524 96.589635 0.000000 28.962039 -0.016836 
258 -0.113610 0.000000 6.693091 97.631239 0.000000 30.715503 -0.047530 
259 -2.625614 0.000000 6.693091 96.837893 0.000000 31.032130 -0.034057 
260 -0.113610 0.000000 8.996577 97.203887 0.000000 30.425261 -0.037429 
261 9.934406 0.000000 6.693091 99.621243 0.000000 26.149481 -0.060819 
262 12.446410 0.000000 6.693091 98.448058 0.000000 25.800824 -0.035770 
263 9.934406 0.000000 8.996577 98.576420 0.000000 27.204393 -0.045739 
264 3.654396 0.000000 3.237861 100.776535 0.000000 29.936897 -0.105213 
265 2.398394 0.000000 3.237861 100.422535 0.000000 30.588248 -0.102033 
266 3.654396 0.000000 4.389604 100.160832 0.000000 29.495948 -0.090220 
267 3.654396 0.000000 -1.369112 91.449819 0.000000 23.673347 0.107650 
268 2.398394 0.000000 -1.369112 87.632925 0.000000 24.260706 0.173189 
269 3.654396 0.000000 -2.520856 90.598440 0.000000 28.208617 0.099620 
270 8.678404 0.000000 3.237861 99.690328 0.000000 31.352158 -0.092112 
271 9.934406 0.000000 3.237861 94.274367 0.000000 41.114566 -0.057806 
272 8.678404 0.000000 4.389604 101.120739 0.000000 26.461125 -0.092559 
273 5.538399 0.000000 1.510246 97.307326 0.000000 51.733557 -0.214508 
274 4.910398 0.000000 1.510246 96.781349 0.000000 44.962228 -0.138823 
275 5.538399 0.000000 2.086117 101.035349 0.000000 36.447123 -0.153653 
276 8.050403 0.000000 1.510246 91.988447 0.000000 67.790562 -0.305743 
277 8.678404 0.000000 1.510246 92.133181 0.000000 55.638508 -0.158417 
278 8.050403 0.000000 2.086117 95.287842 0.000000 47.846932 -0.136910 
279 9.306405 0.000000 -0.793241 89.756328 0.000000 25.794053 0.127847 
280 8.678404 0.000000 -0.793241 89.485113 0.000000 24.895666 0.137262 
281 9.306405 0.000000 -1.369112 89.229059 0.000000 25.322355 0.139695 
282 8.050403 0.000000 -0.793241 88.890476 0.000000 24.001518 0.152241 
283 7.422402 0.000000 -0.793241 87.887354 0.000000 23.574936 0.172004 
284 8.050403 0.000000 -1.369112 88.499254 0.000000 24.883640 0.154869 
285 13.702412 0.000000 -1.369112 96.839428 0.000000 33.460573 -0.049748 
286 13.702412 0.000000 -2.520856 94.398077 0.000000 26.465006 0.038861 
287 14.958414 0.000000 -1.369112 93.624720 0.000000 32.629892 0.016970 
288 11.818409 0.000000 -0.793241 90.497497 0.000000 17.421142 0.150671 
289 11.818409 0.000000 -1.369112 92.753636 0.000000 22.446674 0.089291 
290 12.446410 0.000000 -0.793241 101.471331 0.000000 15.964544 -0.055130 
291 67.710499 0.000000 55.066309 95.452120 0.000000 29.913541 -0.000593 
292 87.806532 0.000000 55.066309 95.508237 0.000000 29.690681 -0.000336 
293 67.710499 0.000000 73.494202 95.352173 0.000000 30.222033 -0.000541 
294 37.566451 0.000000 27.424470 95.899914 0.000000 28.780033 -0.002508 
295 47.614467 0.000000 27.424470 95.985325 0.000000 28.336481 -0.001614 
296 37.566451 0.000000 36.638417 95.648553 0.000000 29.567938 -0.002291 
297 22.494427 0.000000 13.603551 96.697836 0.000000 27.040868 -0.008168 
298 27.518435 0.000000 13.603551 96.480438 0.000000 27.133302 -0.004469 
299 22.494427 0.000000 18.210524 96.403839 0.000000 28.077903 -0.008207 
300 14.958414 0.000000 6.693091 96.141272 0.000000 28.138988 -0.003495 
301 17.470418 0.000000 6.693091 85.536426 0.000000 42.810837 0.085075 
302 14.958414 0.000000 8.996577 97.582205 0.000000 26.327621 -0.021543 
303 11.190408 0.000000 3.237861 89.798691 0.000000 46.832958 -0.025713 
304 12.446410 0.000000 3.237861 84.052765 0.000000 44.777584 0.093010 
305 11.190408 0.000000 4.389604 97.464633 0.000000 29.446008 -0.036642 
306 6.794401 0.000000 -0.793241 86.430760 0.000000 24.138673 0.194705 
307 6.166400 0.000000 -0.793241 85.253582 0.000000 26.808409 0.201314 
308 6.794401 0.000000 -1.369112 87.482012 0.000000 25.814917 0.168049 
309 5.538399 0.000000 -0.793241 86.722385 0.000000 31.328626 0.149775 
310 4.910398 0.000000 -0.793241 93.964363 0.000000 33.029451 0.007975 
311 5.538399 0.000000 -1.369112 88.866165 0.000000 29.109292 0.125545 
312 9.306405 0.000000 1.510246 97.384015 0.000000 35.364839 -0.073432 
313 9.934406 0.000000 1.510246 96.238463 0.000000 39.722603 -0.083973 
314 9.306405 0.000000 2.086117 95.005206 0.000000 40.187292 -0.064101 
315 13.702412 0.000000 3.237861 92.886913 0.000000 34.998481 0.014713 
316 14.958414 0.000000 3.237861 93.406844 0.000000 33.766211 0.013500 
317 13.702412 0.000000 4.389604 83.131414 0.000000 55.175335 0.004485 
318 10.562407 0.000000 1.510246 90.070169 0.000000 63.462145 -0.214008 
319 11.190408 0.000000 1.510246 92.190081 0.000000 38.338819 0.003112 
320 10.562407 0.000000 2.086117 87.559090 0.000000 67.044474 -0.216156 
321 11.818409 0.000000 1.510246 89.479952 0.000000 30.138718 0.108500 
322 12.446410 0.000000 1.510246 84.451462 0.000000 28.509321 0.205517 
323 11.818409 0.000000 2.086117 95.117205 0.000000 34.786818 -0.025741 
1 1 12 10 11 
2 12 7 13 10 
3 7 16 15 13 
4 16 2 17 15 
5 10 25 23 24 
6 25 13 26 23 
7 13 32 31 26 
8 32 15 33 31 
9 23 41 39 40 
10 41 26 42 39 
11 26 48 47 42 
12 48 31 49 47 
13 39 57 55 56 
14 57 42 58 55 
15 42 77 76 58 
16 77 47 78 76 
17 55 81 79 80 
18 81 58 82 79 
19 58 93 92 82 
20 93 76 94 92 
21 79 97 95 96 
22 97 82 98 95 
23 89 105 103 104 
24 105 5 106 103 
25 103 106 90 107 
26 6 110 108 109 
27 110 14 36 108 
28 108 36 19 111 
29 109 108 111 20 
30 14 114 112 113 
31 114 27 52 112 
32 112 52 35 115 
33 113 112 115 36 
34 27 118 116 117 
35 118 43 64 116 
36 116 64 51 119 
37 117 116 119 52 
38 43 122 120 121 
39 122 59 72 120 
40 120 72 63 123 
41 121 120 123 64 
42 59 126 124 125 
43 126 73 88 124 
44 124 88 71 127 
45 125 124 127 72 
46 73 130 128 129 
47 130 89 104 128 
48 128 104 87 131 
49 129 128 131 88 
50 19 38 132 133 
51 38 21 134 132 
52 132 134 9 135 
53 133 132 135 22 
54 35 54 136 137 
55 54 37 138 136 
56 136 138 21 139 
57 137 136 139 38 
58 51 66 140 141 
59 66 53 142 140 
60 140 142 37 143 
61 141 140 143 54 
62 63 75 144 145 
63 75 65 146 144 
64 144 146 53 147 
65 145 144 147 66 
66 71 91 148 149 
67 91 74 150 148 
68 148 150 65 151 
69 149 148 151 75 
70 87 107 152 153 
71 107 90 154 152 
72 152 154 74 155 
73 153 152 155 91 
74 104 158 156 157 
75 158 103 159 156 
76 156 159 107 160 
77 157 156 160 87 
78 82 162 161 98 
79 162 92 163 161 
80 5 165 164 106 
81 165 100 166 164 
82 164 166 99 167 
83 106 164 167 90 
84 18 169 168 45 
85 169 8 170 168 
86 168 170 29 171 
87 45 168 171 28 
88 34 173 172 61 
89 173 18 174 172 
90 172 174 45 175 
91 61 172 175 44 
92 50 177 176 69 
93 177 34 178 176 
94 176 178 61 179 
95 69 176 179 60 
96 181 50 182 180 
97 180 182 69 183 
98 100 189 188 166 
99 189 84 190 188 
100 188 190 101 191 
101 166 188 191 99 
102 15 193 192 33 
103 193 17 194 192 
104 192 194 8 169 
105 33 192 169 18 
106 31 196 195 49 
107 196 33 197 195 
108 195 197 18 173 
109 49 195 173 34 
110 47 199 198 78 
111 199 49 200 198 
112 198 200 34 177 
113 78 198 177 50 
114 76 202 201 94 
115 202 78 203 201 
116 201 203 50 181 
117 92 205 204 163 
118 205 94 206 204 
119 84 208 207 190 
120 207 209 184 210 
121 190 207 210 101 
122 163 213 211 212 
123 213 204 214 211 
124 211 214 185 208 
125 212 211 208 84 
126 68 216 215 186 
127 216 181 217 215 
128 215 217 180 218 
129 186 215 218 85 
130 185 220 219 209 
131 220 68 221 219 
132 219 221 186 222 
133 209 219 222 184 
134 208 225 223 224 
135 225 185 226 223 
136 223 226 209 227 
137 224 223 227 207 
138 11 230 228 229 
139 230 10 24 228 
140 228 24 14 110 
141 229 228 110 6 
142 20 111 231 232 
143 111 19 133 231 
144 231 133 22 233 
145 232 231 233 4 
146 24 236 234 235 
147 236 23 40 234 
148 234 40 27 114 
149 235 234 114 14 
150 21 46 237 134 
151 46 28 238 237 
152 237 238 30 239 
153 134 237 239 9 
154 36 115 240 241 
155 115 35 137 240 
156 240 137 38 242 
157 241 240 242 19 
158 40 245 243 244 
159 245 39 56 243 
160 243 56 43 118 
161 244 243 118 27 
162 37 62 246 138 
163 62 44 247 246 
164 246 247 46 248 
165 138 246 248 21 
166 52 119 249 250 
167 119 51 141 249 
168 249 141 54 251 
169 250 249 251 35 
170 56 254 252 253 
171 254 55 80 252 
172 252 80 59 122 
173 253 252 122 43 
174 53 70 255 142 
175 70 60 256 255 
176 255 256 62 257 
177 142 255 257 37 
178 64 123 258 259 
179 123 63 145 258 
180 258 145 66 260 
181 259 258 260 51 
182 65 86 261 146 
183 86 67 262 261 
184 261 262 70 263 
185 146 261 263 53 
186 72 127 264 265 
187 127 71 149 264 
188 264 149 75 266 
189 265 264 266 63 
190 80 269 267 268 
191 269 79 96 267 
192 267 96 73 126 
193 268 267 126 59 
194 74 102 270 150 
195 102 83 271 270 
196 270 271 86 272 
197 150 270 272 65 
198 88 131 273 274 
199 131 87 153 273 
200 273 153 91 275 
201 274 273 275 71 
202 90 167 276 154 
203 167 99 277 276 
204 276 277 102 278 
205 154 276 278 74 
206 161 281 279 280 
207 281 163 212 279 
208 279 212 84 189 
209 280 279 189 100 
210 98 284 282 283 
211 284 161 280 282 
212 282 280 100 165 
213 283 282 165 5 
214 94 286 285 206 
215 286 201 287 285 
216 285 287 181 216 
217 206 285 216 68 
218 204 289 288 214 
219 289 206 290 288 
220 288 290 68 220 
221 214 288 220 185 
222 28 171 291 238 
223 171 29 292 291 
224 291 292 3 293 
225 238 291 293 30 
226 44 175 294 247 
227 175 45 295 294 
228 294 295 28 296 
229 247 294 296 46 
230 60 179 297 256 
231 179 61 298 297 
232 297 298 44 299 
233 256 297 299 62 
234 67 183 300 262 
235 183 69 301 300 
236 300 301 60 302 
237 262 300 302 70 
238 83 187 303 271 
239 187 85 304 303 
240 303 304 67 305 
241 271 303 305 86 
242 95 308 306 307 
243 308 98 283 306 
244 306 283 5 105 
245 307 306 105 89 
246 96 311 309 310 
247 311 95 307 309 
248 309 307 89 130 
249 310 309 130 73 
250 99 191 312 277 
251 191 101 313 312 
252 312 313 83 314 
253 277 312 314 102 
254 85 218 315 304 
255 218 180 316 315 
256 315 316 183 317 
257 304 315 317 67 
258 101 210 318 313 
259 210 184 319 318 
260 318 319 187 320 
261 313 318 320 83 
262 184 222 321 319 
263 222 186 322 321 
264 321 322 85 323 
265 319 321 323 187 
