2 0.000000 100.000000 410.334720
323 265 
1 -72.961727 0.000000 -73.928940 99.986686 0.000000 -1.503941 0.000040 
2 87.806532 0.000000 -73.928940 99.985947 0.000000 -1.519669 0.000050 
3 87.806532 0.000000 73.494202 99.991036 0.000000 -1.518997 -0.000051 
4 -72.961727 0.000000 73.494202 99.990614 0.000000 -1.503883 -0.000038 
5 7.422402 0.000000 -0.217369 95.680927 0.000000 -1.608324 0.084257 
6 -72.961727 0.000000 -0.217369 99.988581 0.000000 -1.502000 0.000003 
7 7.422402 0.000000 -73.928940 99.981269 0.000000 -1.510503 0.000146 
8 87.806532 0.000000 -0.217369 100.027287 0.000000 1.059955 -0.000658 
9 7.422402 0.000000 73.494202 99.996045 0.000000 -1.510391 -0.000149 
10 -32.769663 0.000000 -37.073155 99.981891 0.000000 -1.502030 0.000137 
11 -72.961727 0.000000 -37.073155 99.986929 0.000000 -1.502811 0.000036 
12 -32.769663 0.000000 -73.928940 99.984209 0.000000 -1.505100 0.000089 
13 7.422402 0.000000 -37.073155 99.961262 0.000000 -1.521519 0.000543 
14 -32.769663 0.000000 -0.217369 99.988072 0.000000 -1.496279 0.000015 
15 47.614467 0.000000 -37.073155 99.976836 0.000000 -1.558213 0.000220 
16 47.614467 0.000000 -73.928940 99.983028 0.000000 -1.517376 0.000109 
17 87.806532 0.000000 -37.073155 99.985396 0.000000 -1.560230 0.000049 
18 47.614467 0.000000 -0.217369 100.043328 0.000000 2.137880 -0.001324 
19 -32.769663 0.000000 36.638417 99.995196 0.000000 -1.501663 -0.000129 
20 -72.961727 0.000000 36.638417 99.990298 0.000000 -1.502741 -0.000032 
21 7.422402 0.000000 36.638417 100.016503 0.000000 -1.521311 -0.000562 
22 -32.769663 0.000000 73.494202 99.993095 0.000000 -1.504978 -0.000088 
23 -12.673630 0.000000 -18.645262 99.970240 0.000000 -1.493574 0.000372 
24 -32.769663 0.000000 -18.645262 99.983106 0.000000 -1.498498 0.000113 
25 -12.673630 0.000000 -37.073155 99.973495 0.000000 -1.504796 0.000304 
26 7.422402 0.000000 -18.645262 99.902002 0.000000 -1.526768 0.001726 
27 -12.673630 0.000000 -0.217369 99.984449 0.000000 -1.484278 0.000091 
28 47.614467 0.000000 36.638417 99.999126 0.000000 -1.556942 -0.000225 
29 87.806532 0.000000 36.638417 99.990427 0.000000 -1.555816 -0.000051 
30 47.614467 0.000000 73.494202 99.994081 0.000000 -1.517131 -0.000112 
31 27.518435 0.000000 -18.645262 99.937999 0.000000 -1.651737 0.000967 
32 27.518435 0.000000 -37.073155 99.965207 0.000000 -1.547862 0.000456 
33 47.614467 0.000000 -18.645262 99.974852 0.000000 -1.656721 0.000228 
34 27.518435 0.000000 -0.217369 100.033283 0.000000 1.875247 -0.001017 
35 -12.673630 0.000000 18.210524 100.005795 0.000000 -1.491034 -0.000338 
36 -32.769663 0.000000 18.210524 99.993500 0.000000 -1.498036 -0.000094 
37 7.422402 0.000000 18.210524 100.080259 0.000000 -1.525990 -0.001839 
38 -12.673630 0.000000 36.638417 100.003785 0.000000 -1.504086 -0.000302 
39 -2.625614 0.000000 -9.431316 99.971959 0.000000 -1.452580 0.000350 
40 -12.673630 0.000000 -9.431316 99.976982 0.000000 -1.486158 0.000239 
41 -2.625614 0.000000 -18.645262 99.947792 0.000000 -1.492632 0.000821 
42 7.422402 0.000000 -9.431316 99.760473 0.000000 -1.427431 0.004581 
43 -2.625614 0.000000 -0.217369 99.920240 0.000000 -1.578197 0.001345 
44 27.518435 0.000000 18.210524 100.035809 0.000000 -1.653956 -0.000990 
45 47.614467 0.000000 18.210524 99.997862 0.000000 -1.651836 -0.000230 
46 27.518435 0.000000 36.638417 100.011530 0.000000 -1.548019 -0.000470 
47 17.470418 0.000000 -9.431316 99.804631 0.000000 -1.705025 0.003613 
48 17.470418 0.000000 -18.645262 99.899063 0.000000 -1.609601 0.001759 
49 27.518435 0.000000 -9.431316 99.931828 0.000000 -1.720541 0.001067 
50 17.470418 0.000000 -0.217369 99.967631 0.000000 1.533225 0.000412 
51 -2.625614 0.000000 8.996577 99.999608 0.000000 -1.435995 -0.000198 
52 -12.673630 0.000000 8.996577 99.995702 0.000000 -1.482729 -0.000134 
53 7.422402 0.000000 8.996577 100.248732 0.000000 -1.418152 -0.005182 
54 -2.625614 0.000000 18.210524 100.030162 0.000000 -1.488159 -0.000825 
55 2.398394 0.000000 -4.824342 100.214400 0.000000 -1.065638 -0.004406 
56 -2.625614 0.000000 -4.824342 100.041046 0.000000 -1.463983 -0.001035 
57 2.398394 0.000000 -9.431316 99.911044 0.000000 -1.389306 0.001585 
58 7.422402 0.000000 -4.824342 99.418893 0.000000 -0.987493 0.011491 
59 2.398394 0.000000 -0.217369 95.775762 0.000000 7.154418 0.077582 
60 17.470418 0.000000 8.996577 100.171375 0.000000 -1.724364 -0.003728 
61 27.518435 0.000000 8.996577 100.036495 0.000000 -1.726618 -0.001028 
62 17.470418 0.000000 18.210524 100.079560 0.000000 -1.614288 -0.001852 
63 2.398394 0.000000 4.389604 99.798085 0.000000 -0.935544 0.003947 
64 -2.625614 0.000000 4.389604 99.913275 0.000000 -1.425012 0.001531 
65 7.422402 0.000000 4.389604 100.666329 0.000000 -0.983356 -0.013468 
66 2.398394 0.000000 8.996577 100.074615 0.000000 -1.363064 -0.001679 
67 12.446410 0.000000 4.389604 100.520975 0.000000 -1.822771 -0.010779 
68 12.446410 0.000000 -0.217369 91.061957 0.000000 -29.195391 0.085535 
69 17.470418 0.000000 4.389604 100.168066 0.000000 -1.569759 -0.003611 
70 12.446410 0.000000 8.996577 100.284404 0.000000 -1.623685 -0.005960 
71 4.910398 0.000000 2.086117 99.900492 0.000000 2.485950 0.001371 
72 2.398394 0.000000 2.086117 98.917366 0.000000 -0.259510 0.021529 
73 4.910398 0.000000 -0.217369 78.104524 0.000000 43.389809 0.201701 
74 7.422402 0.000000 2.086117 101.735118 0.000000 -0.605854 -0.035040 
75 4.910398 0.000000 4.389604 100.164564 0.000000 -0.623577 -0.003333 
76 12.446410 0.000000 -4.824342 99.487042 0.000000 -1.693591 0.009946 
77 12.446410 0.000000 -9.431316 99.715638 0.000000 -1.603430 0.005422 
78 17.470418 0.000000 -4.824342 99.800401 0.000000 -1.555373 0.003746 
79 4.910398 0.000000 -2.520856 99.930448 0.000000 1.324319 0.001215 
80 2.398394 0.000000 -2.520856 100.859714 0.000000 0.000392 -0.017268 
81 4.910398 0.000000 -4.824342 99.835028 0.000000 -0.774450 0.003237 
82 7.422402 0.000000 -2.520856 98.642056 0.000000 -0.390650 0.026959 
83 9.934406 0.000000 2.086117 101.408739 0.000000 -1.645111 -0.028644 
84 9.934406 0.000000 -0.217369 99.763304 0.000000 -2.398407 0.004153 
85 12.446410 0.000000 2.086117 100.163138 0.000000 -2.949587 -0.004135 
86 9.934406 0.000000 4.389604 100.782519 0.000000 -1.478627 -0.015930 
87 6.166400 0.000000 0.934374 109.626701 0.000000 6.763600 -0.206376 
88 4.910398 0.000000 0.934374 96.211449 0.000000 12.307660 0.059188 
89 6.166400 0.000000 -0.217369 84.588011 0.000000 7.554554 0.278780 
90 7.422402 0.000000 0.934374 99.192279 0.000000 -2.376968 0.015524 
91 6.166400 0.000000 2.086117 101.952600 0.000000 1.429592 -0.039638 
92 9.934406 0.000000 -2.520856 98.700202 0.000000 -1.627110 0.025562 
93 9.934406 0.000000 -4.824342 99.303760 0.000000 -1.432755 0.013671 
94 12.446410 0.000000 -2.520856 99.685136 0.000000 -2.299248 0.005759 
95 6.166400 0.000000 -1.369112 96.469260 0.000000 3.181356 0.068356 
96 4.910398 0.000000 -1.369112 100.020579 0.000000 7.452370 -0.005965 
97 6.166400 0.000000 -2.520856 98.882605 0.000000 0.664064 0.022179 
98 7.422402 0.000000 -1.369112 97.498964 0.000000 -0.348279 0.049383 
99 8.678404 0.000000 0.934374 99.770208 0.000000 -2.631005 0.003898 
100 8.678404 0.000000 -0.217369 99.770208 0.000000 -2.631005 0.003898 
101 9.934406 0.000000 0.934374 101.935557 0.000000 -1.926074 -0.039457 
102 8.678404 0.000000 2.086117 101.262169 0.000000 -1.248204 -0.025558 
103 6.794401 0.000000 0.358503 98.517323 0.000000 -1.958094 0.029050 
104 6.166400 0.000000 0.358503 95.666050 0.000000 9.590330 0.075603 
105 6.794401 0.000000 -0.217369 91.738899 0.000000 0.322730 0.158387 
106 7.422402 0.000000 0.358503 99.223837 0.000000 -2.384945 0.014894 
107 6.794401 0.000000 0.934374 105.782865 0.000000 -0.000563 -0.119001 
108 -52.865695 0.000000 18.210524 99.990571 0.000000 -1.500845 -0.000037 
109 -72.961727 0.000000 18.210524 99.989589 0.000000 -1.502203 -0.000017 
110 -52.865695 0.000000 -0.217369 99.988472 0.000000 -1.500307 0.000005 
111 -52.865695 0.000000 36.638417 99.991745 0.000000 -1.502123 -0.000061 
112 -22.721646 0.000000 8.996577 99.992923 0.000000 -1.492289 -0.000081 
113 -32.769663 0.000000 8.996577 99.991086 0.000000 -1.496627 -0.000046 
114 -22.721646 0.000000 -0.217369 99.987349 0.000000 -1.491620 0.000031 
115 -22.721646 0.000000 18.210524 99.997247 0.000000 -1.495334 -0.000169 
116 -7.649622 0.000000 4.389604 99.978781 0.000000 -1.473531 0.000207 
117 -12.673630 0.000000 4.389604 99.988797 0.000000 -1.482542 0.000004 
118 -7.649622 0.000000 -0.217369 99.978085 0.000000 -1.485297 0.000218 
119 -7.649622 0.000000 8.996577 99.996161 0.000000 -1.470362 -0.000139 
120 -0.113610 0.000000 2.086117 99.507298 0.000000 -1.335728 0.009651 
121 -2.625614 0.000000 2.086117 99.871699 0.000000 -1.448531 0.002355 
122 -0.113610 0.000000 -0.217369 98.937077 0.000000 -2.025755 0.020735 
123 -0.113610 0.000000 4.389604 99.806365 0.000000 -1.297104 0.003701 
124 3.654396 0.000000 0.934374 96.100177 0.000000 3.156458 0.075479 
125 2.398394 0.000000 0.934374 97.855528 0.000000 0.583969 0.042395 
126 3.654396 0.000000 -0.217369 97.170662 0.000000 8.998336 0.047689 
127 3.654396 0.000000 2.086117 98.805049 0.000000 0.960958 0.023664 
128 5.538399 0.000000 0.358503 82.356747 0.000000 38.185569 0.175923 
129 4.910398 0.000000 0.358503 86.079794 0.000000 25.148513 0.195782 
130 5.538399 0.000000 -0.217369 76.372967 0.000000 44.788457 0.216116 
131 5.538399 0.000000 0.934374 103.460055 0.000000 15.182969 -0.093451 
132 -12.673630 0.000000 55.066309 99.998207 0.000000 -1.506851 -0.000191 
133 -32.769663 0.000000 55.066309 99.994360 0.000000 -1.503984 -0.000113 
134 7.422402 0.000000 55.066309 100.001555 0.000000 -1.513966 -0.000260 
135 -12.673630 0.000000 73.494202 99.994858 0.000000 -1.506969 -0.000124 
136 -2.625614 0.000000 27.424470 100.020173 0.000000 -1.505614 -0.000630 
137 -12.673630 0.000000 27.424470 100.006547 0.000000 -1.499548 -0.000356 
138 7.422402 0.000000 27.424470 100.035506 0.000000 -1.526660 -0.000943 
139 -2.625614 0.000000 36.638417 100.010667 0.000000 -1.509851 -0.000441 
140 2.398394 0.000000 13.603551 100.069327 0.000000 -1.464336 -0.001601 
141 -2.625614 0.000000 13.603551 100.027285 0.000000 -1.467276 -0.000761 
142 7.422402 0.000000 13.603551 100.128517 0.000000 -1.506487 -0.002799 
143 2.398394 0.000000 18.210524 100.054468 0.000000 -1.497245 -0.001314 
144 4.910398 0.000000 6.693091 100.183432 0.000000 -1.177647 -0.003811 
145 2.398394 0.000000 6.693091 100.014219 0.000000 -1.238052 -0.000438 
146 7.422402 0.000000 6.693091 100.378555 0.000000 -1.277874 -0.007749 
147 4.910398 0.000000 8.996577 100.159194 0.000000 -1.358871 -0.003371 
148 6.166400 0.000000 3.237861 100.819107 0.000000 -0.095169 -0.016450 
149 4.910398 0.000000 3.237861 100.190763 0.000000 0.174292 -0.003822 
150 7.422402 0.000000 3.237861 101.002959 0.000000 -0.732392 -0.020213 
151 6.166400 0.000000 4.389604 100.470002 0.000000 -0.713529 -0.009473 
152 6.794401 0.000000 1.510246 103.425518 0.000000 0.537177 -0.069713 
153 6.166400 0.000000 1.510246 103.861515 0.000000 3.360356 -0.079851 
154 7.422402 0.000000 1.510246 102.361085 0.000000 -0.819111 -0.047846 
155 6.794401 0.000000 2.086117 102.061115 0.000000 0.211723 -0.041652 
156 6.480401 0.000000 0.646438 97.772802 0.000000 -0.191764 0.044044 
157 6.166400 0.000000 0.646438 96.227203 0.000000 7.977467 0.067669 
158 6.480401 0.000000 0.358503 97.741835 0.000000 -0.436327 0.044634 
159 6.794401 0.000000 0.646438 98.452557 0.000000 -1.884981 0.030354 
160 6.480401 0.000000 0.934374 108.074298 0.000000 2.271906 -0.168522 
161 8.678404 0.000000 -1.369112 98.261604 0.000000 -1.307118 0.034295 
162 8.678404 0.000000 -2.520856 98.750376 0.000000 -1.052252 0.024726 
163 9.934406 0.000000 -1.369112 98.104277 0.000000 -1.860518 0.037209 
164 8.050403 0.000000 0.358503 99.597098 0.000000 -2.570086 0.007381 
165 8.050403 0.000000 -0.217369 99.583788 0.000000 -2.570666 0.007646 
166 8.678404 0.000000 0.358503 99.771904 0.000000 -2.624436 0.003868 
167 8.050403 0.000000 0.934374 99.583788 0.000000 -2.570666 0.007646 
168 67.710499 0.000000 18.210524 99.990240 0.000000 -1.645144 -0.000075 
169 67.710499 0.000000 -0.217369 100.037533 0.000000 1.741921 -0.001054 
170 87.806532 0.000000 18.210524 99.988217 0.000000 -1.640610 -0.000034 
171 67.710499 0.000000 36.638417 99.992947 0.000000 -1.557041 -0.000101 
172 37.566451 0.000000 8.996577 100.002426 0.000000 -1.709518 -0.000341 
173 37.566451 0.000000 -0.217369 100.042058 0.000000 2.093816 -0.001280 
174 47.614467 0.000000 8.996577 99.992840 0.000000 -1.701660 -0.000146 
175 37.566451 0.000000 18.210524 100.009291 0.000000 -1.655387 -0.000460 
176 22.494427 0.000000 4.389604 100.060162 0.000000 -1.452775 -0.001415 
177 22.494427 0.000000 -0.217369 100.001327 0.000000 1.757140 -0.000335 
178 27.518435 0.000000 4.389604 100.022188 0.000000 -1.426073 -0.000647 
179 22.494427 0.000000 8.996577 100.082321 0.000000 -1.735067 -0.001948 
180 14.958414 0.000000 2.086117 99.893287 0.000000 -1.119632 0.002008 
181 14.958414 0.000000 -0.217369 99.807139 0.000000 1.606367 0.003595 
182 17.470418 0.000000 2.086117 100.053307 0.000000 -0.808713 -0.001132 
183 14.958414 0.000000 4.389604 100.263666 0.000000 -1.691395 -0.005566 
184 11.190408 0.000000 0.934374 104.998203 0.000000 -6.223255 -0.106335 
185 11.190408 0.000000 -0.217369 90.306725 0.000000 -7.651506 0.178615 
186 12.446410 0.000000 0.934374 97.111176 0.000000 -7.703357 0.051008 
187 11.190408 0.000000 2.086117 101.389866 0.000000 -2.667468 -0.028702 
188 9.306405 0.000000 0.358503 99.825732 0.000000 -2.579572 0.002817 
189 9.306405 0.000000 -0.217369 99.827459 0.000000 -2.580748 0.002782 
190 9.934406 0.000000 0.358503 99.763301 0.000000 -2.397650 0.004154 
191 9.306405 0.000000 0.934374 99.827459 0.000000 -2.580748 0.002782 
192 67.710499 0.000000 -18.645262 99.982760 0.000000 -1.655509 0.000071 
193 67.710499 0.000000 -37.073155 99.982890 0.000000 -1.559930 0.000099 
194 87.806532 0.000000 -18.645262 99.984875 0.000000 -1.656026 0.000028 
195 37.566451 0.000000 -9.431316 99.968017 0.000000 -1.703208 0.000349 
196 37.566451 0.000000 -18.645262 99.963462 0.000000 -1.657083 0.000456 
197 47.614467 0.000000 -9.431316 99.978402 0.000000 -1.691816 0.000146 
198 22.494427 0.000000 -4.824342 99.907025 0.000000 -1.472095 0.001642 
199 22.494427 0.000000 -9.431316 99.886166 0.000000 -1.725004 0.001978 
200 27.518435 0.000000 -4.824342 99.951549 0.000000 -1.427693 0.000765 
201 14.958414 0.000000 -2.520856 99.910879 0.000000 -1.227328 0.001631 
202 14.958414 0.000000 -4.824342 99.699248 0.000000 -1.638104 0.005738 
203 17.470418 0.000000 -2.520856 99.874505 0.000000 -1.011302 0.002406 
204 11.190408 0.000000 -1.369112 97.871158 0.000000 -3.715485 0.040743 
205 11.190408 0.000000 -2.520856 98.967345 0.000000 -2.184820 0.020069 
206 12.446410 0.000000 -1.369112 100.814141 0.000000 -4.702271 -0.018560 
207 10.562407 0.000000 0.358503 99.435388 0.000000 -1.755629 0.010952 
208 10.562407 0.000000 -0.217369 95.155702 0.000000 -2.675406 0.093823 
209 11.190408 0.000000 0.358503 98.132307 0.000000 -8.056359 0.030515 
210 10.562407 0.000000 0.934374 103.377763 0.000000 -2.627034 -0.069386 
211 10.562407 0.000000 -0.793241 96.732344 0.000000 -2.924105 0.063430 
212 9.934406 0.000000 -0.793241 97.706125 0.000000 -1.996418 0.044953 
213 10.562407 0.000000 -1.369112 97.830136 0.000000 -2.562667 0.042270 
214 11.190408 0.000000 -0.793241 95.804063 0.000000 -5.470547 0.079165 
215 13.702412 0.000000 0.934374 97.965701 0.000000 -0.660814 0.040228 
216 13.702412 0.000000 -0.217369 99.360130 0.000000 4.376721 0.010841 
217 14.958414 0.000000 0.934374 99.635011 0.000000 0.216488 0.007282 
218 13.702412 0.000000 2.086117 99.672157 0.000000 -1.772746 0.006232 
219 11.818409 0.000000 0.358503 90.490584 0.000000 -30.757143 0.086545 
220 11.818409 0.000000 -0.217369 87.919687 0.000000 -34.854740 0.105528 
221 12.446410 0.000000 0.358503 89.409617 0.000000 -15.749595 0.175787 
222 11.818409 0.000000 0.934374 101.444163 0.000000 -10.027236 -0.039146 
223 10.876408 0.000000 0.070567 99.185042 0.000000 -1.997177 0.015834 
224 10.562407 0.000000 0.070567 99.444908 0.000000 -1.790556 0.010750 
225 10.876408 0.000000 -0.217369 92.853646 0.000000 -4.175436 0.136077 
226 11.190408 0.000000 0.070567 97.469867 0.000000 -10.886503 0.038111 
227 10.876408 0.000000 0.358503 99.157950 0.000000 -1.479543 0.016551 
228 -52.865695 0.000000 -18.645262 99.986449 0.000000 -1.500971 0.000046 
229 -72.961727 0.000000 -18.645262 99.987593 0.000000 -1.502250 0.000022 
230 -52.865695 0.000000 -37.073155 99.985410 0.000000 -1.502277 0.000066 
231 -52.865695 0.000000 55.066309 99.991939 0.000000 -1.503331 -0.000065 
232 -72.961727 0.000000 55.066309 99.990607 0.000000 -1.503361 -0.000038 
233 -52.865695 0.000000 73.494202 99.991619 0.000000 -1.504140 -0.000059 
234 -22.721646 0.000000 -9.431316 99.982341 0.000000 -1.493180 0.000130 
235 -32.769663 0.000000 -9.431316 99.985209 0.000000 -1.496947 0.000072 
236 -22.721646 0.000000 -18.645262 99.978965 0.000000 -1.496380 0.000197 
237 27.518435 0.000000 55.066309 100.000452 0.000000 -1.522851 -0.000241 
238 47.614467 0.000000 55.066309 99.996377 0.000000 -1.528017 -0.000161 
239 27.518435 0.000000 73.494202 99.995680 0.000000 -1.514297 -0.000143 
240 -22.721646 0.000000 27.424470 99.998895 0.000000 -1.499263 -0.000203 
241 -32.769663 0.000000 27.424470 99.994839 0.000000 -1.499880 -0.000122 
242 -22.721646 0.000000 36.638417 99.998580 0.000000 -1.502114 -0.000197 
243 -7.649622 0.000000 -4.824342 99.983905 0.000000 -1.481410 0.000102 
244 -12.673630 0.000000 -4.824342 99.981388 0.000000 -1.485058 0.000152 
245 -7.649622 0.000000 -9.431316 99.974520 0.000000 -1.478085 0.000291 
246 17.470418 0.000000 27.424470 100.036161 0.000000 -1.558891 -0.000966 
247 27.518435 0.000000 27.424470 100.022190 0.000000 -1.580999 -0.000694 
248 17.470418 0.000000 36.638417 100.016922 0.000000 -1.536044 -0.000574 
249 -7.649622 0.000000 13.603551 100.009563 0.000000 -1.478679 -0.000410 
250 -12.673630 0.000000 13.603551 100.002071 0.000000 -1.486206 -0.000262 
251 -7.649622 0.000000 18.210524 100.014650 0.000000 -1.488565 -0.000515 
252 -0.113610 0.000000 -2.520856 100.502148 0.000000 -1.466823 -0.010283 
253 -2.625614 0.000000 -2.520856 100.042398 0.000000 -1.526709 -0.001081 
254 -0.113610 0.000000 -4.824342 100.144280 0.000000 -1.356151 -0.003072 
255 12.446410 0.000000 13.603551 100.151176 0.000000 -1.591097 -0.003279 
256 17.470418 0.000000 13.603551 100.119742 0.000000 -1.663997 -0.002673 
257 12.446410 0.000000 18.210524 100.090952 0.000000 -1.572584 -0.002067 
258 -0.113610 0.000000 6.693091 99.969419 0.000000 -1.345535 0.000430 
259 -2.625614 0.000000 6.693091 99.973043 0.000000 -1.411788 0.000340 
260 -0.113610 0.000000 8.996577 100.024647 0.000000 -1.395731 -0.000688 
261 9.934406 0.000000 6.693091 100.515492 0.000000 -1.499555 -0.010561 
262 12.446410 0.000000 6.693091 100.435257 0.000000 -1.661188 -0.009000 
263 9.934406 0.000000 8.996577 100.296135 0.000000 -1.519759 -0.006162 
264 3.654396 0.000000 3.237861 99.654401 0.000000 -0.180369 0.006897 
265 2.398394 0.000000 3.237861 99.495965 0.000000 -0.679581 0.010009 
266 3.654396 0.000000 4.389604 99.896472 0.000000 -0.739551 0.002015 
267 3.654396 0.000000 -1.369112 101.909118 0.000000 4.064761 -0.040199 
268 2.398394 0.000000 -1.369112 101.475827 0.000000 3.724109 -0.031121 
269 3.654396 0.000000 -2.520856 100.702874 0.000000 0.684580 -0.014154 
270 8.678404 0.000000 3.237861 100.983560 0.000000 -1.184871 -0.019908 
271 9.934406 0.000000 3.237861 101.004304 0.000000 -1.564467 -0.020432 
272 8.678404 0.000000 4.389604 100.778749 0.000000 -1.248145 -0.015791 
273 5.538399 0.000000 1.510246 101.869849 0.000000 5.935912 -0.041270 
274 4.910398 0.000000 1.510246 99.130599 0.000000 5.578493 0.014200 
275 5.538399 0.000000 2.086117 101.088051 0.000000 2.459066 -0.022484 
276 8.050403 0.000000 1.510246 101.666725 0.000000 -1.283367 -0.033777 
277 8.678404 0.000000 1.510246 101.381640 0.000000 -1.467115 -0.028039 
278 8.050403 0.000000 2.086117 101.425896 0.000000 -1.047099 -0.028831 
279 9.306405 0.000000 -0.793241 98.131479 0.000000 -1.740311 0.036718 
280 8.678404 0.000000 -0.793241 98.108747 0.000000 -1.676501 0.037186 
281 9.306405 0.000000 -1.369112 98.280900 0.000000 -1.513103 0.033858 
282 8.050403 0.000000 -0.793241 97.653674 0.000000 -1.489415 0.046154 
283 7.422402 0.000000 -0.793241 96.606956 0.000000 -0.781471 0.066649 
284 8.050403 0.000000 -1.369112 98.018578 0.000000 -1.020411 0.039132 
285 13.702412 0.000000 -1.369112 101.091098 0.000000 -0.910484 -0.022024 
286 13.702412 0.000000 -2.520856 100.025284 0.000000 -1.609793 -0.000765 
287 14.958414 0.000000 -1.369112 100.050830 0.000000 -0.397547 -0.001033 
288 11.818409 0.000000 -0.793241 97.312320 0.000000 -9.372931 0.044246 
289 11.818409 0.000000 -1.369112 98.899046 0.000000 -4.875991 0.019520 
290 12.446410 0.000000 -0.793241 102.899607 0.000000 -9.999572 -0.068832 
291 67.710499 0.000000 55.066309 99.993028 0.000000 -1.529587 -0.000095 
292 87.806532 0.000000 55.066309 99.991055 0.000000 -1.529663 -0.000055 
293 67.710499 0.000000 73.494202 99.992346 0.000000 -1.518527 -0.000078 
294 37.566451 0.000000 27.424470 100.008363 0.000000 -1.589015 -0.000420 
295 47.614467 0.000000 27.424470 99.999614 0.000000 -1.590098 -0.000245 
296 37.566451 0.000000 36.638417 100.004666 0.000000 -1.554498 -0.000335 
297 22.494427 0.000000 13.603551 100.074172 0.000000 -1.696629 -0.001772 
298 27.518435 0.000000 13.603551 100.040131 0.000000 -1.704515 -0.001093 
299 22.494427 0.000000 18.210524 100.057333 0.000000 -1.640515 -0.001416 
300 14.958414 0.000000 6.693091 100.303176 0.000000 -1.728870 -0.006372 
301 17.470418 0.000000 6.693091 100.183412 0.000000 -1.715785 -0.003966 
302 14.958414 0.000000 8.996577 100.232829 0.000000 -1.693817 -0.004949 
303 11.190408 0.000000 3.237861 100.884132 0.000000 -1.910843 -0.018126 
304 12.446410 0.000000 3.237861 100.525368 0.000000 -2.068246 -0.010963 
305 11.190408 0.000000 4.389604 100.717766 0.000000 -1.731753 -0.014707 
306 6.794401 0.000000 -0.793241 94.766908 0.000000 1.100580 0.101802 
307 6.166400 0.000000 -0.793241 92.661824 0.000000 5.427708 0.138433 
308 6.794401 0.000000 -1.369112 96.834936 0.000000 0.967780 0.062206 
309 5.538399 0.000000 -0.793241 92.891725 0.000000 12.801660 0.120724 
310 4.910398 0.000000 -0.793241 99.672275 0.000000 18.888880 -0.029135 
311 5.538399 0.000000 -1.369112 97.351227 0.000000 5.979822 0.048698 
312 9.306405 0.000000 1.510246 101.403084 0.000000 -1.519957 -0.028490 
313 9.934406 0.000000 1.510246 101.695561 0.000000 -1.738243 -0.034501 
314 9.306405 0.000000 2.086117 101.290371 0.000000 -1.426892 -0.026178 
315 13.702412 0.000000 3.237861 100.226356 0.000000 -1.807954 -0.004859 
316 14.958414 0.000000 3.237861 100.146920 0.000000 -1.555039 -0.003182 
317 13.702412 0.000000 4.389604 100.393669 0.000000 -1.784589 -0.008207 
318 10.562407 0.000000 1.510246 102.180744 0.000000 -2.417837 -0.044675 
319 11.190408 0.000000 1.510246 102.251438 0.000000 -3.782900 -0.046967 
320 10.562407 0.000000 2.086117 101.540681 0.000000 -2.091792 -0.031489 
321 11.818409 0.000000 1.510246 101.018436 0.000000 -4.848861 -0.022824 
322 12.446410 0.000000 1.510246 99.438011 0.000000 -4.333728 0.009330 
323 11.818409 0.000000 2.086117 100.839845 0.000000 -3.065374 -0.017807 
1 1 12 10 11 
2 12 7 13 10 
3 7 16 15 13 
4 16 2 17 15 
5 10 25 23 24 
6 25 13 26 23 
7 13 32 31 26 
8 32 15 33 31 
9 23 41 39 40 
10 41 26 42 39 
11 26 48 47 42 
12 48 31 49 47 
13 39 57 55 56 
14 57 42 58 55 
15 42 77 76 58 
16 77 47 78 76 
17 55 81 79 80 
18 81 58 82 79 
19 58 93 92 82 
20 93 76 94 92 
21 79 97 95 96 
22 97 82 98 95 
23 89 105 103 104 
24 105 5 106 103 
25 103 106 90 107 
26 6 110 108 109 
27 110 14 36 108 
28 108 36 19 111 
29 109 108 111 20 
30 14 114 112 113 
31 114 27 52 112 
32 112 52 35 115 
33 113 112 115 36 
34 27 118 116 117 
35 118 43 64 116 
36 116 64 51 119 
37 117 116 119 52 
38 43 122 120 121 
39 122 59 72 120 
40 120 72 63 123 
41 121 120 123 64 
42 59 126 124 125 
43 126 73 88 124 
44 124 88 71 127 
45 125 124 127 72 
46 73 130 128 129 
47 130 89 104 128 
48 128 104 87 131 
49 129 128 131 88 
50 19 38 132 133 
51 38 21 134 132 
52 132 134 9 135 
53 133 132 135 22 
54 35 54 136 137 
55 54 37 138 136 
56 136 138 21 139 
57 137 136 139 38 
58 51 66 140 141 
59 66 53 142 140 
60 140 142 37 143 
61 141 140 143 54 
62 63 75 144 145 
63 75 65 146 144 
64 144 146 53 147 
65 145 144 147 66 
66 71 91 148 149 
67 91 74 150 148 
68 148 150 65 151 
69 149 148 151 75 
70 87 107 152 153 
71 107 90 154 152 
72 152 154 74 155 
73 153 152 155 91 
74 104 158 156 157 
75 158 103 159 156 
76 156 159 107 160 
77 157 156 160 87 
78 82 162 161 98 
79 162 92 163 161 
80 5 165 164 106 
81 165 100 166 164 
82 164 166 99 167 
83 106 164 167 90 
84 18 169 168 45 
85 169 8 170 168 
86 168 170 29 171 
87 45 168 171 28 
88 34 173 172 61 
89 173 18 174 172 
90 172 174 45 175 
91 61 172 175 44 
92 50 177 176 69 
93 177 34 178 176 
94 176 178 61 179 
95 69 176 179 60 
96 181 50 182 180 
97 180 182 69 183 
98 100 189 188 166 
99 189 84 190 188 
100 188 190 101 191 
101 166 188 191 99 
102 15 193 192 33 
103 193 17 194 192 
104 192 194 8 169 
105 33 192 169 18 
106 31 196 195 49 
107 196 33 197 195 
108 195 197 18 173 
109 49 195 173 34 
110 47 199 198 78 
111 199 49 200 198 
112 198 200 34 177 
113 78 198 177 50 
114 76 202 201 94 
115 202 78 203 201 
116 201 203 50 181 
117 92 205 204 163 
118 205 94 206 204 
119 84 208 207 190 
120 207 209 184 210 
121 190 207 210 101 
122 163 213 211 212 
123 213 204 214 211 
124 211 214 185 208 
125 212 211 208 84 
126 68 216 215 186 
127 216 181 217 215 
128 215 217 180 218 
129 186 215 218 85 
130 185 220 219 209 
131 220 68 221 219 
132 219 221 186 222 
133 209 219 222 184 
134 208 225 223 224 
135 225 185 226 223 
136 223 226 209 227 
137 224 223 227 207 
138 11 230 228 229 
139 230 10 24 228 
140 228 24 14 110 
141 229 228 110 6 
142 20 111 231 232 
143 111 19 133 231 
144 231 133 22 233 
145 232 231 233 4 
146 24 236 234 235 
147 236 23 40 234 
148 234 40 27 114 
149 235 234 114 14 
150 21 46 237 134 
151 46 28 238 237 
152 237 238 30 239 
153 134 237 239 9 
154 36 115 240 241 
155 115 35 137 240 
156 240 137 38 242 
157 241 240 242 19 
158 40 245 243 244 
159 245 39 56 243 
160 243 56 43 118 
161 244 243 118 27 
162 37 62 246 138 
163 62 44 247 246 
164 246 247 46 248 
165 138 246 248 21 
166 52 119 249 250 
167 119 51 141 249 
168 249 141 54 251 
169 250 249 251 35 
170 56 254 252 253 
171 254 55 80 252 
172 252 80 59 122 
173 253 252 122 43 
174 53 70 255 142 
175 70 60 256 255 
176 255 256 62 257 
177 142 255 257 37 
178 64 123 258 259 
179 123 63 145 258 
180 258 145 66 260 
181 259 258 260 51 
182 65 86 261 146 
183 86 67 262 261 
184 261 262 70 263 
185 146 261 263 53 
186 72 127 264 265 
187 127 71 149 264 
188 264 149 75 266 
189 265 264 266 63 
190 80 269 267 268 
191 269 79 96 267 
192 267 96 73 126 
193 268 267 126 59 
194 74 102 270 150 
195 102 83 271 270 
196 270 271 86 272 
197 150 270 272 65 
198 88 131 273 274 
199 131 87 153 273 
200 273 153 91 275 
201 274 273 275 71 
202 90 167 276 154 
203 167 99 277 276 
204 276 277 102 278 
205 154 276 278 74 
206 161 281 279 280 
207 281 163 212 279 
208 279 212 84 189 
209 280 279 189 100 
210 98 284 282 283 
211 284 161 280 282 
212 282 280 100 165 
213 283 282 165 5 
214 94 286 285 206 
215 286 201 287 285 
216 285 287 181 216 
217 206 285 216 68 
218 204 289 288 214 
219 289 206 290 288 
220 288 290 68 220 
221 214 288 220 185 
222 28 171 291 238 
223 171 29 292 291 
224 291 292 3 293 
225 238 291 293 30 
226 44 175 294 247 
227 175 45 295 294 
228 294 295 28 296 
229 247 294 296 46 
230 60 179 297 256 
231 179 61 298 297 
232 297 298 44 299 
233 256 297 299 62 
234 67 183 300 262 
235 183 69 301 300 
236 300 301 60 302 
237 262 300 302 70 
238 83 187 303 271 
239 187 85 304 303 
240 303 304 67 305 
241 271 303 305 86 
242 95 308 306 307 
243 308 98 283 306 
244 306 283 5 105 
245 307 306 105 89 
246 96 311 309 310 
247 311 95 307 309 
248 309 307 89 130 
249 310 309 130 73 
250 99 191 312 277 
251 191 101 313 312 
252 312 313 83 314 
253 277 312 314 102 
254 85 218 315 304 
255 218 180 316 315 
256 315 316 183 317 
257 304 315 317 67 
258 101 210 318 313 
259 210 184 319 318 
260 318 319 187 320 
261 313 318 320 83 
262 184 222 321 319 
263 222 186 322 321 
264 321 322 85 323 
265 319 321 323 187 
