2 0.000000 100.000000 410.334720
323 265 
1 -72.961727 0.000000 -73.928940 90.617566 0.000000 42.269259 0.000177 
2 87.806532 0.000000 -73.928940 90.631157 0.000000 42.196414 0.000546 
3 87.806532 0.000000 73.494202 90.856650 0.000000 41.797069 -0.000193 
4 -72.961727 0.000000 73.494202 90.657141 0.000000 42.265026 -0.000505 
5 7.422402 0.000000 -0.217369 83.636808 0.000000 26.718064 0.229103 
6 -72.961727 0.000000 -0.217369 90.640201 0.000000 42.287671 -0.000389 
7 7.422402 0.000000 -73.928940 90.585121 0.000000 42.221092 0.001172 
8 87.806532 0.000000 -0.217369 90.883709 0.000000 41.661974 0.000443 
9 7.422402 0.000000 73.494202 90.733798 0.000000 42.174494 -0.001131 
10 -32.769663 0.000000 -37.073155 90.577834 0.000000 42.289911 0.000722 
11 -72.961727 0.000000 -37.073155 90.621386 0.000000 42.280334 0.000014 
12 -32.769663 0.000000 -73.928940 90.599249 0.000000 42.260429 0.000583 
13 7.422402 0.000000 -37.073155 90.449571 0.000000 42.104638 0.004607 
14 -32.769663 0.000000 -0.217369 90.662606 0.000000 42.363703 -0.001439 
15 47.614467 0.000000 -37.073155 90.628608 0.000000 41.997784 0.002264 
16 47.614467 0.000000 -73.928940 90.609101 0.000000 42.189586 0.001003 
17 87.806532 0.000000 -37.073155 90.666672 0.000000 42.102868 0.000690 
18 47.614467 0.000000 -0.217369 91.552928 0.000000 40.029210 0.001572 
19 -32.769663 0.000000 36.638417 90.730721 0.000000 42.276050 -0.001933 
20 -72.961727 0.000000 36.638417 90.657151 0.000000 42.277372 -0.000610 
21 7.422402 0.000000 36.638417 91.008751 0.000000 41.959718 -0.004321 
22 -32.769663 0.000000 73.494202 90.689156 0.000000 42.247404 -0.000937 
23 -12.673630 0.000000 -18.645262 90.417488 0.000000 42.363867 0.002998 
24 -32.769663 0.000000 -18.645262 90.591321 0.000000 42.332201 0.000120 
25 -12.673630 0.000000 -37.073155 90.505727 0.000000 42.255290 0.002320 
26 7.422402 0.000000 -18.645262 89.969936 0.000000 41.717580 0.016505 
27 -12.673630 0.000000 -0.217369 90.727688 0.000000 42.662916 -0.005164 
28 47.614467 0.000000 36.638417 91.296902 0.000000 40.910542 -0.000880 
29 87.806532 0.000000 36.638417 90.275500 0.000000 43.027544 -0.000104 
30 47.614467 0.000000 73.494202 90.763842 0.000000 42.044162 -0.000579 
31 27.518435 0.000000 -18.645262 90.591990 0.000000 41.245945 0.009186 
32 27.518435 0.000000 -37.073155 90.538914 0.000000 41.976744 0.004066 
33 47.614467 0.000000 -18.645262 90.761624 0.000000 41.620059 0.003010 
34 27.518435 0.000000 -0.217369 92.202681 0.000000 37.193393 0.011532 
35 -12.673630 0.000000 18.210524 90.997183 0.000000 42.324148 -0.007182 
36 -32.769663 0.000000 18.210524 90.728900 0.000000 42.323129 -0.002298 
37 7.422402 0.000000 18.210524 91.843643 0.000000 41.334280 -0.014378 
38 -12.673630 0.000000 36.638417 90.851167 0.000000 42.215413 -0.003608 
39 -2.625614 0.000000 -9.431316 89.792363 0.000000 42.541368 0.012756 
40 -12.673630 0.000000 -9.431316 90.452938 0.000000 42.527319 0.000969 
41 -2.625614 0.000000 -18.645262 90.167438 0.000000 42.219744 0.008733 
42 7.422402 0.000000 -9.431316 88.597114 0.000000 40.804358 0.048556 
43 -2.625614 0.000000 -0.217369 90.920439 0.000000 44.250774 -0.022466 
44 27.518435 0.000000 18.210524 91.831566 0.000000 39.917840 -0.002647 
45 47.614467 0.000000 18.210524 88.130936 0.000000 47.603078 -0.003311 
46 27.518435 0.000000 36.638417 91.086183 0.000000 41.540311 -0.002229 
47 17.470418 0.000000 -9.431316 90.133694 0.000000 39.225202 0.033730 
48 17.470418 0.000000 -18.645262 90.248977 0.000000 41.233919 0.015489 
49 27.518435 0.000000 -9.431316 90.979721 0.000000 39.962453 0.012569 
50 17.470418 0.000000 -0.217369 88.277673 0.000000 43.657091 0.030111 
51 -2.625614 0.000000 8.996577 91.922689 0.000000 42.437685 -0.025074 
52 -12.673630 0.000000 8.996577 90.991788 0.000000 42.506525 -0.008631 
53 7.422402 0.000000 8.996577 93.858823 0.000000 40.042142 -0.041285 
54 -2.625614 0.000000 18.210524 91.393555 0.000000 42.106253 -0.012572 
55 2.398394 0.000000 -4.824342 87.814972 0.000000 42.026543 0.052230 
56 -2.625614 0.000000 -4.824342 89.641012 0.000000 43.177750 0.010017 
57 2.398394 0.000000 -9.431316 89.093460 0.000000 42.014728 0.029712 
58 7.422402 0.000000 -4.824342 85.988909 0.000000 39.421356 0.105186 
59 2.398394 0.000000 -0.217369 94.645676 0.000000 38.352623 -0.042873 
60 17.470418 0.000000 8.996577 80.509951 0.000000 53.816013 0.062198 
61 27.518435 0.000000 8.996577 86.938807 0.000000 49.697989 -0.002825 
62 17.470418 0.000000 18.210524 91.898773 0.000000 40.367313 -0.007490 
63 2.398394 0.000000 4.389604 94.581497 0.000000 42.059655 -0.071467 
64 -2.625614 0.000000 4.389604 92.129803 0.000000 43.129381 -0.034804 
65 7.422402 0.000000 4.389604 96.183661 0.000000 40.040032 -0.085450 
66 2.398394 0.000000 8.996577 92.966391 0.000000 41.718109 -0.038315 
67 12.446410 0.000000 4.389604 84.853737 0.000000 45.042502 0.077102 
68 12.446410 0.000000 -0.217369 48.394599 0.000000 -15.395421 0.742094 
69 17.470418 0.000000 4.389604 77.907846 0.000000 54.437251 0.096695 
70 12.446410 0.000000 8.996577 93.108835 0.000000 38.697441 -0.016675 
71 4.910398 0.000000 2.086117 93.778021 0.000000 47.322746 -0.103376 
72 2.398394 0.000000 2.086117 95.950749 0.000000 42.067309 -0.097620 
73 4.910398 0.000000 -0.217369 84.722302 0.000000 47.314013 0.058352 
74 7.422402 0.000000 2.086117 91.064457 0.000000 52.244590 -0.102223 
75 4.910398 0.000000 4.389604 95.774490 0.000000 41.012218 -0.085476 
76 12.446410 0.000000 -4.824342 88.128625 0.000000 36.223490 0.092120 
77 12.446410 0.000000 -9.431316 89.127643 0.000000 39.504356 0.049567 
78 17.470418 0.000000 -4.824342 90.495319 0.000000 37.074499 0.043608 
79 4.910398 0.000000 -2.520856 86.349870 0.000000 40.228445 0.092537 
80 2.398394 0.000000 -2.520856 86.166143 0.000000 40.121871 0.096563 
81 4.910398 0.000000 -4.824342 86.980943 0.000000 41.121693 0.074332 
82 7.422402 0.000000 -2.520856 83.523650 0.000000 38.035531 0.157710 
83 9.934406 0.000000 2.086117 97.089526 0.000000 28.074478 -0.021455 
84 9.934406 0.000000 -0.217369 89.586201 0.000000 -2.153739 0.196967 
85 12.446410 0.000000 2.086117 86.724149 0.000000 38.740581 0.097809 
86 9.934406 0.000000 4.389604 84.789849 0.000000 55.236108 -0.024035 
87 6.166400 0.000000 0.934374 109.176344 0.000000 27.872316 -0.269634 
88 4.910398 0.000000 0.934374 83.579482 0.000000 66.309763 -0.138251 
89 6.166400 0.000000 -0.217369 77.508977 0.000000 29.781519 0.310542 
90 7.422402 0.000000 0.934374 93.593020 0.000000 -2.242791 0.123532 
91 6.166400 0.000000 2.086117 88.681179 0.000000 58.584634 -0.129651 
92 9.934406 0.000000 -2.520856 84.510131 0.000000 35.175600 0.162071 
93 9.934406 0.000000 -4.824342 86.331408 0.000000 37.284061 0.115679 
94 12.446410 0.000000 -2.520856 89.214571 0.000000 34.891061 0.082337 
95 6.166400 0.000000 -1.369112 82.920071 0.000000 38.703997 0.162626 
96 4.910398 0.000000 -1.369112 88.280135 0.000000 39.092133 0.067842 
97 6.166400 0.000000 -2.520856 84.482478 0.000000 39.597738 0.129473 
98 7.422402 0.000000 -1.369112 82.472543 0.000000 36.895286 0.183702 
99 8.678404 0.000000 0.934374 92.082334 0.000000 -2.428271 0.151495 
100 8.678404 0.000000 -0.217369 92.082334 0.000000 -2.428271 0.151495 
101 9.934406 0.000000 0.934374 95.679334 0.000000 16.577429 0.057065 
102 8.678404 0.000000 2.086117 92.829644 0.000000 44.172965 -0.056859 
103 6.794401 0.000000 0.358503 94.542864 0.000000 -1.876833 0.105812 
104 6.166400 0.000000 0.358503 97.570062 0.000000 10.098795 0.037810 
105 6.794401 0.000000 -0.217369 81.279022 0.000000 26.442577 0.269451 
106 7.422402 0.000000 0.358503 93.569605 0.000000 -2.248382 0.123967 
107 6.794401 0.000000 0.934374 105.785305 0.000000 13.970456 -0.138570 
108 -52.865695 0.000000 18.210524 90.669991 0.000000 42.297697 -0.001014 
109 -72.961727 0.000000 18.210524 90.650820 0.000000 42.284210 -0.000553 
110 -52.865695 0.000000 -0.217369 90.646576 0.000000 42.307254 -0.000671 
111 -52.865695 0.000000 36.638417 90.679179 0.000000 42.280867 -0.001039 
112 -22.721646 0.000000 8.996577 90.774592 0.000000 42.405184 -0.003823 
113 -32.769663 0.000000 8.996577 90.704301 0.000000 42.350408 -0.002083 
114 -22.721646 0.000000 -0.217369 90.682159 0.000000 42.441222 -0.002451 
115 -22.721646 0.000000 18.210524 90.811464 0.000000 42.343095 -0.003966 
116 -7.649622 0.000000 4.389604 91.173087 0.000000 42.819945 -0.014608 
117 -12.673630 0.000000 4.389604 90.895740 0.000000 42.604832 -0.007721 
118 -7.649622 0.000000 -0.217369 90.780702 0.000000 42.988158 -0.008912 
119 -7.649622 0.000000 8.996577 91.292939 0.000000 42.552509 -0.014512 
120 -0.113610 0.000000 2.086117 93.819829 0.000000 44.269619 -0.076196 
121 -2.625614 0.000000 2.086117 91.883306 0.000000 43.811839 -0.036202 
122 -0.113610 0.000000 -0.217369 93.233679 0.000000 47.042218 -0.090549 
123 -0.113610 0.000000 4.389604 93.274344 0.000000 42.940095 -0.054396 
124 3.654396 0.000000 0.934374 86.111985 0.000000 51.115926 -0.002811 
125 2.398394 0.000000 0.934374 97.307366 0.000000 42.670267 -0.128948 
126 3.654396 0.000000 -0.217369 90.801471 0.000000 8.402640 0.168449 
127 3.654396 0.000000 2.086117 94.770435 0.000000 42.564150 -0.079314 
128 5.538399 0.000000 0.358503 90.543775 0.000000 42.235827 0.001796 
129 4.910398 0.000000 0.358503 87.944135 0.000000 50.914711 -0.032648 
130 5.538399 0.000000 -0.217369 85.740485 0.000000 50.338662 0.011459 
131 5.538399 0.000000 0.934374 98.338383 0.000000 52.422921 -0.241860 
132 -12.673630 0.000000 55.066309 90.758780 0.000000 42.210015 -0.001884 
133 -32.769663 0.000000 55.066309 90.709115 0.000000 42.254137 -0.001356 
134 7.422402 0.000000 55.066309 90.809022 0.000000 42.112922 -0.001978 
135 -12.673630 0.000000 73.494202 90.712458 0.000000 42.220099 -0.001129 
136 -2.625614 0.000000 27.424470 91.088540 0.000000 42.084592 -0.006824 
137 -12.673630 0.000000 27.424470 90.920825 0.000000 42.241806 -0.005097 
138 7.422402 0.000000 27.424470 91.249316 0.000000 41.772711 -0.007140 
139 -2.625614 0.000000 36.638417 90.936245 0.000000 42.119271 -0.004343 
140 2.398394 0.000000 13.603551 92.118545 0.000000 41.705831 -0.022520 
141 -2.625614 0.000000 13.603551 91.628929 0.000000 42.194071 -0.017620 
142 7.422402 0.000000 13.603551 92.486105 0.000000 40.888669 -0.022556 
143 2.398394 0.000000 18.210524 91.642236 0.000000 41.797865 -0.014536 
144 4.910398 0.000000 6.693091 94.497565 0.000000 40.859448 -0.059928 
145 2.398394 0.000000 6.693091 93.601994 0.000000 41.827076 -0.051084 
146 7.422402 0.000000 6.693091 95.068289 0.000000 39.498731 -0.059813 
147 4.910398 0.000000 8.996577 93.495753 0.000000 40.994678 -0.042202 
148 6.166400 0.000000 3.237861 96.267184 0.000000 42.549914 -0.107787 
149 4.910398 0.000000 3.237861 96.145405 0.000000 41.822667 -0.099307 
150 7.422402 0.000000 3.237861 92.106617 0.000000 48.534879 -0.083926 
151 6.166400 0.000000 4.389604 96.324450 0.000000 40.361007 -0.090741 
152 6.794401 0.000000 1.510246 94.068261 0.000000 46.918966 -0.105023 
153 6.166400 0.000000 1.510246 91.380269 0.000000 59.660678 -0.190975 
154 7.422402 0.000000 1.510246 97.560246 0.000000 30.874503 -0.047124 
155 6.794401 0.000000 2.086117 88.787726 0.000000 56.755356 -0.110443 
156 6.480401 0.000000 0.646438 96.116831 0.000000 -0.130828 0.076154 
157 6.166400 0.000000 0.646438 97.843866 0.000000 8.324647 0.035728 
158 6.480401 0.000000 0.358503 96.199267 0.000000 -0.388132 0.074555 
159 6.794401 0.000000 0.646438 94.695221 0.000000 -1.808700 0.102954 
160 6.480401 0.000000 0.934374 108.008558 0.000000 18.788612 -0.201886 
161 8.678404 0.000000 -1.369112 83.223561 0.000000 36.857551 0.171536 
162 8.678404 0.000000 -2.520856 83.732832 0.000000 36.447663 0.166038 
163 9.934406 0.000000 -1.369112 84.022241 0.000000 37.113949 0.156282 
164 8.050403 0.000000 0.358503 92.781919 0.000000 -2.394043 0.138578 
165 8.050403 0.000000 -0.217369 92.811508 0.000000 -2.395846 0.138028 
166 8.678404 0.000000 0.358503 92.029233 0.000000 -2.420804 0.152476 
167 8.050403 0.000000 0.934374 92.811508 0.000000 -2.395846 0.138028 
168 67.710499 0.000000 18.210524 92.795988 0.000000 37.581968 -0.002350 
169 67.710499 0.000000 -0.217369 91.072952 0.000000 41.207499 0.000766 
170 87.806532 0.000000 18.210524 91.590314 0.000000 40.175638 -0.000287 
171 67.710499 0.000000 36.638417 91.644102 0.000000 40.103262 -0.000691 
172 37.566451 0.000000 8.996577 88.156721 0.000000 47.332136 -0.001194 
173 37.566451 0.000000 -0.217369 92.038124 0.000000 38.711894 0.003037 
174 47.614467 0.000000 8.996577 92.778673 0.000000 37.517606 -0.001545 
175 37.566451 0.000000 18.210524 86.695812 0.000000 50.724757 -0.008916 
176 22.494427 0.000000 4.389604 89.794503 0.000000 39.389762 0.038539 
177 22.494427 0.000000 -0.217369 91.389341 0.000000 38.131477 0.019398 
178 27.518435 0.000000 4.389604 87.819553 0.000000 47.078090 0.007138 
179 22.494427 0.000000 8.996577 85.455543 0.000000 52.847251 -0.009548 
180 14.958414 0.000000 2.086117 51.555241 0.000000 118.180489 -0.662457 
181 14.958414 0.000000 -0.217369 82.747294 0.000000 54.476621 0.018518 
182 17.470418 0.000000 2.086117 78.991044 0.000000 56.591623 0.055780 
183 14.958414 0.000000 4.389604 89.192182 0.000000 42.010735 0.027985 
184 11.190408 0.000000 0.934374 87.738483 0.000000 19.591650 0.191813 
185 11.190408 0.000000 -0.217369 75.358881 0.000000 24.997191 0.369618 
186 12.446410 0.000000 0.934374 61.720897 0.000000 46.695188 0.401009 
187 11.190408 0.000000 2.086117 93.816547 0.000000 28.034872 0.041250 
188 9.306405 0.000000 0.358503 91.010218 0.000000 -2.351834 0.171161 
189 9.306405 0.000000 -0.217369 90.986222 0.000000 -2.352183 0.171597 
190 9.934406 0.000000 0.358503 89.624638 0.000000 -2.154442 0.196278 
191 9.306405 0.000000 0.934374 90.986222 0.000000 -2.352183 0.171597 
192 67.710499 0.000000 -18.645262 90.752374 0.000000 41.853382 0.001230 
193 67.710499 0.000000 -37.073155 90.660693 0.000000 42.056009 0.001193 
194 87.806532 0.000000 -18.645262 90.725086 0.000000 41.982381 0.000644 
195 37.566451 0.000000 -9.431316 91.063156 0.000000 40.685371 0.005220 
196 37.566451 0.000000 -18.645262 90.739585 0.000000 41.448966 0.004831 
197 47.614467 0.000000 -9.431316 90.991793 0.000000 41.157006 0.002659 
198 22.494427 0.000000 -4.824342 91.289856 0.000000 37.822396 0.023563 
199 22.494427 0.000000 -9.431316 90.727903 0.000000 39.538899 0.020512 
200 27.518435 0.000000 -4.824342 91.527975 0.000000 38.625605 0.013069 
201 14.958414 0.000000 -2.520856 90.062120 0.000000 37.503754 0.048228 
202 14.958414 0.000000 -4.824342 89.689223 0.000000 36.617541 0.061500 
203 17.470418 0.000000 -2.520856 90.586894 0.000000 37.117934 0.041627 
204 11.190408 0.000000 -1.369112 85.259160 0.000000 34.856541 0.151590 
205 11.190408 0.000000 -2.520856 86.441717 0.000000 34.309297 0.135070 
206 12.446410 0.000000 -1.369112 92.651057 0.000000 34.128839 0.025100 
207 10.562407 0.000000 0.358503 86.345226 0.000000 -1.532370 0.254215 
208 10.562407 0.000000 -0.217369 81.900264 0.000000 30.893061 0.233797 
209 11.190408 0.000000 0.358503 76.627519 0.000000 -6.016113 0.409203 
210 10.562407 0.000000 0.934374 93.155721 0.000000 17.964384 0.099929 
211 10.562407 0.000000 -0.793241 83.353818 0.000000 38.205326 0.159249 
212 9.934406 0.000000 -0.793241 84.103759 0.000000 38.994090 0.140602 
213 10.562407 0.000000 -1.369112 84.382574 0.000000 36.530170 0.154513 
214 11.190408 0.000000 -0.793241 82.444878 0.000000 35.049765 0.197436 
215 13.702412 0.000000 0.934374 53.262235 0.000000 84.534223 0.001710 
216 13.702412 0.000000 -0.217369 75.401167 0.000000 79.797179 -0.205293 
217 14.958414 0.000000 0.934374 69.935846 0.000000 74.266198 -0.040649 
218 13.702412 0.000000 2.086117 78.800373 0.000000 56.859405 0.055751 
219 11.818409 0.000000 0.358503 54.235075 0.000000 -18.196082 0.672746 
220 11.818409 0.000000 -0.217369 47.114156 0.000000 -18.664298 0.743190 
221 12.446410 0.000000 0.358503 34.131155 0.000000 34.412937 0.765081 
222 11.818409 0.000000 0.934374 75.493509 0.000000 27.686042 0.353421 
223 10.876408 0.000000 0.070567 83.824588 0.000000 -1.655241 0.297070 
224 10.562407 0.000000 0.070567 86.442451 0.000000 -1.562048 0.252526 
225 10.876408 0.000000 -0.217369 78.993752 0.000000 29.349717 0.289858 
226 11.190408 0.000000 0.070567 74.298475 0.000000 -7.845078 0.441819 
227 10.876408 0.000000 0.358503 83.567162 0.000000 -1.232484 0.301501 
228 -52.865695 0.000000 -18.645262 90.621801 0.000000 42.301113 -0.000169 
229 -72.961727 0.000000 -18.645262 90.629079 0.000000 42.285843 -0.000172 
230 -52.865695 0.000000 -37.073155 90.609232 0.000000 42.286805 0.000179 
231 -52.865695 0.000000 55.066309 90.676821 0.000000 42.267774 -0.000885 
232 -72.961727 0.000000 55.066309 90.658687 0.000000 42.270380 -0.000578 
233 -52.865695 0.000000 73.494202 90.670150 0.000000 42.260140 -0.000700 
234 -22.721646 0.000000 -9.431316 90.586310 0.000000 42.415261 -0.000493 
235 -32.769663 0.000000 -9.431316 90.619858 0.000000 42.355224 -0.000592 
236 -22.721646 0.000000 -18.645262 90.540702 0.000000 42.357696 0.000821 
237 27.518435 0.000000 55.066309 90.840472 0.000000 41.975237 -0.001391 
238 47.614467 0.000000 55.066309 90.883047 0.000000 41.802671 -0.000719 
239 27.518435 0.000000 73.494202 90.748635 0.000000 42.114755 -0.000897 
240 -22.721646 0.000000 27.424470 90.803669 0.000000 42.289365 -0.003370 
241 -32.769663 0.000000 27.424470 90.735824 0.000000 42.295886 -0.002193 
242 -22.721646 0.000000 36.638417 90.778666 0.000000 42.258246 -0.002653 
243 -7.649622 0.000000 -4.824342 90.384562 0.000000 42.839167 -0.000456 
244 -12.673630 0.000000 -4.824342 90.557791 0.000000 42.621726 -0.001732 
245 -7.649622 0.000000 -9.431316 90.245641 0.000000 42.595062 0.004138 
246 17.470418 0.000000 27.424470 91.321600 0.000000 41.353390 -0.004974 
247 27.518435 0.000000 27.424470 91.393795 0.000000 40.913752 -0.002676 
248 17.470418 0.000000 36.638417 91.046943 0.000000 41.758878 -0.003335 
249 -7.649622 0.000000 13.603551 91.253163 0.000000 42.369500 -0.012231 
250 -12.673630 0.000000 13.603551 91.015867 0.000000 42.401919 -0.008181 
251 -7.649622 0.000000 18.210524 91.160923 0.000000 42.256371 -0.009591 
252 -0.113610 0.000000 -2.520856 87.752602 0.000000 44.054775 0.035866 
253 -2.625614 0.000000 -2.520856 89.884149 0.000000 43.857215 -0.000262 
254 -0.113610 0.000000 -4.824342 88.686245 0.000000 42.962355 0.028899 
255 12.446410 0.000000 13.603551 92.486408 0.000000 39.967493 -0.015114 
256 17.470418 0.000000 13.603551 92.123194 0.000000 39.665426 -0.006003 
257 12.446410 0.000000 18.210524 91.906192 0.000000 40.826322 -0.011354 
258 -0.113610 0.000000 6.693091 92.780671 0.000000 42.445442 -0.040987 
259 -2.625614 0.000000 6.693091 92.077972 0.000000 42.697923 -0.030147 
260 -0.113610 0.000000 8.996577 92.419214 0.000000 42.184033 -0.032080 
261 9.934406 0.000000 6.693091 94.481034 0.000000 38.505799 -0.040936 
262 12.446410 0.000000 6.693091 90.160971 0.000000 42.689674 0.004859 
263 9.934406 0.000000 8.996577 93.783269 0.000000 39.086409 -0.032305 
264 3.654396 0.000000 3.237861 95.539687 0.000000 41.799477 -0.087503 
265 2.398394 0.000000 3.237861 95.152880 0.000000 42.167386 -0.083216 
266 3.654396 0.000000 4.389604 95.112851 0.000000 41.513612 -0.076983 
267 3.654396 0.000000 -1.369112 88.720135 0.000000 32.094260 0.109870 
268 2.398394 0.000000 -1.369112 84.230339 0.000000 31.518147 0.191186 
269 3.654396 0.000000 -2.520856 86.982877 0.000000 39.615123 0.086462 
270 8.678404 0.000000 3.237861 84.780839 0.000000 57.634446 -0.050952 
271 9.934406 0.000000 3.237861 90.902317 0.000000 43.663326 -0.016972 
272 8.678404 0.000000 4.389604 93.916808 0.000000 42.336513 -0.061275 
273 5.538399 0.000000 1.510246 87.777673 0.000000 64.557420 -0.187258 
274 4.910398 0.000000 1.510246 87.198619 0.000000 59.597886 -0.115551 
275 5.538399 0.000000 2.086117 92.039454 0.000000 52.565233 -0.123436 
276 8.050403 0.000000 1.510246 99.432827 0.000000 20.640829 -0.031293 
277 8.678404 0.000000 1.510246 106.622163 0.000000 -2.801406 -0.137613 
278 8.050403 0.000000 2.086117 88.211990 0.000000 59.857550 -0.136428 
279 9.306405 0.000000 -0.793241 84.191662 0.000000 38.300539 0.144483 
280 8.678404 0.000000 -0.793241 83.890883 0.000000 37.308873 0.157037 
281 9.306405 0.000000 -1.369112 83.648668 0.000000 37.065483 0.162905 
282 8.050403 0.000000 -0.793241 83.373008 0.000000 36.149529 0.174215 
283 7.422402 0.000000 -0.793241 82.610225 0.000000 35.344537 0.192631 
284 8.050403 0.000000 -1.369112 82.835675 0.000000 36.696955 0.179158 
285 13.702412 0.000000 -1.369112 92.569519 0.000000 44.420447 -0.054229 
286 13.702412 0.000000 -2.520856 90.313261 0.000000 36.870624 0.048407 
287 14.958414 0.000000 -1.369112 88.943492 0.000000 42.537924 0.027958 
288 11.818409 0.000000 -0.793241 84.928313 0.000000 28.674402 0.196496 
289 11.818409 0.000000 -1.369112 87.900560 0.000000 33.276550 0.116616 
290 12.446410 0.000000 -0.793241 96.818429 0.000000 25.945501 -0.004698 
291 67.710499 0.000000 55.066309 90.995274 0.000000 41.514529 -0.000360 
292 87.806532 0.000000 55.066309 91.270244 0.000000 40.903115 -0.000332 
293 67.710499 0.000000 73.494202 90.793963 0.000000 41.949781 -0.000333 
294 37.566451 0.000000 27.424470 91.568814 0.000000 40.372821 -0.001481 
295 47.614467 0.000000 27.424470 91.687823 0.000000 40.043828 -0.001016 
296 37.566451 0.000000 36.638417 91.162837 0.000000 41.275747 -0.001435 
297 22.494427 0.000000 13.603551 90.999842 0.000000 41.792333 -0.002757 
298 27.518435 0.000000 13.603551 86.509303 0.000000 51.142808 -0.009945 
299 22.494427 0.000000 18.210524 91.902983 0.000000 40.004559 -0.004652 
300 14.958414 0.000000 6.693091 81.907273 0.000000 56.561786 0.009196 
301 17.470418 0.000000 6.693091 88.579884 0.000000 46.099621 0.002843 
302 14.958414 0.000000 8.996577 91.024441 0.000000 40.251106 0.009440 
303 11.190408 0.000000 3.237861 86.744397 0.000000 49.199191 0.005485 
304 12.446410 0.000000 3.237861 89.220880 0.000000 38.238591 0.057744 
305 11.190408 0.000000 4.389604 83.958324 0.000000 51.463649 0.030249 
306 6.794401 0.000000 -0.793241 81.653750 0.000000 35.384612 0.208059 
307 6.166400 0.000000 -0.793241 81.338815 0.000000 37.260841 0.199563 
308 6.794401 0.000000 -1.369112 82.307248 0.000000 37.480567 0.182072 
309 5.538399 0.000000 -0.793241 83.920589 0.000000 40.368730 0.132770 
310 4.910398 0.000000 -0.793241 92.021449 0.000000 39.967647 -0.006536 
311 5.538399 0.000000 -1.369112 84.935392 0.000000 39.954958 0.118958 
312 9.306405 0.000000 1.510246 99.259624 0.000000 21.648712 -0.032114 
313 9.934406 0.000000 1.510246 97.075684 0.000000 24.495850 -0.002374 
314 9.306405 0.000000 2.086117 96.699359 0.000000 32.818427 -0.042782 
315 13.702412 0.000000 3.237861 87.964954 0.000000 41.525188 0.053783 
316 14.958414 0.000000 3.237861 85.855535 0.000000 45.649205 0.054498 
317 13.702412 0.000000 4.389604 89.721365 0.000000 40.932189 0.027463 
318 10.562407 0.000000 1.510246 94.739085 0.000000 25.891627 0.035413 
319 11.190408 0.000000 1.510246 90.929044 0.000000 27.897962 0.095361 
320 10.562407 0.000000 2.086117 111.838437 0.000000 -26.542518 -0.321234 
321 11.818409 0.000000 1.510246 84.978561 0.000000 33.210254 0.167572 
322 12.446410 0.000000 1.510246 77.950459 0.000000 43.452028 0.203565 
323 11.818409 0.000000 2.086117 90.799010 0.000000 32.259858 0.071484 
1 1 12 10 11 
2 12 7 13 10 
3 7 16 15 13 
4 16 2 17 15 
5 10 25 23 24 
6 25 13 26 23 
7 13 32 31 26 
8 32 15 33 31 
9 23 41 39 40 
10 41 26 42 39 
11 26 48 47 42 
12 48 31 49 47 
13 39 57 55 56 
14 57 42 58 55 
15 42 77 76 58 
16 77 47 78 76 
17 55 81 79 80 
18 81 58 82 79 
19 58 93 92 82 
20 93 76 94 92 
21 79 97 95 96 
22 97 82 98 95 
23 89 105 103 104 
24 105 5 106 103 
25 103 106 90 107 
26 6 110 108 109 
27 110 14 36 108 
28 108 36 19 111 
29 109 108 111 20 
30 14 114 112 113 
31 114 27 52 112 
32 112 52 35 115 
33 113 112 115 36 
34 27 118 116 117 
35 118 43 64 116 
36 116 64 51 119 
37 117 116 119 52 
38 43 122 120 121 
39 122 59 72 120 
40 120 72 63 123 
41 121 120 123 64 
42 59 126 124 125 
43 126 73 88 124 
44 124 88 71 127 
45 125 124 127 72 
46 73 130 128 129 
47 130 89 104 128 
48 128 104 87 131 
49 129 128 131 88 
50 19 38 132 133 
51 38 21 134 132 
52 132 134 9 135 
53 133 132 135 22 
54 35 54 136 137 
55 54 37 138 136 
56 136 138 21 139 
57 137 136 139 38 
58 51 66 140 141 
59 66 53 142 140 
60 140 142 37 143 
61 141 140 143 54 
62 63 75 144 145 
63 75 65 146 144 
64 144 146 53 147 
65 145 144 147 66 
66 71 91 148 149 
67 91 74 150 148 
68 148 150 65 151 
69 149 148 151 75 
70 87 107 152 153 
71 107 90 154 152 
72 152 154 74 155 
73 153 152 155 91 
74 104 158 156 157 
75 158 103 159 156 
76 156 159 107 160 
77 157 156 160 87 
78 82 162 161 98 
79 162 92 163 161 
80 5 165 164 106 
81 165 100 166 164 
82 164 166 99 167 
83 106 164 167 90 
84 18 169 168 45 
85 169 8 170 168 
86 168 170 29 171 
87 45 168 171 28 
88 34 173 172 61 
89 173 18 174 172 
90 172 174 45 175 
91 61 172 175 44 
92 50 177 176 69 
93 177 34 178 176 
94 176 178 61 179 
95 69 176 179 60 
96 181 50 182 180 
97 180 182 69 183 
98 100 189 188 166 
99 189 84 190 188 
100 188 190 101 191 
101 166 188 191 99 
102 15 193 192 33 
103 193 17 194 192 
104 192 194 8 169 
105 33 192 169 18 
106 31 196 195 49 
107 196 33 197 195 
108 195 197 18 173 
109 49 195 173 34 
110 47 199 198 78 
111 199 49 200 198 
112 198 200 34 177 
113 78 198 177 50 
114 76 202 201 94 
115 202 78 203 201 
116 201 203 50 181 
117 92 205 204 163 
118 205 94 206 204 
119 84 208 207 190 
120 207 209 184 210 
121 190 207 210 101 
122 163 213 211 212 
123 213 204 214 211 
124 211 214 185 208 
125 212 211 208 84 
126 68 216 215 186 
127 216 181 217 215 
128 215 217 180 218 
129 186 215 218 85 
130 185 220 219 209 
131 220 68 221 219 
132 219 221 186 222 
133 209 219 222 184 
134 208 225 223 224 
135 225 185 226 223 
136 223 226 209 227 
137 224 223 227 207 
138 11 230 228 229 
139 230 10 24 228 
140 228 24 14 110 
141 229 228 110 6 
142 20 111 231 232 
143 111 19 133 231 
144 231 133 22 233 
145 232 231 233 4 
146 24 236 234 235 
147 236 23 40 234 
148 234 40 27 114 
149 235 234 114 14 
150 21 46 237 134 
151 46 28 238 237 
152 237 238 30 239 
153 134 237 239 9 
154 36 115 240 241 
155 115 35 137 240 
156 240 137 38 242 
157 241 240 242 19 
158 40 245 243 244 
159 245 39 56 243 
160 243 56 43 118 
161 244 243 118 27 
162 37 62 246 138 
163 62 44 247 246 
164 246 247 46 248 
165 138 246 248 21 
166 52 119 249 250 
167 119 51 141 249 
168 249 141 54 251 
169 250 249 251 35 
170 56 254 252 253 
171 254 55 80 252 
172 252 80 59 122 
173 253 252 122 43 
174 53 70 255 142 
175 70 60 256 255 
176 255 256 62 257 
177 142 255 257 37 
178 64 123 258 259 
179 123 63 145 258 
180 258 145 66 260 
181 259 258 260 51 
182 65 86 261 146 
183 86 67 262 261 
184 261 262 70 263 
185 146 261 263 53 
186 72 127 264 265 
187 127 71 149 264 
188 264 149 75 266 
189 265 264 266 63 
190 80 269 267 268 
191 269 79 96 267 
192 267 96 73 126 
193 268 267 126 59 
194 74 102 270 150 
195 102 83 271 270 
196 270 271 86 272 
197 150 270 272 65 
198 88 131 273 274 
199 131 87 153 273 
200 273 153 91 275 
201 274 273 275 71 
202 90 167 276 154 
203 167 99 277 276 
204 276 277 102 278 
205 154 276 278 74 
206 161 281 279 280 
207 281 163 212 279 
208 279 212 84 189 
209 280 279 189 100 
210 98 284 282 283 
211 284 161 280 282 
212 282 280 100 165 
213 283 282 165 5 
214 94 286 285 206 
215 286 201 287 285 
216 285 287 181 216 
217 206 285 216 68 
218 204 289 288 214 
219 289 206 290 288 
220 288 290 68 220 
221 214 288 220 185 
222 28 171 291 238 
223 171 29 292 291 
224 291 292 3 293 
225 238 291 293 30 
226 44 175 294 247 
227 175 45 295 294 
228 294 295 28 296 
229 247 294 296 46 
230 60 179 297 256 
231 179 61 298 297 
232 297 298 44 299 
233 256 297 299 62 
234 67 183 300 262 
235 183 69 301 300 
236 300 301 60 302 
237 262 300 302 70 
238 83 187 303 271 
239 187 85 304 303 
240 303 304 67 305 
241 271 303 305 86 
242 95 308 306 307 
243 308 98 283 306 
244 306 283 5 105 
245 307 306 105 89 
246 96 311 309 310 
247 311 95 307 309 
248 309 307 89 130 
249 310 309 130 73 
250 99 191 312 277 
251 191 101 313 312 
252 312 313 83 314 
253 277 312 314 102 
254 85 218 315 304 
255 218 180 316 315 
256 315 316 183 317 
257 304 315 317 67 
258 101 210 318 313 
259 210 184 319 318 
260 318 319 187 320 
261 313 318 320 83 
262 184 222 321 319 
263 222 186 322 321 
264 321 322 85 323 
265 319 321 323 187 
