2 0.000000 100.000000 410.334720
323 265 
1 -72.961727 0.000000 -73.928940 98.305974 0.000000 18.258381 0.000257 
2 87.806532 0.000000 -73.928940 98.313597 0.000000 18.171149 0.000425 
3 87.806532 0.000000 73.494202 98.365942 0.000000 18.082203 -0.000282 
4 -72.961727 0.000000 73.494202 98.338767 0.000000 18.256866 -0.000383 
5 7.422402 0.000000 -0.217369 91.770507 0.000000 9.957827 0.147902 
6 -72.961727 0.000000 -0.217369 98.323329 0.000000 18.274707 -0.000144 
7 7.422402 0.000000 -73.928940 98.272062 0.000000 18.209920 0.001100 
8 87.806532 0.000000 -0.217369 98.624100 0.000000 16.562339 -0.000102 
9 7.422402 0.000000 73.494202 98.387356 0.000000 18.193154 -0.001106 
10 -32.769663 0.000000 -37.073155 98.266244 0.000000 18.273409 0.000983 
11 -72.961727 0.000000 -37.073155 98.308253 0.000000 18.267915 0.000177 
12 -32.769663 0.000000 -73.928940 98.288076 0.000000 18.249100 0.000642 
13 7.422402 0.000000 -37.073155 98.136390 0.000000 18.099907 0.004164 
14 -32.769663 0.000000 -0.217369 98.330859 0.000000 18.334910 -0.000513 
15 47.614467 0.000000 -37.073155 98.287864 0.000000 17.939402 0.001767 
16 47.614467 0.000000 -73.928940 98.291646 0.000000 18.172351 0.000852 
17 87.806532 0.000000 -37.073155 98.340474 0.000000 18.012489 0.000470 
18 47.614467 0.000000 -0.217369 98.672579 0.000000 16.119827 0.000387 
19 -32.769663 0.000000 36.638417 98.390627 0.000000 18.268767 -0.001446 
20 -72.961727 0.000000 36.638417 98.337816 0.000000 18.266908 -0.000401 
21 7.422402 0.000000 36.638417 98.570253 0.000000 18.046900 -0.004179 
22 -32.769663 0.000000 73.494202 98.361544 0.000000 18.244384 -0.000785 
23 -12.673630 0.000000 -18.645262 98.118206 0.000000 18.328868 0.003687 
24 -32.769663 0.000000 -18.645262 98.274577 0.000000 18.308985 0.000689 
25 -12.673630 0.000000 -37.073155 98.198858 0.000000 18.240079 0.002428 
26 7.422402 0.000000 -18.645262 97.697982 0.000000 17.794414 0.013846 
27 -12.673630 0.000000 -0.217369 98.348555 0.000000 18.569267 -0.001726 
28 47.614467 0.000000 36.638417 98.488328 0.000000 17.663243 -0.001194 
29 87.806532 0.000000 36.638417 98.498685 0.000000 17.343524 -0.000279 
30 47.614467 0.000000 73.494202 98.378838 0.000000 18.126853 -0.000698 
31 27.518435 0.000000 -18.645262 98.154652 0.000000 17.200184 0.006982 
32 27.518435 0.000000 -37.073155 98.201591 0.000000 17.954213 0.003409 
33 47.614467 0.000000 -18.645262 98.372373 0.000000 17.408141 0.001983 
34 27.518435 0.000000 -0.217369 97.861595 0.000000 20.021643 0.002224 
35 -12.673630 0.000000 18.210524 98.575835 0.000000 18.318983 -0.005278 
36 -32.769663 0.000000 18.210524 98.385955 0.000000 18.306369 -0.001492 
37 7.422402 0.000000 18.210524 99.143429 0.000000 17.649044 -0.014091 
38 -12.673630 0.000000 36.638417 98.475011 0.000000 18.225612 -0.002950 
39 -2.625614 0.000000 -9.431316 97.601386 0.000000 18.453763 0.013343 
40 -12.673630 0.000000 -9.431316 98.140536 0.000000 18.459339 0.002769 
41 -2.625614 0.000000 -18.645262 97.896629 0.000000 18.211769 0.008458 
42 7.422402 0.000000 -9.431316 96.698735 0.000000 17.215716 0.035297 
43 -2.625614 0.000000 -0.217369 98.353598 0.000000 19.718202 -0.006224 
44 27.518435 0.000000 18.210524 98.835350 0.000000 16.669922 -0.004631 
45 47.614467 0.000000 18.210524 98.730649 0.000000 16.249158 -0.001178 
46 27.518435 0.000000 36.638417 98.542629 0.000000 17.812537 -0.002794 
47 17.470418 0.000000 -9.431316 97.544575 0.000000 15.951119 0.023062 
48 17.470418 0.000000 -18.645262 97.861531 0.000000 17.311405 0.012344 
49 27.518435 0.000000 -9.431316 98.294042 0.000000 16.129635 0.007812 
50 17.470418 0.000000 -0.217369 96.300790 0.000000 27.507331 -0.003050 
51 -2.625614 0.000000 8.996577 99.203868 0.000000 18.441594 -0.018150 
52 -12.673630 0.000000 8.996577 98.559613 0.000000 18.457058 -0.005466 
53 7.422402 0.000000 8.996577 100.412360 0.000000 16.901995 -0.036832 
54 -2.625614 0.000000 18.210524 98.852566 0.000000 18.177526 -0.010225 
55 2.398394 0.000000 -4.824342 96.134459 0.000000 18.133523 0.042934 
56 -2.625614 0.000000 -4.824342 97.490045 0.000000 18.927848 0.013743 
57 2.398394 0.000000 -9.431316 97.068362 0.000000 18.042546 0.025220 
58 7.422402 0.000000 -4.824342 95.177010 0.000000 16.449329 0.067076 
59 2.398394 0.000000 -0.217369 98.322890 0.000000 24.785884 -0.028173 
60 17.470418 0.000000 8.996577 99.529805 0.000000 15.483365 -0.014592 
61 27.518435 0.000000 8.996577 98.805550 0.000000 16.310239 -0.002856 
62 17.470418 0.000000 18.210524 99.054829 0.000000 17.015404 -0.010138 
63 2.398394 0.000000 4.389604 101.027006 0.000000 18.282934 -0.054072 
64 -2.625614 0.000000 4.389604 99.305394 0.000000 18.971081 -0.022146 
65 7.422402 0.000000 4.389604 102.387816 0.000000 15.993837 -0.073907 
66 2.398394 0.000000 8.996577 99.887959 0.000000 17.948968 -0.029977 
67 12.446410 0.000000 4.389604 100.272487 0.000000 14.977619 -0.027890 
68 12.446410 0.000000 -0.217369 76.639428 0.000000 -24.522622 0.352504 
69 17.470418 0.000000 4.389604 94.495511 0.000000 28.595916 0.025287 
70 12.446410 0.000000 8.996577 100.187531 0.000000 15.796495 -0.028707 
71 4.910398 0.000000 2.086117 102.376241 0.000000 20.891169 -0.091734 
72 2.398394 0.000000 2.086117 101.896910 0.000000 19.220280 -0.075240 
73 4.910398 0.000000 -0.217369 84.181320 0.000000 46.998024 0.070469 
74 7.422402 0.000000 2.086117 104.033600 0.000000 17.871376 -0.114238 
75 4.910398 0.000000 4.389604 101.728805 0.000000 17.427887 -0.065248 
76 12.446410 0.000000 -4.824342 96.238215 0.000000 14.805166 0.051901 
77 12.446410 0.000000 -9.431316 96.914748 0.000000 16.320609 0.034117 
78 17.470418 0.000000 -4.824342 97.603689 0.000000 15.344311 0.023807 
79 4.910398 0.000000 -2.520856 95.066040 0.000000 17.807051 0.064536 
80 2.398394 0.000000 -2.520856 94.994457 0.000000 18.031060 0.065093 
81 4.910398 0.000000 -4.824342 95.649227 0.000000 17.441885 0.054701 
82 7.422402 0.000000 -2.520856 93.717562 0.000000 15.814108 0.096693 
83 9.934406 0.000000 2.086117 99.681789 0.000000 23.603706 -0.049359 
84 9.934406 0.000000 -0.217369 96.644445 0.000000 -2.323426 0.065445 
85 12.446410 0.000000 2.086117 93.005014 0.000000 29.023340 0.050771 
86 9.934406 0.000000 4.389604 101.928777 0.000000 14.737247 -0.060666 
87 6.166400 0.000000 0.934374 111.607183 0.000000 31.093356 -0.342296 
88 4.910398 0.000000 0.934374 97.178639 0.000000 39.984641 -0.104246 
89 6.166400 0.000000 -0.217369 82.496637 0.000000 17.344175 0.289348 
90 7.422402 0.000000 0.934374 95.528491 0.000000 -2.289172 0.086907 
91 6.166400 0.000000 2.086117 104.604071 0.000000 19.652087 -0.132822 
92 9.934406 0.000000 -2.520856 94.366255 0.000000 14.134236 0.089523 
93 9.934406 0.000000 -4.824342 95.314926 0.000000 15.312267 0.068060 
94 12.446410 0.000000 -2.520856 97.256575 0.000000 14.313300 0.033629 
95 6.166400 0.000000 -1.369112 91.924723 0.000000 18.085228 0.122277 
96 4.910398 0.000000 -1.369112 95.754506 0.000000 20.858507 0.039600 
97 6.166400 0.000000 -2.520856 94.020588 0.000000 17.035487 0.086992 
98 7.422402 0.000000 -1.369112 92.661899 0.000000 15.245559 0.118135 
99 8.678404 0.000000 0.934374 95.461306 0.000000 -2.517377 0.088080 
100 8.678404 0.000000 -0.217369 95.461306 0.000000 -2.517377 0.088080 
101 9.934406 0.000000 0.934374 103.987219 0.000000 4.663683 -0.083509 
102 8.678404 0.000000 2.086117 102.406734 0.000000 18.643836 -0.083473 
103 6.794401 0.000000 0.358503 96.288589 0.000000 -1.911943 0.072485 
104 6.166400 0.000000 0.358503 98.202027 0.000000 10.118403 0.025398 
105 6.794401 0.000000 -0.217369 88.383139 0.000000 11.404677 0.205835 
106 7.422402 0.000000 0.358503 95.541287 0.000000 -2.295892 0.086659 
107 6.794401 0.000000 0.934374 106.188513 0.000000 23.948028 -0.184951 
108 -52.865695 0.000000 18.210524 98.345046 0.000000 18.283811 -0.000605 
109 -72.961727 0.000000 18.210524 98.332221 0.000000 18.272256 -0.000310 
110 -52.865695 0.000000 -0.217369 98.325512 0.000000 18.290761 -0.000246 
111 -52.865695 0.000000 36.638417 98.353486 0.000000 18.270558 -0.000722 
112 -22.721646 0.000000 8.996577 98.410534 0.000000 18.371930 -0.002216 
113 -32.769663 0.000000 8.996577 98.364557 0.000000 18.326356 -0.001144 
114 -22.721646 0.000000 -0.217369 98.336477 0.000000 18.397476 -0.000853 
115 -22.721646 0.000000 18.210524 98.443213 0.000000 18.322584 -0.002678 
116 -7.649622 0.000000 4.389604 98.661310 0.000000 18.704821 -0.008392 
117 -12.673630 0.000000 4.389604 98.479912 0.000000 18.534846 -0.004183 
118 -7.649622 0.000000 -0.217369 98.357962 0.000000 18.819297 -0.002845 
119 -7.649622 0.000000 8.996577 98.766622 0.000000 18.507007 -0.009735 
120 -0.113610 0.000000 2.086117 100.269565 0.000000 20.007169 -0.045427 
121 -2.625614 0.000000 2.086117 99.073063 0.000000 19.481181 -0.019499 
122 -0.113610 0.000000 -0.217369 98.891285 0.000000 21.522785 -0.024272 
123 -0.113610 0.000000 4.389604 100.112045 0.000000 18.896473 -0.037950 
124 3.654396 0.000000 0.934374 97.455026 0.000000 25.647615 -0.015528 
125 2.398394 0.000000 0.934374 102.306232 0.000000 21.491918 -0.092847 
126 3.654396 0.000000 -0.217369 96.146723 0.000000 8.900966 0.067658 
127 3.654396 0.000000 2.086117 101.369947 0.000000 19.522254 -0.065698 
128 5.538399 0.000000 0.358503 89.965860 0.000000 41.958173 0.014566 
129 4.910398 0.000000 0.358503 90.111953 0.000000 49.204703 -0.054127 
130 5.538399 0.000000 -0.217369 84.645821 0.000000 49.746322 0.036039 
131 5.538399 0.000000 0.934374 105.406257 0.000000 42.358532 -0.290472 
132 -12.673630 0.000000 55.066309 98.410002 0.000000 18.218713 -0.001645 
133 -32.769663 0.000000 55.066309 98.375895 0.000000 18.250457 -0.001090 
134 7.422402 0.000000 55.066309 98.436985 0.000000 18.151405 -0.001931 
135 -12.673630 0.000000 73.494202 98.376914 0.000000 18.224743 -0.001016 
136 -2.625614 0.000000 27.424470 98.645233 0.000000 18.143518 -0.006007 
137 -12.673630 0.000000 27.424470 98.524777 0.000000 18.250547 -0.004021 
138 7.422402 0.000000 27.424470 98.739941 0.000000 17.924691 -0.007087 
139 -2.625614 0.000000 36.638417 98.531325 0.000000 18.157174 -0.003810 
140 2.398394 0.000000 13.603551 99.332539 0.000000 17.931833 -0.018850 
141 -2.625614 0.000000 13.603551 99.010845 0.000000 18.249143 -0.013618 
142 7.422402 0.000000 13.603551 99.566539 0.000000 17.389559 -0.021589 
143 2.398394 0.000000 18.210524 99.021056 0.000000 17.968492 -0.012804 
144 4.910398 0.000000 6.693091 100.828430 0.000000 17.367292 -0.046800 
145 2.398394 0.000000 6.693091 100.323958 0.000000 18.033662 -0.039011 
146 7.422402 0.000000 6.693091 101.167640 0.000000 16.502813 -0.050723 
147 4.910398 0.000000 8.996577 100.199469 0.000000 17.486981 -0.034573 
148 6.166400 0.000000 3.237861 103.060680 0.000000 17.193049 -0.091710 
149 4.910398 0.000000 3.237861 102.271251 0.000000 18.000689 -0.078343 
150 7.422402 0.000000 3.237861 103.204950 0.000000 15.980717 -0.090664 
151 6.166400 0.000000 4.389604 102.139217 0.000000 16.799325 -0.071464 
152 6.794401 0.000000 1.510246 105.277231 0.000000 23.754348 -0.164756 
153 6.166400 0.000000 1.510246 106.225066 0.000000 25.362724 -0.192703 
154 7.422402 0.000000 1.510246 103.489532 0.000000 24.438916 -0.130734 
155 6.794401 0.000000 2.086117 104.621935 0.000000 18.423086 -0.128516 
156 6.480401 0.000000 0.646438 97.377222 0.000000 -0.143539 0.051766 
157 6.166400 0.000000 0.646438 98.519069 0.000000 8.352945 0.022422 
158 6.480401 0.000000 0.358503 97.426449 0.000000 -0.400882 0.050793 
159 6.794401 0.000000 0.646438 96.389269 0.000000 -1.841996 0.070572 
160 6.480401 0.000000 0.934374 109.261925 0.000000 26.030813 -0.261577 
161 8.678404 0.000000 -1.369112 93.606374 0.000000 14.692559 0.102198 
162 8.678404 0.000000 -2.520856 93.995035 0.000000 14.864519 0.094398 
163 9.934406 0.000000 -1.369112 94.002851 0.000000 14.636931 0.094922 
164 8.050403 0.000000 0.358503 95.251186 0.000000 -2.457883 0.092117 
165 8.050403 0.000000 -0.217369 95.069046 0.000000 -2.454122 0.095585 
166 8.678404 0.000000 0.358503 95.622409 0.000000 -2.515248 0.085003 
167 8.050403 0.000000 0.934374 95.069046 0.000000 -2.454122 0.095585 
168 67.710499 0.000000 18.210524 98.746269 0.000000 16.002515 -0.000691 
169 67.710499 0.000000 -0.217369 98.696386 0.000000 16.125828 -0.000102 
170 87.806532 0.000000 18.210524 97.040688 0.000000 25.161682 -0.005001 
171 67.710499 0.000000 36.638417 98.477889 0.000000 17.526156 -0.000506 
172 37.566451 0.000000 8.996577 97.394735 0.000000 23.390781 -0.003286 
173 37.566451 0.000000 -0.217369 98.475597 0.000000 16.963614 0.001479 
174 47.614467 0.000000 8.996577 94.803999 0.000000 37.229393 -0.037383 
175 37.566451 0.000000 18.210524 98.742728 0.000000 16.451550 -0.002078 
176 22.494427 0.000000 4.389604 93.876878 0.000000 32.184104 0.015132 
177 22.494427 0.000000 -0.217369 97.584017 0.000000 22.804453 -0.004268 
178 27.518435 0.000000 4.389604 95.569535 0.000000 32.870945 -0.021403 
179 22.494427 0.000000 8.996577 99.071064 0.000000 15.694564 -0.006140 
180 14.958414 0.000000 2.086117 94.747574 0.000000 32.642054 -0.004261 
181 14.958414 0.000000 -0.217369 94.527613 0.000000 33.817344 -0.007908 
182 17.470418 0.000000 2.086117 93.802729 0.000000 38.306725 -0.026636 
183 14.958414 0.000000 4.389604 98.310672 0.000000 17.932015 0.001345 
184 11.190408 0.000000 0.934374 99.188343 0.000000 -4.860007 0.013805 
185 11.190408 0.000000 -0.217369 86.118449 0.000000 4.451512 0.256380 
186 12.446410 0.000000 0.934374 89.838665 0.000000 18.989175 0.156843 
187 11.190408 0.000000 2.086117 95.808659 0.000000 31.071313 -0.014473 
188 9.306405 0.000000 0.358503 96.606968 0.000000 -2.496374 0.066086 
189 9.306405 0.000000 -0.217369 96.632767 0.000000 -2.498158 0.065587 
190 9.934406 0.000000 0.358503 96.639095 0.000000 -2.322632 0.065549 
191 9.306405 0.000000 0.934374 96.632767 0.000000 -2.498158 0.065587 
192 67.710499 0.000000 -18.645262 98.403331 0.000000 17.589149 0.000741 
193 67.710499 0.000000 -37.073155 98.327203 0.000000 17.975209 0.000865 
194 87.806532 0.000000 -18.645262 98.399406 0.000000 17.719949 0.000356 
195 37.566451 0.000000 -9.431316 98.489464 0.000000 16.427811 0.002995 
196 37.566451 0.000000 -18.645262 98.313665 0.000000 17.298975 0.003517 
197 47.614467 0.000000 -9.431316 98.526599 0.000000 16.696138 0.001375 
198 22.494427 0.000000 -4.824342 98.199160 0.000000 15.588171 0.011393 
199 22.494427 0.000000 -9.431316 98.030533 0.000000 15.982240 0.013458 
200 27.518435 0.000000 -4.824342 98.447932 0.000000 15.729636 0.006058 
201 14.958414 0.000000 -2.520856 97.591184 0.000000 16.963499 0.018820 
202 14.958414 0.000000 -4.824342 97.103380 0.000000 15.085040 0.034338 
203 17.470418 0.000000 -2.520856 97.677923 0.000000 17.075017 0.016747 
204 11.190408 0.000000 -1.369112 94.704455 0.000000 12.887574 0.086498 
205 11.190408 0.000000 -2.520856 95.481639 0.000000 13.685078 0.069598 
206 12.446410 0.000000 -1.369112 100.390130 0.000000 13.009858 -0.024743 
207 10.562407 0.000000 0.358503 95.427517 0.000000 -1.687782 0.089074 
208 10.562407 0.000000 -0.217369 91.616542 0.000000 10.014206 0.150612 
209 11.190408 0.000000 0.358503 90.994471 0.000000 -7.373249 0.166564 
210 10.562407 0.000000 0.934374 104.894709 0.000000 -45.632308 -0.308521 
211 10.562407 0.000000 -0.793241 93.128860 0.000000 14.227202 0.112460 
212 9.934406 0.000000 -0.793241 93.898234 0.000000 15.007214 0.095791 
213 10.562407 0.000000 -1.369112 94.106783 0.000000 14.116026 0.094465 
214 11.190408 0.000000 -0.793241 92.447090 0.000000 11.471926 0.132193 
215 13.702412 0.000000 0.934374 87.507312 0.000000 41.515570 0.061893 
216 13.702412 0.000000 -0.217369 92.348635 0.000000 46.819064 -0.072030 
217 14.958414 0.000000 0.934374 89.877193 0.000000 48.148234 -0.039616 
218 13.702412 0.000000 2.086117 92.571677 0.000000 28.162844 0.063734 
219 11.818409 0.000000 0.358503 78.153043 0.000000 -26.479629 0.319093 
220 11.818409 0.000000 -0.217369 73.977914 0.000000 -29.322533 0.366746 
221 12.446410 0.000000 0.358503 70.025228 0.000000 5.726305 0.506368 
222 11.818409 0.000000 0.934374 94.015830 0.000000 0.137376 0.116100 
223 10.876408 0.000000 0.070567 94.326187 0.000000 -1.887177 0.109901 
224 10.562407 0.000000 0.070567 95.487110 0.000000 -1.721448 0.087925 
225 10.876408 0.000000 -0.217369 89.077277 0.000000 8.453269 0.199378 
226 11.190408 0.000000 0.070567 89.743599 0.000000 -9.864443 0.184878 
227 10.876408 0.000000 0.358503 94.206338 0.000000 -1.400311 0.112321 
228 -52.865695 0.000000 -18.645262 98.305600 0.000000 18.284889 0.000167 
229 -72.961727 0.000000 -18.645262 98.314283 0.000000 18.272794 0.000041 
230 -52.865695 0.000000 -37.073155 98.296092 0.000000 18.272532 0.000399 
231 -52.865695 0.000000 55.066309 98.352678 0.000000 18.259930 -0.000667 
232 -72.961727 0.000000 55.066309 98.339566 0.000000 18.261273 -0.000414 
233 -52.865695 0.000000 73.494202 98.348149 0.000000 18.253523 -0.000555 
234 -22.721646 0.000000 -9.431316 98.262298 0.000000 18.373791 0.000692 
235 -32.769663 0.000000 -9.431316 98.296884 0.000000 18.327615 0.000182 
236 -22.721646 0.000000 -18.645262 98.228075 0.000000 18.327257 0.001536 
237 27.518435 0.000000 55.066309 98.432902 0.000000 18.070921 -0.001559 
238 47.614467 0.000000 55.066309 98.412748 0.000000 18.009566 -0.000941 
239 27.518435 0.000000 73.494202 98.386859 0.000000 18.157289 -0.000966 
240 -22.721646 0.000000 27.424470 98.441321 0.000000 18.282147 -0.002493 
241 -32.769663 0.000000 27.424470 98.393032 0.000000 18.285554 -0.001555 
242 -22.721646 0.000000 36.638417 98.425425 0.000000 18.256884 -0.002088 
243 -7.649622 0.000000 -4.824342 98.064197 0.000000 18.697519 0.003382 
244 -12.673630 0.000000 -4.824342 98.218712 0.000000 18.534321 0.000956 
245 -7.649622 0.000000 -9.431316 97.965177 0.000000 18.509033 0.006024 
246 17.470418 0.000000 27.424470 98.728313 0.000000 17.659809 -0.005915 
247 27.518435 0.000000 27.424470 98.652014 0.000000 17.461393 -0.003712 
248 17.470418 0.000000 36.638417 98.570975 0.000000 17.920634 -0.003739 
249 -7.649622 0.000000 13.603551 98.748639 0.000000 18.362578 -0.008848 
250 -12.673630 0.000000 13.603551 98.584311 0.000000 18.378455 -0.005663 
251 -7.649622 0.000000 18.210524 98.693961 0.000000 18.277960 -0.007458 
252 -0.113610 0.000000 -2.520856 96.391400 0.000000 19.692753 0.032089 
253 -2.625614 0.000000 -2.520856 97.665301 0.000000 19.416627 0.008448 
254 -0.113610 0.000000 -4.824342 96.788066 0.000000 18.800950 0.027859 
255 12.446410 0.000000 13.603551 99.544062 0.000000 16.786705 -0.019081 
256 17.470418 0.000000 13.603551 99.316510 0.000000 16.355986 -0.013129 
257 12.446410 0.000000 18.210524 99.150637 0.000000 17.292280 -0.012987 
258 -0.113610 0.000000 6.693091 99.786047 0.000000 18.471356 -0.029845 
259 -2.625614 0.000000 6.693091 99.296860 0.000000 18.646168 -0.020755 
260 -0.113610 0.000000 8.996577 99.535506 0.000000 18.270738 -0.024114 
261 9.934406 0.000000 6.693091 101.146612 0.000000 15.574060 -0.047319 
262 12.446410 0.000000 6.693091 100.581174 0.000000 15.070194 -0.034368 
263 9.934406 0.000000 8.996577 100.414259 0.000000 16.287845 -0.034832 
264 3.654396 0.000000 3.237861 101.707747 0.000000 18.266433 -0.067813 
265 2.398394 0.000000 3.237861 101.419908 0.000000 18.589063 -0.063155 
266 3.654396 0.000000 4.389604 101.338956 0.000000 17.861264 -0.058861 
267 3.654396 0.000000 -1.369112 96.325191 0.000000 16.215675 0.045851 
268 2.398394 0.000000 -1.369112 93.761654 0.000000 16.504680 0.093635 
269 3.654396 0.000000 -2.520856 95.385653 0.000000 17.573466 0.059275 
270 8.678404 0.000000 3.237861 102.800168 0.000000 15.150817 -0.079742 
271 9.934406 0.000000 3.237861 102.031320 0.000000 14.898980 -0.063237 
272 8.678404 0.000000 4.389604 102.350267 0.000000 15.242254 -0.070790 
273 5.538399 0.000000 1.510246 104.241134 0.000000 27.218238 -0.160705 
274 4.910398 0.000000 1.510246 101.379190 0.000000 26.182491 -0.096326 
275 5.538399 0.000000 2.086117 103.693446 0.000000 20.805888 -0.118522 
276 8.050403 0.000000 1.510246 102.083101 0.000000 26.210362 -0.110794 
277 8.678404 0.000000 1.510246 100.574626 0.000000 27.893799 -0.089332 
278 8.050403 0.000000 2.086117 103.305089 0.000000 17.958524 -0.099445 
279 9.306405 0.000000 -0.793241 94.086706 0.000000 14.786779 0.092904 
280 8.678404 0.000000 -0.793241 93.820217 0.000000 14.363688 0.099145 
281 9.306405 0.000000 -1.369112 93.872291 0.000000 14.730282 0.097101 
282 8.050403 0.000000 -0.793241 93.204844 0.000000 14.054314 0.111533 
283 7.422402 0.000000 -0.793241 92.144033 0.000000 14.255423 0.130626 
284 8.050403 0.000000 -1.369112 93.215672 0.000000 14.750010 0.109328 
285 13.702412 0.000000 -1.369112 100.258594 0.000000 21.700096 -0.052268 
286 13.702412 0.000000 -2.520856 97.909767 0.000000 16.132335 0.015343 
287 14.958414 0.000000 -1.369112 97.427120 0.000000 21.760765 0.003443 
288 11.818409 0.000000 -0.793241 95.014333 0.000000 6.620553 0.092844 
289 11.818409 0.000000 -1.369112 96.788430 0.000000 11.845862 0.049168 
290 12.446410 0.000000 -0.793241 104.637545 0.000000 6.014954 -0.098520 
291 67.710499 0.000000 55.066309 98.399592 0.000000 17.962061 -0.000512 
292 87.806532 0.000000 55.066309 98.396740 0.000000 17.913087 -0.000280 
293 67.710499 0.000000 73.494202 98.370712 0.000000 18.103165 -0.000452 
294 37.566451 0.000000 27.424470 98.593038 0.000000 17.328690 -0.002087 
295 47.614467 0.000000 27.424470 98.570645 0.000000 17.206404 -0.001223 
296 37.566451 0.000000 36.638417 98.510012 0.000000 17.731120 -0.001862 
297 22.494427 0.000000 13.603551 99.086133 0.000000 16.137676 -0.007849 
298 27.518435 0.000000 13.603551 98.940429 0.000000 16.027377 -0.004609 
299 22.494427 0.000000 18.210524 98.934123 0.000000 16.811091 -0.007057 
300 14.958414 0.000000 6.693091 99.853192 0.000000 15.174013 -0.020091 
301 17.470418 0.000000 6.693091 99.287252 0.000000 15.809977 -0.010791 
302 14.958414 0.000000 8.996577 99.845585 0.000000 15.539994 -0.021063 
303 11.190408 0.000000 3.237861 100.649749 0.000000 15.675701 -0.037610 
304 12.446410 0.000000 3.237861 98.517407 0.000000 18.431974 -0.004542 
305 11.190408 0.000000 4.389604 101.228547 0.000000 14.541000 -0.045866 
306 6.794401 0.000000 -0.793241 90.520790 0.000000 15.486521 0.156615 
307 6.166400 0.000000 -0.793241 88.978475 0.000000 18.913309 0.172512 
308 6.794401 0.000000 -1.369112 92.058493 0.000000 16.239789 0.126150 
309 5.538399 0.000000 -0.793241 89.987747 0.000000 24.600968 0.129700 
310 4.910398 0.000000 -0.793241 97.111626 0.000000 27.971989 -0.021310 
311 5.538399 0.000000 -1.369112 93.055681 0.000000 20.306647 0.092828 
312 9.306405 0.000000 1.510246 98.483766 0.000000 28.688576 -0.052209 
313 9.934406 0.000000 1.510246 98.247594 0.000000 26.648189 -0.036272 
314 9.306405 0.000000 2.086117 101.158181 0.000000 20.394748 -0.064892 
315 13.702412 0.000000 3.237861 95.894145 0.000000 25.099845 0.017431 
316 14.958414 0.000000 3.237861 92.325398 0.000000 34.707773 0.027139 
317 13.702412 0.000000 4.389604 99.399036 0.000000 16.062289 -0.013817 
318 10.562407 0.000000 1.510246 98.695543 0.000000 22.603139 -0.025171 
319 11.190408 0.000000 1.510246 98.266534 0.000000 18.477915 0.000226 
320 10.562407 0.000000 2.086117 97.937090 0.000000 27.646500 -0.035600 
321 11.818409 0.000000 1.510246 95.653693 0.000000 15.958230 0.059571 
322 12.446410 0.000000 1.510246 94.469826 0.000000 13.885575 0.088264 
323 11.818409 0.000000 2.086117 93.861257 0.000000 31.331509 0.020840 
1 1 12 10 11 
2 12 7 13 10 
3 7 16 15 13 
4 16 2 17 15 
5 10 25 23 24 
6 25 13 26 23 
7 13 32 31 26 
8 32 15 33 31 
9 23 41 39 40 
10 41 26 42 39 
11 26 48 47 42 
12 48 31 49 47 
13 39 57 55 56 
14 57 42 58 55 
15 42 77 76 58 
16 77 47 78 76 
17 55 81 79 80 
18 81 58 82 79 
19 58 93 92 82 
20 93 76 94 92 
21 79 97 95 96 
22 97 82 98 95 
23 89 105 103 104 
24 105 5 106 103 
25 103 106 90 107 
26 6 110 108 109 
27 110 14 36 108 
28 108 36 19 111 
29 109 108 111 20 
30 14 114 112 113 
31 114 27 52 112 
32 112 52 35 115 
33 113 112 115 36 
34 27 118 116 117 
35 118 43 64 116 
36 116 64 51 119 
37 117 116 119 52 
38 43 122 120 121 
39 122 59 72 120 
40 120 72 63 123 
41 121 120 123 64 
42 59 126 124 125 
43 126 73 88 124 
44 124 88 71 127 
45 125 124 127 72 
46 73 130 128 129 
47 130 89 104 128 
48 128 104 87 131 
49 129 128 131 88 
50 19 38 132 133 
51 38 21 134 132 
52 132 134 9 135 
53 133 132 135 22 
54 35 54 136 137 
55 54 37 138 136 
56 136 138 21 139 
57 137 136 139 38 
58 51 66 140 141 
59 66 53 142 140 
60 140 142 37 143 
61 141 140 143 54 
62 63 75 144 145 
63 75 65 146 144 
64 144 146 53 147 
65 145 144 147 66 
66 71 91 148 149 
67 91 74 150 148 
68 148 150 65 151 
69 149 148 151 75 
70 87 107 152 153 
71 107 90 154 152 
72 152 154 74 155 
73 153 152 155 91 
74 104 158 156 157 
75 158 103 159 156 
76 156 159 107 160 
77 157 156 160 87 
78 82 162 161 98 
79 162 92 163 161 
80 5 165 164 106 
81 165 100 166 164 
82 164 166 99 167 
83 106 164 167 90 
84 18 169 168 45 
85 169 8 170 168 
86 168 170 29 171 
87 45 168 171 28 
88 34 173 172 61 
89 173 18 174 172 
90 172 174 45 175 
91 61 172 175 44 
92 50 177 176 69 
93 177 34 178 176 
94 176 178 61 179 
95 69 176 179 60 
96 181 50 182 180 
97 180 182 69 183 
98 100 189 188 166 
99 189 84 190 188 
100 188 190 101 191 
101 166 188 191 99 
102 15 193 192 33 
103 193 17 194 192 
104 192 194 8 169 
105 33 192 169 18 
106 31 196 195 49 
107 196 33 197 195 
108 195 197 18 173 
109 49 195 173 34 
110 47 199 198 78 
111 199 49 200 198 
112 198 200 34 177 
113 78 198 177 50 
114 76 202 201 94 
115 202 78 203 201 
116 201 203 50 181 
117 92 205 204 163 
118 205 94 206 204 
119 84 208 207 190 
120 207 209 184 210 
121 190 207 210 101 
122 163 213 211 212 
123 213 204 214 211 
124 211 214 185 208 
125 212 211 208 84 
126 68 216 215 186 
127 216 181 217 215 
128 215 217 180 218 
129 186 215 218 85 
130 185 220 219 209 
131 220 68 221 219 
132 219 221 186 222 
133 209 219 222 184 
134 208 225 223 224 
135 225 185 226 223 
136 223 226 209 227 
137 224 223 227 207 
138 11 230 228 229 
139 230 10 24 228 
140 228 24 14 110 
141 229 228 110 6 
142 20 111 231 232 
143 111 19 133 231 
144 231 133 22 233 
145 232 231 233 4 
146 24 236 234 235 
147 236 23 40 234 
148 234 40 27 114 
149 235 234 114 14 
150 21 46 237 134 
151 46 28 238 237 
152 237 238 30 239 
153 134 237 239 9 
154 36 115 240 241 
155 115 35 137 240 
156 240 137 38 242 
157 241 240 242 19 
158 40 245 243 244 
159 245 39 56 243 
160 243 56 43 118 
161 244 243 118 27 
162 37 62 246 138 
163 62 44 247 246 
164 246 247 46 248 
165 138 246 248 21 
166 52 119 249 250 
167 119 51 141 249 
168 249 141 54 251 
169 250 249 251 35 
170 56 254 252 253 
171 254 55 80 252 
172 252 80 59 122 
173 253 252 122 43 
174 53 70 255 142 
175 70 60 256 255 
176 255 256 62 257 
177 142 255 257 37 
178 64 123 258 259 
179 123 63 145 258 
180 258 145 66 260 
181 259 258 260 51 
182 65 86 261 146 
183 86 67 262 261 
184 261 262 70 263 
185 146 261 263 53 
186 72 127 264 265 
187 127 71 149 264 
188 264 149 75 266 
189 265 264 266 63 
190 80 269 267 268 
191 269 79 96 267 
192 267 96 73 126 
193 268 267 126 59 
194 74 102 270 150 
195 102 83 271 270 
196 270 271 86 272 
197 150 270 272 65 
198 88 131 273 274 
199 131 87 153 273 
200 273 153 91 275 
201 274 273 275 71 
202 90 167 276 154 
203 167 99 277 276 
204 276 277 102 278 
205 154 276 278 74 
206 161 281 279 280 
207 281 163 212 279 
208 279 212 84 189 
209 280 279 189 100 
210 98 284 282 283 
211 284 161 280 282 
212 282 280 100 165 
213 283 282 165 5 
214 94 286 285 206 
215 286 201 287 285 
216 285 287 181 216 
217 206 285 216 68 
218 204 289 288 214 
219 289 206 290 288 
220 288 290 68 220 
221 214 288 220 185 
222 28 171 291 238 
223 171 29 292 291 
224 291 292 3 293 
225 238 291 293 30 
226 44 175 294 247 
227 175 45 295 294 
228 294 295 28 296 
229 247 294 296 46 
230 60 179 297 256 
231 179 61 298 297 
232 297 298 44 299 
233 256 297 299 62 
234 67 183 300 262 
235 183 69 301 300 
236 300 301 60 302 
237 262 300 302 70 
238 83 187 303 271 
239 187 85 304 303 
240 303 304 67 305 
241 271 303 305 86 
242 95 308 306 307 
243 308 98 283 306 
244 306 283 5 105 
245 307 306 105 89 
246 96 311 309 310 
247 311 95 307 309 
248 309 307 89 130 
249 310 309 130 73 
250 99 191 312 277 
251 191 101 313 312 
252 312 313 83 314 
253 277 312 314 102 
254 85 218 315 304 
255 218 180 316 315 
256 315 316 183 317 
257 304 315 317 67 
258 101 210 318 313 
259 210 184 319 318 
260 318 319 187 320 
261 313 318 320 83 
262 184 222 321 319 
263 222 186 322 321 
264 321 322 85 323 
265 319 321 323 187 
