2 0.000000 100.000000 410.334720
323 265 
1 -72.961727 0.000000 -73.928940 98.902722 0.000000 14.695927 0.000228 
2 87.806532 0.000000 -73.928940 98.908096 0.000000 14.618336 0.000349 
3 87.806532 0.000000 73.494202 98.947136 0.000000 14.559765 -0.000252 
4 -72.961727 0.000000 73.494202 98.930257 0.000000 14.694928 -0.000314 
5 7.422402 0.000000 -0.217369 92.752475 0.000000 8.282060 0.132839 
6 -72.961727 0.000000 -0.217369 98.917098 0.000000 14.709765 -0.000097 
7 7.422402 0.000000 -73.928940 98.873260 0.000000 14.654109 0.000934 
8 87.806532 0.000000 -0.217369 99.160253 0.000000 12.994756 -0.000162 
9 7.422402 0.000000 73.494202 98.969700 0.000000 14.642711 -0.000941 
10 -32.769663 0.000000 -37.073155 98.868295 0.000000 14.708510 0.000872 
11 -72.961727 0.000000 -37.073155 98.904517 0.000000 14.703970 0.000169 
12 -32.769663 0.000000 -73.928940 98.887337 0.000000 14.687884 0.000556 
13 7.422402 0.000000 -37.073155 98.755245 0.000000 14.559844 0.003541 
14 -32.769663 0.000000 -0.217369 98.921888 0.000000 14.760538 -0.000341 
15 47.614467 0.000000 -37.073155 98.881927 0.000000 14.412939 0.001463 
16 47.614467 0.000000 -73.928940 98.889418 0.000000 14.620841 0.000711 
17 87.806532 0.000000 -37.073155 98.928724 0.000000 14.468438 0.000377 
18 47.614467 0.000000 -0.217369 99.103691 0.000000 13.217689 0.000375 
19 -32.769663 0.000000 36.638417 98.972834 0.000000 14.705589 -0.001188 
20 -72.961727 0.000000 36.638417 98.929321 0.000000 14.703327 -0.000320 
21 7.422402 0.000000 36.638417 99.120619 0.000000 14.523884 -0.003584 
22 -32.769663 0.000000 73.494202 98.948977 0.000000 14.684733 -0.000654 
23 -12.673630 0.000000 -18.645262 98.743131 0.000000 14.753969 0.003211 
24 -32.769663 0.000000 -18.645262 98.874965 0.000000 14.738571 0.000652 
25 -12.673630 0.000000 -37.073155 98.810447 0.000000 14.680001 0.002099 
26 7.422402 0.000000 -18.645262 98.380001 0.000000 14.304256 0.011676 
27 -12.673630 0.000000 -0.217369 98.931744 0.000000 14.953614 -0.001110 
28 47.614467 0.000000 36.638417 99.036413 0.000000 14.229034 -0.001068 
29 87.806532 0.000000 36.638417 99.019756 0.000000 14.049633 -0.000230 
30 47.614467 0.000000 73.494202 98.960628 0.000000 14.590174 -0.000608 
31 27.518435 0.000000 -18.645262 98.755270 0.000000 13.772836 0.005771 
32 27.518435 0.000000 -37.073155 98.808448 0.000000 14.431226 0.002863 
33 47.614467 0.000000 -18.645262 98.944281 0.000000 13.924169 0.001615 
34 27.518435 0.000000 -0.217369 98.405163 0.000000 17.479755 0.001088 
35 -12.673630 0.000000 18.210524 99.123046 0.000000 14.749139 -0.004292 
36 -32.769663 0.000000 18.210524 98.968331 0.000000 14.737112 -0.001191 
37 7.422402 0.000000 18.210524 99.587526 0.000000 14.208164 -0.011955 
38 -12.673630 0.000000 36.638417 99.042418 0.000000 14.670585 -0.002463 
39 -2.625614 0.000000 -9.431316 98.313177 0.000000 14.862850 0.011361 
40 -12.673630 0.000000 -9.431316 98.761115 0.000000 14.862522 0.002535 
41 -2.625614 0.000000 -18.645262 98.554842 0.000000 14.656668 0.007213 
42 7.422402 0.000000 -9.431316 97.528826 0.000000 13.842469 0.029651 
43 -2.625614 0.000000 -0.217369 98.913034 0.000000 15.875228 -0.003581 
44 27.518435 0.000000 18.210524 99.306009 0.000000 13.417094 -0.004170 
45 47.614467 0.000000 18.210524 99.183583 0.000000 13.146988 -0.001023 
46 27.518435 0.000000 36.638417 99.090496 0.000000 14.334925 -0.002442 
47 17.470418 0.000000 -9.431316 98.214042 0.000000 12.734761 0.019183 
48 17.470418 0.000000 -18.645262 98.508453 0.000000 13.883671 0.010333 
49 27.518435 0.000000 -9.431316 98.850370 0.000000 12.844878 0.006361 
50 17.470418 0.000000 -0.217369 97.257731 0.000000 23.941540 -0.003226 
51 -2.625614 0.000000 8.996577 99.625921 0.000000 14.862516 -0.014622 
52 -12.673630 0.000000 8.996577 99.106788 0.000000 14.863208 -0.004307 
53 7.422402 0.000000 8.996577 100.638340 0.000000 13.633387 -0.031394 
54 -2.625614 0.000000 18.210524 99.350290 0.000000 14.636398 -0.008470 
55 2.398394 0.000000 -4.824342 97.146104 0.000000 14.660128 0.034772 
56 -2.625614 0.000000 -4.824342 98.232424 0.000000 15.245474 0.011797 
57 2.398394 0.000000 -9.431316 97.863219 0.000000 14.531114 0.021164 
58 7.422402 0.000000 -4.824342 96.213507 0.000000 13.291325 0.056630 
59 2.398394 0.000000 -0.217369 98.310436 0.000000 21.594650 -0.013127 
60 17.470418 0.000000 8.996577 99.911186 0.000000 12.392356 -0.013582 
61 27.518435 0.000000 8.996577 99.345863 0.000000 12.709470 -0.003113 
62 17.470418 0.000000 18.210524 99.509440 0.000000 13.677822 -0.008921 
63 2.398394 0.000000 4.389604 101.060233 0.000000 14.824994 -0.043295 
64 -2.625614 0.000000 4.389604 99.689214 0.000000 15.294024 -0.017185 
65 7.422402 0.000000 4.389604 102.313477 0.000000 12.931732 -0.063528 
66 2.398394 0.000000 8.996577 100.187284 0.000000 14.480175 -0.024717 
67 12.446410 0.000000 4.389604 100.707614 0.000000 11.739652 -0.027984 
68 12.446410 0.000000 -0.217369 79.614912 0.000000 -25.483429 0.301206 
69 17.470418 0.000000 4.389604 98.139067 0.000000 17.514848 0.006195 
70 12.446410 0.000000 8.996577 100.467008 0.000000 12.703463 -0.025500 
71 4.910398 0.000000 2.086117 102.302444 0.000000 17.313378 -0.076554 
72 2.398394 0.000000 2.086117 101.627161 0.000000 15.682226 -0.057401 
73 4.910398 0.000000 -0.217369 83.731633 0.000000 46.712899 0.080692 
74 7.422402 0.000000 2.086117 104.134085 0.000000 13.197706 -0.101809 
75 4.910398 0.000000 4.389604 101.690580 0.000000 14.179290 -0.054203 
76 12.446410 0.000000 -4.824342 97.086932 0.000000 11.822702 0.043435 
77 12.446410 0.000000 -9.431316 97.689296 0.000000 13.070108 0.028597 
78 17.470418 0.000000 -4.824342 98.246933 0.000000 12.275131 0.019686 
79 4.910398 0.000000 -2.520856 96.217320 0.000000 14.850906 0.052168 
80 2.398394 0.000000 -2.520856 96.329845 0.000000 14.776567 0.050221 
81 4.910398 0.000000 -4.824342 96.676167 0.000000 14.145203 0.045363 
82 7.422402 0.000000 -2.520856 94.876740 0.000000 12.914847 0.083161 
83 9.934406 0.000000 2.086117 101.595567 0.000000 14.014917 -0.051808 
84 9.934406 0.000000 -0.217369 97.073175 0.000000 -2.333733 0.057135 
85 12.446410 0.000000 2.086117 93.248143 0.000000 28.283795 0.050481 
86 9.934406 0.000000 4.389604 101.986531 0.000000 11.788121 -0.054021 
87 6.166400 0.000000 0.934374 112.714277 0.000000 24.854530 -0.332226 
88 4.910398 0.000000 0.934374 98.283111 0.000000 33.169555 -0.075979 
89 6.166400 0.000000 -0.217369 83.143499 0.000000 15.876735 0.283509 
90 7.422402 0.000000 0.934374 96.707081 0.000000 -2.317414 0.064237 
91 6.166400 0.000000 2.086117 104.586392 0.000000 15.673260 -0.118396 
92 9.934406 0.000000 -2.520856 95.420200 0.000000 11.317827 0.076689 
93 9.934406 0.000000 -4.824342 96.304279 0.000000 12.282148 0.057463 
94 12.446410 0.000000 -2.520856 97.963398 0.000000 11.358117 0.027417 
95 6.166400 0.000000 -1.369112 93.019468 0.000000 15.521281 0.110647 
96 4.910398 0.000000 -1.369112 96.828518 0.000000 18.529126 0.028091 
97 6.166400 0.000000 -2.520856 95.167219 0.000000 14.106238 0.074421 
98 7.422402 0.000000 -1.369112 93.802971 0.000000 12.550217 0.104349 
99 8.678404 0.000000 0.934374 95.849332 0.000000 -2.527609 0.080652 
100 8.678404 0.000000 -0.217369 95.849332 0.000000 -2.527609 0.080652 
101 9.934406 0.000000 0.934374 99.434665 0.000000 18.817165 -0.024134 
102 8.678404 0.000000 2.086117 102.946866 0.000000 12.663045 -0.075841 
103 6.794401 0.000000 0.358503 97.413416 0.000000 -1.934488 0.050688 
104 6.166400 0.000000 0.358503 98.558340 0.000000 10.107845 0.018409 
105 6.794401 0.000000 -0.217369 89.267344 0.000000 9.719268 0.193688 
106 7.422402 0.000000 0.358503 96.604962 0.000000 -2.321344 0.066209 
107 6.794401 0.000000 0.934374 107.318383 0.000000 18.353078 -0.185407 
108 -52.865695 0.000000 18.210524 98.934984 0.000000 14.717744 -0.000474 
109 -72.961727 0.000000 18.210524 98.924575 0.000000 14.707768 -0.000239 
110 -52.865695 0.000000 -0.217369 98.918511 0.000000 14.723450 -0.000165 
111 -52.865695 0.000000 36.638417 98.942245 0.000000 14.706681 -0.000585 
112 -22.721646 0.000000 8.996577 98.987103 0.000000 14.792000 -0.001725 
113 -32.769663 0.000000 8.996577 98.950160 0.000000 14.753622 -0.000880 
114 -22.721646 0.000000 -0.217369 98.925233 0.000000 14.812677 -0.000562 
115 -22.721646 0.000000 18.210524 99.015048 0.000000 14.751171 -0.002158 
116 -7.649622 0.000000 4.389604 99.183012 0.000000 15.067325 -0.006429 
117 -12.673630 0.000000 4.389604 99.039983 0.000000 14.926365 -0.003171 
118 -7.649622 0.000000 -0.217369 98.934762 0.000000 15.157457 -0.001784 
119 -7.649622 0.000000 8.996577 99.273330 0.000000 14.907125 -0.007742 
120 -0.113610 0.000000 2.086117 100.398542 0.000000 16.155216 -0.034086 
121 -2.625614 0.000000 2.086117 99.491986 0.000000 15.706192 -0.014534 
122 -0.113610 0.000000 -0.217369 99.172060 0.000000 17.268927 -0.013331 
123 -0.113610 0.000000 4.389604 100.322355 0.000000 15.258737 -0.029740 
124 3.654396 0.000000 0.934374 97.810158 0.000000 21.113940 -0.001263 
125 2.398394 0.000000 0.934374 101.831927 0.000000 17.657414 -0.068153 
126 3.654396 0.000000 -0.217369 96.945027 0.000000 8.975186 0.052111 
127 3.654396 0.000000 2.086117 101.203133 0.000000 16.100939 -0.050131 
128 5.538399 0.000000 0.358503 89.366081 0.000000 41.637864 0.027999 
129 4.910398 0.000000 0.358503 90.403736 0.000000 44.997440 -0.019761 
130 5.538399 0.000000 -0.217369 83.892683 0.000000 49.285092 0.053300 
131 5.538399 0.000000 0.934374 106.556149 0.000000 35.311166 -0.260109 
132 -12.673630 0.000000 55.066309 98.988967 0.000000 14.664012 -0.001385 
133 -32.769663 0.000000 55.066309 98.960893 0.000000 14.690063 -0.000906 
134 7.422402 0.000000 55.066309 99.010570 0.000000 14.608711 -0.001651 
135 -12.673630 0.000000 73.494202 98.961508 0.000000 14.668590 -0.000855 
136 -2.625614 0.000000 27.424470 99.181733 0.000000 14.603493 -0.005028 
137 -12.673630 0.000000 27.424470 99.082962 0.000000 14.692107 -0.003329 
138 7.422402 0.000000 27.424470 99.258674 0.000000 14.424555 -0.006035 
139 -2.625614 0.000000 36.638417 99.088766 0.000000 14.614390 -0.003216 
140 2.398394 0.000000 13.603551 99.742508 0.000000 14.445354 -0.015724 
141 -2.625614 0.000000 13.603551 99.477317 0.000000 14.701272 -0.011186 
142 7.422402 0.000000 13.603551 99.939697 0.000000 14.002309 -0.018401 
143 2.398394 0.000000 18.210524 99.489587 0.000000 14.467099 -0.010747 
144 4.910398 0.000000 6.693091 100.960552 0.000000 14.046643 -0.039034 
145 2.398394 0.000000 6.693091 100.527692 0.000000 14.572677 -0.031818 
146 7.422402 0.000000 6.693091 101.267103 0.000000 13.337222 -0.043291 
147 4.910398 0.000000 8.996577 100.451544 0.000000 14.117212 -0.028981 
148 6.166400 0.000000 3.237861 102.921690 0.000000 13.981008 -0.078834 
149 4.910398 0.000000 3.237861 102.157446 0.000000 14.745375 -0.065357 
150 7.422402 0.000000 3.237861 103.070403 0.000000 12.805685 -0.078749 
151 6.166400 0.000000 4.389604 102.077821 0.000000 13.644092 -0.060604 
152 6.794401 0.000000 1.510246 106.010711 0.000000 16.460429 -0.150922 
153 6.166400 0.000000 1.510246 106.755569 0.000000 19.231279 -0.176659 
154 7.422402 0.000000 1.510246 104.504882 0.000000 15.761196 -0.116969 
155 6.794401 0.000000 2.086117 104.643348 0.000000 14.148820 -0.115042 
156 6.480401 0.000000 0.646438 98.234180 0.000000 -0.152986 0.035002 
157 6.166400 0.000000 0.646438 98.922098 0.000000 8.354773 0.014462 
158 6.480401 0.000000 0.358503 98.272089 0.000000 -0.410238 0.034243 
159 6.794401 0.000000 0.646438 97.486837 0.000000 -1.863424 0.049284 
160 6.480401 0.000000 0.934374 110.431943 0.000000 20.127981 -0.260035 
161 8.678404 0.000000 -1.369112 94.720827 0.000000 11.905147 0.088623 
162 8.678404 0.000000 -2.520856 95.128209 0.000000 12.016399 0.080623 
163 9.934406 0.000000 -1.369112 95.020129 0.000000 11.771166 0.083261 
164 8.050403 0.000000 0.358503 95.922406 0.000000 -2.475135 0.079277 
165 8.050403 0.000000 -0.217369 95.787207 0.000000 -2.472661 0.081870 
166 8.678404 0.000000 0.358503 96.033205 0.000000 -2.526046 0.077124 
167 8.050403 0.000000 0.934374 95.787207 0.000000 -2.472661 0.081870 
168 67.710499 0.000000 18.210524 99.195070 0.000000 12.870847 -0.000532 
169 67.710499 0.000000 -0.217369 99.185750 0.000000 12.781858 -0.000119 
170 87.806532 0.000000 18.210524 99.186464 0.000000 12.882480 -0.000391 
171 67.710499 0.000000 36.638417 99.016989 0.000000 14.147988 -0.000453 
172 37.566451 0.000000 8.996577 99.087065 0.000000 13.770286 -0.000787 
173 37.566451 0.000000 -0.217369 98.909022 0.000000 14.338722 0.001141 
174 47.614467 0.000000 8.996577 97.888594 0.000000 21.676890 -0.005206 
175 37.566451 0.000000 18.210524 99.209080 0.000000 13.273807 -0.001864 
176 22.494427 0.000000 4.389604 96.168604 0.000000 28.838536 -0.008006 
177 22.494427 0.000000 -0.217369 98.212808 0.000000 19.946891 -0.004363 
178 27.518435 0.000000 4.389604 96.653730 0.000000 29.875519 -0.023449 
179 22.494427 0.000000 8.996577 99.533712 0.000000 12.475152 -0.006259 
180 14.958414 0.000000 2.086117 95.230076 0.000000 26.993637 0.020258 
181 14.958414 0.000000 -0.217369 95.806499 0.000000 29.024162 -0.002129 
182 17.470418 0.000000 2.086117 95.845611 0.000000 31.208843 -0.016037 
183 14.958414 0.000000 4.389604 99.514035 0.000000 13.330368 -0.008074 
184 11.190408 0.000000 0.934374 100.411224 0.000000 10.999909 -0.020341 
185 11.190408 0.000000 -0.217369 86.984266 0.000000 2.476073 0.242761 
186 12.446410 0.000000 0.934374 100.765705 0.000000 -17.769337 -0.046948 
187 11.190408 0.000000 2.086117 99.221722 0.000000 17.804575 -0.016195 
188 9.306405 0.000000 0.358503 97.071941 0.000000 -2.508389 0.057075 
189 9.306405 0.000000 -0.217369 97.099242 0.000000 -2.510217 0.056544 
190 9.934406 0.000000 0.358503 97.078638 0.000000 -2.333186 0.057029 
191 9.306405 0.000000 0.934374 97.099242 0.000000 -2.510217 0.056544 
192 67.710499 0.000000 -18.645262 98.976264 0.000000 14.066504 0.000583 
193 67.710499 0.000000 -37.073155 98.916329 0.000000 14.439186 0.000707 
194 87.806532 0.000000 -18.645262 98.976744 0.000000 14.173454 0.000272 
195 37.566451 0.000000 -9.431316 99.022704 0.000000 13.073660 0.002358 
196 37.566451 0.000000 -18.645262 98.892405 0.000000 13.843448 0.002865 
197 47.614467 0.000000 -9.431316 99.062784 0.000000 13.263479 0.001064 
198 22.494427 0.000000 -4.824342 98.748634 0.000000 12.474010 0.009311 
199 22.494427 0.000000 -9.431316 98.624681 0.000000 12.739597 0.011088 
200 27.518435 0.000000 -4.824342 98.961015 0.000000 12.573281 0.004863 
201 14.958414 0.000000 -2.520856 98.265016 0.000000 13.759327 0.015467 
202 14.958414 0.000000 -4.824342 97.824012 0.000000 12.055683 0.028512 
203 17.470418 0.000000 -2.520856 98.327531 0.000000 13.908836 0.013824 
204 11.190408 0.000000 -1.369112 95.530171 0.000000 9.986982 0.077425 
205 11.190408 0.000000 -2.520856 96.378075 0.000000 10.854117 0.059345 
206 12.446410 0.000000 -1.369112 100.774937 0.000000 9.904634 -0.025369 
207 10.562407 0.000000 0.358503 96.020623 0.000000 -1.697725 0.077716 
208 10.562407 0.000000 -0.217369 92.460979 0.000000 8.048716 0.138619 
209 11.190408 0.000000 0.358503 92.127012 0.000000 -7.483731 0.145661 
210 10.562407 0.000000 0.934374 100.395705 0.000000 16.297071 -0.034489 
211 10.562407 0.000000 -0.793241 94.026859 0.000000 11.323412 0.103073 
212 9.934406 0.000000 -0.793241 94.867661 0.000000 12.134218 0.085289 
213 10.562407 0.000000 -1.369112 95.041272 0.000000 11.214753 0.084139 
214 11.190408 0.000000 -0.793241 93.269031 0.000000 8.558847 0.122763 
215 13.702412 0.000000 0.934374 90.640977 0.000000 32.715662 0.071390 
216 13.702412 0.000000 -0.217369 94.035732 0.000000 39.908539 -0.043541 
217 14.958414 0.000000 0.934374 93.259726 0.000000 39.141452 -0.022943 
218 13.702412 0.000000 2.086117 93.228386 0.000000 29.635122 0.043023 
219 11.818409 0.000000 0.358503 80.365365 0.000000 -27.251531 0.279876 
220 11.818409 0.000000 -0.217369 76.619179 0.000000 -30.371437 0.320708 
221 12.446410 0.000000 0.358503 73.736948 0.000000 1.105080 0.456164 
222 11.818409 0.000000 0.934374 95.067630 0.000000 5.656987 0.093014 
223 10.876408 0.000000 0.070567 95.069769 0.000000 -1.904140 0.095811 
224 10.562407 0.000000 0.070567 96.071336 0.000000 -1.731577 0.076730 
225 10.876408 0.000000 -0.217369 89.918032 0.000000 6.450999 0.187313 
226 11.190408 0.000000 0.070567 90.983559 0.000000 -10.032131 0.162135 
227 10.876408 0.000000 0.358503 94.968999 0.000000 -1.412550 0.097889 
228 -52.865695 0.000000 -18.645262 98.901834 0.000000 14.718391 0.000180 
229 -72.961727 0.000000 -18.645262 98.909531 0.000000 14.708105 0.000058 
230 -52.865695 0.000000 -37.073155 98.893941 0.000000 14.707924 0.000367 
231 -52.865695 0.000000 55.066309 98.941639 0.000000 14.697610 -0.000547 
232 -72.961727 0.000000 55.066309 98.930859 0.000000 14.698622 -0.000336 
233 -52.865695 0.000000 73.494202 98.937975 0.000000 14.692220 -0.000458 
234 -22.721646 0.000000 -9.431316 98.863655 0.000000 14.792652 0.000716 
235 -32.769663 0.000000 -9.431316 98.893536 0.000000 14.754256 0.000238 
236 -22.721646 0.000000 -18.645262 98.835298 0.000000 14.753650 0.001391 
237 27.518435 0.000000 55.066309 99.005201 0.000000 14.543685 -0.001355 
238 47.614467 0.000000 55.066309 98.985554 0.000000 14.497310 -0.000831 
239 27.518435 0.000000 73.494202 98.968442 0.000000 14.613763 -0.000831 
240 -22.721646 0.000000 27.424470 99.014257 0.000000 14.717382 -0.002042 
241 -32.769663 0.000000 27.424470 98.974541 0.000000 14.719799 -0.001263 
242 -22.721646 0.000000 36.638417 99.001568 0.000000 14.696097 -0.001729 
243 -7.649622 0.000000 -4.824342 98.696603 0.000000 15.057594 0.003225 
244 -12.673630 0.000000 -4.824342 98.825324 0.000000 14.924382 0.001082 
245 -7.649622 0.000000 -9.431316 98.615203 0.000000 14.903671 0.005292 
246 17.470418 0.000000 27.424470 99.243674 0.000000 14.208531 -0.005119 
247 27.518435 0.000000 27.424470 99.173269 0.000000 14.052450 -0.003281 
248 17.470418 0.000000 36.638417 99.118141 0.000000 14.420397 -0.003235 
249 -7.649622 0.000000 13.603551 99.262416 0.000000 14.787934 -0.007171 
250 -12.673630 0.000000 13.603551 99.128695 0.000000 14.798630 -0.004550 
251 -7.649622 0.000000 18.210524 99.219772 0.000000 14.716957 -0.006115 
252 -0.113610 0.000000 -2.520856 97.409320 0.000000 15.870899 0.025954 
253 -2.625614 0.000000 -2.520856 98.373812 0.000000 15.634954 0.007814 
254 -0.113610 0.000000 -4.824342 97.671121 0.000000 15.162230 0.023046 
255 12.446410 0.000000 13.603551 99.921088 0.000000 13.502024 -0.016653 
256 17.470418 0.000000 13.603551 99.721421 0.000000 13.143911 -0.011712 
257 12.446410 0.000000 18.210524 99.594132 0.000000 13.909607 -0.011247 
258 -0.113610 0.000000 6.693091 100.085011 0.000000 14.906450 -0.023921 
259 -2.625614 0.000000 6.693091 99.694404 0.000000 15.033396 -0.016498 
260 -0.113610 0.000000 8.996577 99.896305 0.000000 14.732156 -0.019631 
261 9.934406 0.000000 6.693091 101.282200 0.000000 12.549166 -0.041557 
262 12.446410 0.000000 6.693091 100.828933 0.000000 12.096356 -0.031280 
263 9.934406 0.000000 8.996577 100.649479 0.000000 13.122199 -0.030251 
264 3.654396 0.000000 3.237861 101.591651 0.000000 14.933251 -0.054387 
265 2.398394 0.000000 3.237861 101.327127 0.000000 15.110094 -0.049550 
266 3.654396 0.000000 4.389604 101.326015 0.000000 14.514955 -0.047765 
267 3.654396 0.000000 -1.369112 97.628563 0.000000 14.054266 0.027114 
268 2.398394 0.000000 -1.369112 95.437388 0.000000 14.209878 0.068978 
269 3.654396 0.000000 -2.520856 96.621731 0.000000 14.533650 0.045301 
270 8.678404 0.000000 3.237861 102.755261 0.000000 11.958926 -0.070166 
271 9.934406 0.000000 3.237861 102.206649 0.000000 11.508931 -0.057865 
272 8.678404 0.000000 4.389604 102.308391 0.000000 12.262282 -0.061737 
273 5.538399 0.000000 1.510246 104.641231 0.000000 22.052430 -0.143610 
274 4.910398 0.000000 1.510246 101.596710 0.000000 21.747556 -0.079485 
275 5.538399 0.000000 2.086117 103.648986 0.000000 17.051801 -0.103388 
276 8.050403 0.000000 1.510246 103.434505 0.000000 16.149936 -0.095952 
277 8.678404 0.000000 1.510246 102.367009 0.000000 17.032889 -0.076912 
278 8.050403 0.000000 2.086117 103.547523 0.000000 12.745136 -0.088453 
279 9.306405 0.000000 -0.793241 95.110777 0.000000 11.978523 0.081046 
280 8.678404 0.000000 -0.793241 94.861700 0.000000 11.630231 0.086600 
281 9.306405 0.000000 -1.369112 94.949464 0.000000 11.903138 0.084291 
282 8.050403 0.000000 -0.793241 94.257971 0.000000 11.447664 0.098439 
283 7.422402 0.000000 -0.793241 93.212364 0.000000 11.761765 0.117312 
284 8.050403 0.000000 -1.369112 94.351709 0.000000 12.013662 0.095343 
285 13.702412 0.000000 -1.369112 100.716878 0.000000 17.867358 -0.046313 
286 13.702412 0.000000 -2.520856 98.554502 0.000000 12.995656 0.011812 
287 14.958414 0.000000 -1.369112 98.171074 0.000000 18.058472 0.003633 
288 11.818409 0.000000 -0.793241 95.659508 0.000000 3.795638 0.083485 
289 11.818409 0.000000 -1.369112 97.435845 0.000000 8.904747 0.042696 
290 12.446410 0.000000 -0.793241 104.685240 0.000000 3.148139 -0.096891 
291 67.710499 0.000000 55.066309 98.971214 0.000000 14.465915 -0.000456 
292 87.806532 0.000000 55.066309 98.965107 0.000000 14.437112 -0.000252 
293 67.710499 0.000000 73.494202 98.952557 0.000000 14.573243 -0.000399 
294 37.566451 0.000000 27.424470 99.117102 0.000000 13.958550 -0.001904 
295 47.614467 0.000000 27.424470 99.087135 0.000000 13.882686 -0.001099 
296 37.566451 0.000000 36.638417 99.059535 0.000000 14.274400 -0.001655 
297 22.494427 0.000000 13.603551 99.514604 0.000000 12.969068 -0.007135 
298 27.518435 0.000000 13.603551 99.379184 0.000000 12.886631 -0.004229 
299 22.494427 0.000000 18.210524 99.398505 0.000000 13.521204 -0.006289 
300 14.958414 0.000000 6.693091 100.257090 0.000000 12.091585 -0.019769 
301 17.470418 0.000000 6.693091 99.809711 0.000000 12.396315 -0.011565 
302 14.958414 0.000000 8.996577 100.182953 0.000000 12.469094 -0.019210 
303 11.190408 0.000000 3.237861 101.221873 0.000000 11.696390 -0.038267 
304 12.446410 0.000000 3.237861 99.818185 0.000000 12.917055 -0.013052 
305 11.190408 0.000000 4.389604 101.448828 0.000000 11.525789 -0.042471 
306 6.794401 0.000000 -0.793241 91.549515 0.000000 13.109012 0.144684 
307 6.166400 0.000000 -0.793241 89.916903 0.000000 16.708362 0.163578 
308 6.794401 0.000000 -1.369112 93.188690 0.000000 13.607484 0.113070 
309 5.538399 0.000000 -0.793241 90.827566 0.000000 22.679847 0.123598 
310 4.910398 0.000000 -0.793241 97.926002 0.000000 26.484632 -0.029094 
311 5.538399 0.000000 -1.369112 94.121437 0.000000 17.834874 0.082307 
312 9.306405 0.000000 1.510246 100.518753 0.000000 19.511747 -0.048473 
313 9.934406 0.000000 1.510246 99.010632 0.000000 23.452334 -0.035312 
314 9.306405 0.000000 2.086117 102.297002 0.000000 13.040673 -0.063474 
315 13.702412 0.000000 3.237861 98.474873 0.000000 15.784683 0.005354 
316 14.958414 0.000000 3.237861 96.679975 0.000000 21.107567 0.020745 
317 13.702412 0.000000 4.389604 100.099015 0.000000 12.377862 -0.017302 
318 10.562407 0.000000 1.510246 97.983077 0.000000 25.894786 -0.027122 
319 11.190408 0.000000 1.510246 97.030613 0.000000 24.416315 -0.001110 
320 10.562407 0.000000 2.086117 100.749222 0.000000 15.428264 -0.038844 
321 11.818409 0.000000 1.510246 94.963218 0.000000 21.341980 0.052651 
322 12.446410 0.000000 1.510246 92.594152 0.000000 21.074191 0.098220 
323 11.818409 0.000000 2.086117 96.639707 0.000000 21.916090 0.018045 
1 1 12 10 11 
2 12 7 13 10 
3 7 16 15 13 
4 16 2 17 15 
5 10 25 23 24 
6 25 13 26 23 
7 13 32 31 26 
8 32 15 33 31 
9 23 41 39 40 
10 41 26 42 39 
11 26 48 47 42 
12 48 31 49 47 
13 39 57 55 56 
14 57 42 58 55 
15 42 77 76 58 
16 77 47 78 76 
17 55 81 79 80 
18 81 58 82 79 
19 58 93 92 82 
20 93 76 94 92 
21 79 97 95 96 
22 97 82 98 95 
23 89 105 103 104 
24 105 5 106 103 
25 103 106 90 107 
26 6 110 108 109 
27 110 14 36 108 
28 108 36 19 111 
29 109 108 111 20 
30 14 114 112 113 
31 114 27 52 112 
32 112 52 35 115 
33 113 112 115 36 
34 27 118 116 117 
35 118 43 64 116 
36 116 64 51 119 
37 117 116 119 52 
38 43 122 120 121 
39 122 59 72 120 
40 120 72 63 123 
41 121 120 123 64 
42 59 126 124 125 
43 126 73 88 124 
44 124 88 71 127 
45 125 124 127 72 
46 73 130 128 129 
47 130 89 104 128 
48 128 104 87 131 
49 129 128 131 88 
50 19 38 132 133 
51 38 21 134 132 
52 132 134 9 135 
53 133 132 135 22 
54 35 54 136 137 
55 54 37 138 136 
56 136 138 21 139 
57 137 136 139 38 
58 51 66 140 141 
59 66 53 142 140 
60 140 142 37 143 
61 141 140 143 54 
62 63 75 144 145 
63 75 65 146 144 
64 144 146 53 147 
65 145 144 147 66 
66 71 91 148 149 
67 91 74 150 148 
68 148 150 65 151 
69 149 148 151 75 
70 87 107 152 153 
71 107 90 154 152 
72 152 154 74 155 
73 153 152 155 91 
74 104 158 156 157 
75 158 103 159 156 
76 156 159 107 160 
77 157 156 160 87 
78 82 162 161 98 
79 162 92 163 161 
80 5 165 164 106 
81 165 100 166 164 
82 164 166 99 167 
83 106 164 167 90 
84 18 169 168 45 
85 169 8 170 168 
86 168 170 29 171 
87 45 168 171 28 
88 34 173 172 61 
89 173 18 174 172 
90 172 174 45 175 
91 61 172 175 44 
92 50 177 176 69 
93 177 34 178 176 
94 176 178 61 179 
95 69 176 179 60 
96 181 50 182 180 
97 180 182 69 183 
98 100 189 188 166 
99 189 84 190 188 
100 188 190 101 191 
101 166 188 191 99 
102 15 193 192 33 
103 193 17 194 192 
104 192 194 8 169 
105 33 192 169 18 
106 31 196 195 49 
107 196 33 197 195 
108 195 197 18 173 
109 49 195 173 34 
110 47 199 198 78 
111 199 49 200 198 
112 198 200 34 177 
113 78 198 177 50 
114 76 202 201 94 
115 202 78 203 201 
116 201 203 50 181 
117 92 205 204 163 
118 205 94 206 204 
119 84 208 207 190 
120 207 209 184 210 
121 190 207 210 101 
122 163 213 211 212 
123 213 204 214 211 
124 211 214 185 208 
125 212 211 208 84 
126 68 216 215 186 
127 216 181 217 215 
128 215 217 180 218 
129 186 215 218 85 
130 185 220 219 209 
131 220 68 221 219 
132 219 221 186 222 
133 209 219 222 184 
134 208 225 223 224 
135 225 185 226 223 
136 223 226 209 227 
137 224 223 227 207 
138 11 230 228 229 
139 230 10 24 228 
140 228 24 14 110 
141 229 228 110 6 
142 20 111 231 232 
143 111 19 133 231 
144 231 133 22 233 
145 232 231 233 4 
146 24 236 234 235 
147 236 23 40 234 
148 234 40 27 114 
149 235 234 114 14 
150 21 46 237 134 
151 46 28 238 237 
152 237 238 30 239 
153 134 237 239 9 
154 36 115 240 241 
155 115 35 137 240 
156 240 137 38 242 
157 241 240 242 19 
158 40 245 243 244 
159 245 39 56 243 
160 243 56 43 118 
161 244 243 118 27 
162 37 62 246 138 
163 62 44 247 246 
164 246 247 46 248 
165 138 246 248 21 
166 52 119 249 250 
167 119 51 141 249 
168 249 141 54 251 
169 250 249 251 35 
170 56 254 252 253 
171 254 55 80 252 
172 252 80 59 122 
173 253 252 122 43 
174 53 70 255 142 
175 70 60 256 255 
176 255 256 62 257 
177 142 255 257 37 
178 64 123 258 259 
179 123 63 145 258 
180 258 145 66 260 
181 259 258 260 51 
182 65 86 261 146 
183 86 67 262 261 
184 261 262 70 263 
185 146 261 263 53 
186 72 127 264 265 
187 127 71 149 264 
188 264 149 75 266 
189 265 264 266 63 
190 80 269 267 268 
191 269 79 96 267 
192 267 96 73 126 
193 268 267 126 59 
194 74 102 270 150 
195 102 83 271 270 
196 270 271 86 272 
197 150 270 272 65 
198 88 131 273 274 
199 131 87 153 273 
200 273 153 91 275 
201 274 273 275 71 
202 90 167 276 154 
203 167 99 277 276 
204 276 277 102 278 
205 154 276 278 74 
206 161 281 279 280 
207 281 163 212 279 
208 279 212 84 189 
209 280 279 189 100 
210 98 284 282 283 
211 284 161 280 282 
212 282 280 100 165 
213 283 282 165 5 
214 94 286 285 206 
215 286 201 287 285 
216 285 287 181 216 
217 206 285 216 68 
218 204 289 288 214 
219 289 206 290 288 
220 288 290 68 220 
221 214 288 220 185 
222 28 171 291 238 
223 171 29 292 291 
224 291 292 3 293 
225 238 291 293 30 
226 44 175 294 247 
227 175 45 295 294 
228 294 295 28 296 
229 247 294 296 46 
230 60 179 297 256 
231 179 61 298 297 
232 297 298 44 299 
233 256 297 299 62 
234 67 183 300 262 
235 183 69 301 300 
236 300 301 60 302 
237 262 300 302 70 
238 83 187 303 271 
239 187 85 304 303 
240 303 304 67 305 
241 271 303 305 86 
242 95 308 306 307 
243 308 98 283 306 
244 306 283 5 105 
245 307 306 105 89 
246 96 311 309 310 
247 311 95 307 309 
248 309 307 89 130 
249 310 309 130 73 
250 99 191 312 277 
251 191 101 313 312 
252 312 313 83 314 
253 277 312 314 102 
254 85 218 315 304 
255 218 180 316 315 
256 315 316 183 317 
257 304 315 317 67 
258 101 210 318 313 
259 210 184 319 318 
260 318 319 187 320 
261 313 318 320 83 
262 184 222 321 319 
263 222 186 322 321 
264 321 322 85 323 
265 319 321 323 187 
